13 0.6315104166666666 0.2590277777777778 0.0546875 0.030555555555555555
11 0.3917100694444444 0.28055555555555556 0.07335069444444445 0.09097222222222222
3 0.5926649305555556 0.6708333333333333 0.40234375 0.07291666666666667
11 0.3572048611111111 0.26458333333333334 0.1753472222222222 0.06180555555555556
13 0.3604600694444444 0.28402777777777777 0.023003472222222224 0.07083333333333333
0 0.6017795138888888 0.3958333333333333 0.09678819444444445 0.07013888888888889
5 0.8550347222222222 0.6085069444444444 0.10677083333333333 0.23854166666666668
5 0.318359375 0.6529513888888889 0.1723090277777778 0.0920138888888889
0 0.5896267361111112 0.3996527777777778 0.1072048611111111 0.09027777777777778
11 0.3986545138888889 0.2359375 0.1115451388888889 0.03159722222222222
13 0.3917100694444444 0.28055555555555556 0.07335069444444445 0.09097222222222222
