11 0.1299009900990099 0.5372807017543859 0.05861386138613861 0.0689792663476874
0 0.5815841584158415 0.2647527910685805 0.18099009900990098 0.1594896331738437
11 0.1506930693069307 0.5173444976076556 0.13584158415841585 0.07854864433811802
13 0.8188118811881188 0.46750398724082937 0.10732673267326732 0.04665071770334928
10 0.8148514851485148 0.48584529505582136 0.14376237623762375 0.09210526315789473
10 0.1506930693069307 0.5173444976076556 0.13584158415841585 0.07854864433811802
11 0.8057425742574258 0.4605263157894737 0.18574257425742574 0.10845295055821372
9 0.4902970297029703 0.2286682615629984 0.08633663366336633 0.21650717703349281
0 0.501980198019802 0.2703349282296651 0.31564356435643565 0.16028708133971292
7 0.8148514851485148 0.48584529505582136 0.14376237623762375 0.09210526315789473
10 0.1299009900990099 0.5372807017543859 0.05861386138613861 0.0689792663476874
7 0.8188118811881188 0.46750398724082937 0.10732673267326732 0.04665071770334928
10 0.8586138613861386 0.4866427432216906 0.0902970297029703 0.08652312599681021
3 0.5407920792079208 0.47707336523126 0.43366336633663366 0.11443381180223286
13 0.2871287128712871 0.48843700159489634 0.07603960396039604 0.03189792663476874
11 0.8586138613861386 0.4866427432216906 0.0902970297029703 0.08652312599681021
0 0.5984158415841584 0.2625598086124402 0.1299009900990099 0.1519138755980861
