0 0.5177951388888888 0.2864583333333333 0.1467013888888889 0.1
6 0.2055121527777778 0.23836805555555557 0.13758680555555555 0.08854166666666667
13 0.6859809027777778 0.2751736111111111 0.2209201388888889 0.21909722222222222
11 0.7278645833333334 0.1918402777777778 0.11458333333333333 0.09409722222222222
13 0.6805555555555556 0.3090277777777778 0.2265625 0.20625
13 0.24934895833333334 0.27361111111111114 0.1410590277777778 0.13472222222222222
13 0.2580295138888889 0.2921875 0.2417534722222222 0.20034722222222223
11 0.2575954861111111 0.16805555555555557 0.10026041666666667 0.059722222222222225
13 0.3120659722222222 0.18211805555555555 0.0390625 0.016319444444444445
13 0.2055121527777778 0.23836805555555557 0.13758680555555555 0.08854166666666667
13 0.673828125 0.2939236111111111 0.19140625 0.19409722222222223
