8 0.7944111776447106 0.502065459167461 0.058283433133732535 0.04321576104226247
8 0.6742514970059881 0.3419129329520178 0.056686626746506985 0.04639339053066412
8 0.7950099800399202 0.4996822370511598 0.06027944111776447 0.04988878296790594
8 0.7215568862275449 0.47569113441372735 0.06826347305389222 0.05338417540514776
9 0.25389221556886227 0.41468064823641565 0.2243512974051896 0.2084524944391484
3 0.5518962075848304 0.46599936447410234 0.41477045908183635 0.11852557991738163
7 0.24491017964071857 0.2063870352716873 0.038722554890219564 0.0219256434699714
8 0.7295409181636726 0.35271687321258344 0.029141716566866267 0.02605656180489355
7 0.25389221556886227 0.41468064823641565 0.2243512974051896 0.2084524944391484
7 0.7698602794411178 0.4156339370829361 0.2087824351297405 0.23641563393708293
8 0.793812375249501 0.5039720368605021 0.07385229540918163 0.04957102001906578
9 0.7698602794411178 0.4156339370829361 0.2087824351297405 0.23641563393708293
