13 0.6901884109491646 0.2505702183121538 0.10700319943121223 0.12186379928315412
13 0.6788126555279062 0.22157054415118932 0.03021685033771774 0.07103290974258716
13 0.7017419125488802 0.2595307917888563 0.1414859580519019 0.12544802867383512
11 0.24777817276928546 0.7114695340501792 0.03554923569143263 0.033561420658194854
11 0.6288659793814433 0.18670576735092864 0.11233558478492713 0.04626914304333659
13 0.2899040170636331 0.2873900293255132 0.0472804834696054 0.06321277289019224
8 0.2986135798080341 0.3046594982078853 0.019196587273373623 0.019550342130987292
0 0.5833629576964096 0.3657543173672206 0.1215783860646996 0.15672857608341478
0 0.5810522573764664 0.3592375366568915 0.12619978670458584 0.13326816552623005
3 0.5662993245645218 0.6622678396871945 0.3654461429079275 0.15933528836754643
11 0.3816210451475293 0.19257086999022482 0.1617490223960185 0.06386445096122516
11 0.7730181301102026 0.7443792766373412 0.027372911482403128 0.023134571521668295
8 0.33860646996089583 0.3520690778755295 0.013153217205830075 0.012056044314108831
11 0.3745111980092428 0.18426197458455523 0.08780661215783861 0.04985337243401759
8 0.3370067543547814 0.35125448028673834 0.015641663704230358 0.013685239491691105
0 0.5790970494134376 0.35239491691104596 0.13650906505510133 0.13587487781036167
3 0.5678990401706363 0.6863799283154122 0.3686455741201564 0.1241446725317693
13 0.32811944543192323 0.3018898664059954 0.0796302879488091 0.1508634734441186
