6 0.3191731770833333 0.6162109375 0.1064453125 0.06901041666666667
13 0.3035481770833333 0.4230143229166667 0.11295572916666667 0.046549479166666664
3 0.5642903645833334 0.6512044270833334 0.3792317708333333 0.13899739583333334
11 0.3902994791666667 0.22216796875 0.091796875 0.019856770833333332
8 0.8152669270833334 0.6017252604166666 0.019856770833333332 0.023763020833333332
11 0.3932291666666667 0.22379557291666666 0.10546875 0.027018229166666668
6 0.3064778645833333 0.42626953125 0.11360677083333333 0.049153645833333336
9 0.2711588541666667 0.70556640625 0.10546875 0.07389322916666667
11 0.6368815104166666 0.21435546875 0.1240234375 0.031575520833333336
3 0.5667317708333334 0.6580403645833334 0.3893229166666667 0.15462239583333334
9 0.8152669270833334 0.6017252604166666 0.019856770833333332 0.023763020833333332
3 0.5680338541666666 0.634765625 0.396484375 0.19205729166666666
11 0.6136067708333334 0.20735677083333334 0.09505208333333333 0.036458333333333336
11 0.3953450520833333 0.22330729166666666 0.1123046875 0.022786458333333332
0 0.56396484375 0.3722330729166667 0.09928385416666667 0.10774739583333333
7 0.2711588541666667 0.70556640625 0.10546875 0.07389322916666667
13 0.2939453125 0.42041015625 0.103515625 0.023111979166666668
11 0.626953125 0.21321614583333334 0.12955729166666666 0.034505208333333336
