8 0.3292643229166667 0.3787434895833333 0.10904947916666667 0.0947265625
8 0.3291015625 0.3751627604166667 0.09830729166666667 0.10188802083333333
11 0.4059244791666667 0.14973958333333334 0.13606770833333334 0.09505208333333333
4 0.3292643229166667 0.3787434895833333 0.10904947916666667 0.0947265625
11 0.2822265625 0.5348307291666666 0.12760416666666666 0.119140625
7 0.3473307291666667 0.4344075520833333 0.20247395833333334 0.23209635416666666
11 0.27978515625 0.28759765625 0.11165364583333333 0.3707682291666667
8 0.32568359375 0.3732096354166667 0.12272135416666667 0.0947265625
11 0.3658854166666667 0.19905598958333334 0.19140625 0.19759114583333334
4 0.32568359375 0.3732096354166667 0.12272135416666667 0.0947265625
7 0.32568359375 0.3732096354166667 0.12272135416666667 0.0947265625
7 0.3460286458333333 0.48193359375 0.1796875 0.12467447916666667
10 0.3317057291666667 0.5576171875 0.23372395833333334 0.107421875
10 0.3307291666666667 0.58203125 0.20247395833333334 0.19270833333333334
