8 0.7651041666666667 0.24648876404494383 0.03229166666666667 0.0351123595505618
11 0.6888020833333334 0.14700374531835206 0.14010416666666667 0.04307116104868914
3 0.6291666666666667 0.6165730337078652 0.46145833333333336 0.13764044943820225
8 0.76171875 0.24625468164794007 0.030729166666666665 0.03651685393258427
0 0.6072916666666667 0.31015917602996257 0.134375 0.1306179775280899
13 0.76015625 0.22588951310861424 0.06614583333333333 0.07911985018726592
0 0.6083333333333333 0.31179775280898875 0.13958333333333334 0.14606741573033707
3 0.63046875 0.6032303370786517 0.44635416666666666 0.1502808988764045
3 0.6255208333333333 0.6081460674157303 0.48854166666666665 0.14887640449438203
0 0.6083333333333333 0.3038389513108614 0.134375 0.11610486891385768
9 0.7651041666666667 0.24648876404494383 0.03229166666666667 0.0351123595505618
13 0.7028645833333333 0.17696629213483145 0.0265625 0.05056179775280899
