12 0.86474609375 0.6173502604166666 0.15006510416666666 0.4059244791666667
13 0.24739583333333334 0.7052408854166666 0.041666666666666664 0.1279296875
12 0.39111328125 0.248046875 0.2353515625 0.2526041666666667
13 0.23763020833333334 0.7063802083333334 0.046223958333333336 0.14453125
0 0.6240234375 0.35888671875 0.11263020833333333 0.1650390625
12 0.74169921875 0.4619140625 0.3024088541666667 0.6927083333333334
7 0.7249348958333334 0.5750325520833334 0.138671875 0.3180338541666667
12 0.7447916666666666 0.4562174479166667 0.318359375 0.6637369791666666
0 0.6126302083333334 0.3544921875 0.13671875 0.15885416666666666
11 0.24739583333333334 0.7052408854166666 0.041666666666666664 0.1279296875
