7 0.3015939597315436 0.17186932849364792 0.1610738255033557 0.046823956442831216
8 0.08578020134228188 0.758983666061706 0.022231543624161073 0.029038112522686024
8 0.11388422818791946 0.7063520871143376 0.014681208053691275 0.013793103448275862
11 0.3015939597315436 0.17186932849364792 0.1610738255033557 0.046823956442831216
8 0.11577181208053691 0.70508166969147 0.015939597315436243 0.016333938294010888
2 0.08368288590604027 0.758983666061706 0.018036912751677854 0.023956442831215972
11 0.313758389261745 0.16352087114337568 0.18036912751677853 0.05190562613430127
8 0.08158557046979865 0.75989110707804 0.02139261744966443 0.025045372050816698
11 0.5992030201342282 0.15916515426497277 0.059983221476510064 0.054083484573502726
11 0.30935402684563756 0.16860254083484574 0.18330536912751677 0.05335753176043557
