7 1918.5 1326.0 803.0 1352.0
7 1035.5 1011.5 503.0 685.0
11 1059.0 898.0 564.0 432.0
11 1915.5 1107.5 817.0 861.0
11 486.0 1946.0 252.0 730.0
11 2291.5 1650.5 167.0 643.0
7 1906.0 1075.5 806.0 819.0
7 1002.5 959.0 355.0 268.0
8 1918.5 1326.0 803.0 1352.0
7 486.0 1946.0 252.0 730.0
11 500.0 1767.5 224.0 1323.0
7 2263.0 1653.5 170.0 751.0
11 1918.5 1326.0 803.0 1352.0
11 1035.5 1011.5 503.0 685.0
11 497.0 1769.0 216.0 1186.0
7 995.0 1013.0 656.0 680.0
7 1803.0 935.5 362.0 281.0
11 2263.0 1653.5 170.0 751.0
8 486.0 1946.0 252.0 730.0
11 995.0 1013.0 656.0 680.0
11 1906.0 1075.5 806.0 819.0
7 500.0 1767.5 224.0 1323.0
8 1035.5 1011.5 503.0 685.0
