0 0.583984375 0.3206597222222222 0.1462673611111111 0.13854166666666667
11 0.3498263888888889 0.1701388888888889 0.14583333333333334 0.034722222222222224
13 0.205078125 0.31753472222222223 0.048177083333333336 0.029513888888888888
3 0.5807291666666666 0.5670138888888889 0.4366319444444444 0.11944444444444445
11 0.3641493055555556 0.1671875 0.16927083333333334 0.050347222222222224
0 0.5763888888888888 0.3109375 0.1423611111111111 0.12743055555555555
13 0.20768229166666666 0.31840277777777776 0.04296875 0.027777777777777776
11 0.6605902777777778 0.15416666666666667 0.1597222222222222 0.030555555555555555
13 0.20399305555555555 0.31475694444444446 0.042534722222222224 0.025347222222222222
11 0.18294270833333334 0.29270833333333335 0.0759548611111111 0.12430555555555556
0 0.5822482638888888 0.303125 0.13758680555555555 0.10972222222222222
3 0.5944010416666666 0.5755208333333334 0.4796006944444444 0.09409722222222222
