0 0.5958658854166666 0.3297526041666667 0.10514322916666667 0.080078125
3 0.6075846354166666 0.5966796875 0.4235026041666667 0.236328125
6 0.29248046875 0.4861653645833333 0.21061197916666666 0.2867838541666667
11 0.20768229166666666 0.6404622395833334 0.0546875 0.049153645833333336
13 0.3186848958333333 0.5266927083333334 0.212890625 0.23177083333333334
11 0.19514973958333334 0.6689453125 0.044596354166666664 0.0625
10 0.20768229166666666 0.6404622395833334 0.0546875 0.049153645833333336
6 0.3186848958333333 0.5266927083333334 0.212890625 0.23177083333333334
13 0.29248046875 0.4861653645833333 0.21061197916666666 0.2867838541666667
5 0.3186848958333333 0.5266927083333334 0.212890625 0.23177083333333334
3 0.60400390625 0.6181640625 0.4508463541666667 0.10481770833333333
3 0.6116536458333334 0.63037109375 0.43359375 0.18001302083333334
6 0.3108723958333333 0.51416015625 0.21549479166666666 0.2041015625
10 0.19514973958333334 0.6689453125 0.044596354166666664 0.0625
