11 0.11805555555555555 0.5670138888888889 0.04600694444444445 0.11458333333333333
0 0.544921875 0.3236111111111111 0.11675347222222222 0.11875
0 0.5342881944444444 0.32447916666666665 0.14322916666666666 0.13090277777777778
10 0.7662760416666666 0.5809027777777778 0.047309027777777776 0.10833333333333334
11 0.283203125 0.14756944444444445 0.0915798611111111 0.04652777777777778
3 0.5167100694444444 0.5067708333333333 0.3962673611111111 0.115625
3 0.5164930555555556 0.5222222222222223 0.390625 0.10138888888888889
0 0.5349392361111112 0.3076388888888889 0.11588541666666667 0.0763888888888889
10 0.11805555555555555 0.5670138888888889 0.04600694444444445 0.11458333333333333
11 0.2688802083333333 0.14704861111111112 0.062065972222222224 0.03715277777777778
3 0.5221354166666666 0.5178819444444445 0.3880208333333333 0.09479166666666666
11 0.7662760416666666 0.5809027777777778 0.047309027777777776 0.10833333333333334
