0 1131.0 815.5 236.0 213.0
6 1416.5 582.5 479.0 191.0
10 106.0 1637.0 172.0 180.0
7 362.5 1136.0 515.0 888.0
11 1325.0 440.5 466.0 161.0
4 686.5 883.5 387.0 839.0
3 1136.0 1665.0 976.0 388.0
6 344.5 1092.0 415.0 938.0
10 261.5 1612.0 453.0 386.0
4 683.0 822.0 300.0 572.0
7 698.5 988.5 275.0 959.0
13 409.0 1124.0 400.0 146.0
11 106.0 1637.0 172.0 180.0
3 1115.0 1597.5 1092.0 521.0
3 1137.5 1609.0 1023.0 414.0
0 1121.0 875.5 344.0 365.0
10 316.5 1696.5 505.0 275.0
7 686.5 883.5 387.0 839.0
0 1144.5 901.5 341.0 417.0
