6 0.2209201388888889 0.5890625 0.2916666666666667 0.10659722222222222
0 0.5483940972222222 0.2581597222222222 0.12109375 0.10798611111111112
11 0.09722222222222222 0.6227430555555555 0.05555555555555555 0.04895833333333333
10 0.11219618055555555 0.6230902777777778 0.0646701388888889 0.109375
0 0.5470920138888888 0.2595486111111111 0.11675347222222222 0.09826388888888889
7 0.2209201388888889 0.5890625 0.2916666666666667 0.10659722222222222
0 0.5388454861111112 0.2677083333333333 0.1349826388888889 0.12430555555555556
11 0.3023003472222222 0.10069444444444445 0.23914930555555555 0.06319444444444444
10 0.09722222222222222 0.6227430555555555 0.05555555555555555 0.04895833333333333
11 0.3055555555555556 0.09826388888888889 0.20399305555555555 0.059722222222222225
11 0.6154513888888888 0.07725694444444445 0.21614583333333334 0.05451388888888889
11 0.11219618055555555 0.6230902777777778 0.0646701388888889 0.109375
11 0.6623263888888888 0.07291666666666667 0.10243055555555555 0.04861111111111111
3 0.5557725694444444 0.5987847222222222 0.4118923611111111 0.13923611111111112
3 0.552734375 0.5784722222222223 0.4466145833333333 0.09097222222222222
