3 0.5407986111111112 0.5553819444444444 0.4184027777777778 0.13229166666666667
7 0.7921006944444444 0.6324652777777777 0.0954861111111111 0.10590277777777778
13 0.7962239583333334 0.3423611111111111 0.1037326388888889 0.024305555555555556
3 0.5323350694444444 0.5651041666666666 0.4249131944444444 0.13229166666666667
9 0.13541666666666666 0.5657986111111111 0.1310763888888889 0.03923611111111111
13 0.7241753472222222 0.5829861111111111 0.028211805555555556 0.034722222222222224
9 0.7595486111111112 0.6321180555555556 0.08333333333333333 0.05243055555555556
7 0.7595486111111112 0.6321180555555556 0.08333333333333333 0.05243055555555556
0 0.5245225694444444 0.3 0.11414930555555555 0.10833333333333334
13 0.7960069444444444 0.3420138888888889 0.0842013888888889 0.013888888888888888
