0 0.5665597433841218 0.2947219270279844 0.14595028067361668 0.12964930924548354
3 0.5210505212510024 0.803931987247609 0.4574979951884523 0.17463691108749557
13 0.2961106655974338 0.3205809422600071 0.1744186046511628 0.31172511512575274
11 0.11126704089815558 0.8418349273822175 0.06936647955092222 0.15834218916046758
6 0.2904971932638332 0.3331562167906483 0.2185244587008821 0.2738221749911442
6 0.7383720930232558 0.34502302515054906 0.15196471531676023 0.24583776124690046
13 0.7285485164394547 0.3528161530286929 0.20769847634322375 0.3648600779312788
11 0.11507618283881316 0.8418349273822175 0.05132317562149158 0.07474318101310662
9 0.25461106655974336 0.7966702089975204 0.12991178829190056 0.07793127878143818
10 0.11507618283881316 0.8418349273822175 0.05132317562149158 0.07474318101310662
9 0.3143544506816359 0.3607863974495218 0.0408981555733761 0.06553312079348211
13 0.6902566158781075 0.3145589798087141 0.24899759422614273 0.4073680481756996
10 0.11126704089815558 0.8418349273822175 0.06936647955092222 0.15834218916046758
9 0.3115477145148356 0.35866099893730075 0.04570970328789094 0.0549061282323769
0 0.578588612670409 0.31207934821112293 0.11948676824378508 0.16011335458731846
13 0.2955092221331195 0.25770456960680127 0.19647153167602247 0.2639036486007793
7 0.25461106655974336 0.7966702089975204 0.12991178829190056 0.07793127878143818
