13 0.795166015625 0.279 0.16943359375 0.1524
10 0.059814453125 0.663 0.03271484375 0.0308
1 0.2939453125 0.314 0.2841796875 0.3512
4 0.3125 0.195 0.072265625 0.0484
8 0.85009765625 0.2546 0.03515625 0.0276
13 0.8115234375 0.2488 0.13671875 0.1024
13 0.295654296875 0.321 0.28173828125 0.3268
11 0.059814453125 0.663 0.03271484375 0.0308
8 0.85205078125 0.2554 0.029296875 0.0292
6 0.25732421875 0.3238 0.1142578125 0.0996
6 0.302978515625 0.306 0.31591796875 0.3632
13 0.79736328125 0.2698 0.1669921875 0.1692
13 0.2939453125 0.314 0.2841796875 0.3512
13 0.302978515625 0.306 0.31591796875 0.3632
