5 0.26016771488469603 0.6195014662756598 0.28050314465408804 0.30058651026392963
8 0.2469601677148847 0.35795454545454547 0.09559748427672957 0.06488269794721407
2 0.740461215932914 0.31066715542521994 0.14088050314465408 0.14186217008797655
2 0.7475890985324948 0.32441348973607037 0.12075471698113208 0.09164222873900293
0 0.5167714884696016 0.38269794721407624 0.24779874213836478 0.23020527859237536
2 0.310062893081761 0.2652126099706745 0.15052410901467506 0.10740469208211144
11 0.2943396226415094 0.16642228739002932 0.16268343815513628 0.053519061583577714
5 0.2507337526205451 0.4627932551319648 0.36058700209643607 0.6279325513196481
8 0.7440251572327043 0.3004032258064516 0.12033542976939203 0.09347507331378299
8 0.29643605870020967 0.2155425219941349 0.034381551362683435 0.024926686217008796
2 0.26037735849056604 0.48552052785923755 0.3379454926624738 0.6088709677419355
5 0.7322851153039832 0.4928519061583578 0.34255765199161425 0.6433284457478006
8 0.25345911949685535 0.3555718475073314 0.09182389937106918 0.07258064516129033
5 0.750104821802935 0.5841275659824047 0.2641509433962264 0.39552785923753664
8 0.3683438155136268 0.42265395894428154 0.03731656184486373 0.02932551319648094
8 0.25555555555555554 0.35997067448680353 0.04821802935010482 0.05571847507331378
5 0.7345911949685534 0.47947214076246336 0.3949685534591195 0.7104105571847508
