10 0.3429361979166667 0.5550130208333334 0.2652994791666667 0.18098958333333334
7 0.34619140625 0.44873046875 0.2021484375 0.13053385416666666
0 0.5779622395833334 0.2975260416666667 0.0908203125 0.08203125
13 0.3888346354166667 0.3098958333333333 0.036783854166666664 0.08528645833333333
1 0.3349609375 0.5909830729166666 0.20247395833333334 0.1396484375
13 0.42626953125 0.24446614583333334 0.08821614583333333 0.18098958333333334
10 0.3349609375 0.5909830729166666 0.20247395833333334 0.1396484375
10 0.34912109375 0.5403645833333334 0.2652994791666667 0.17252604166666666
7 0.3318684895833333 0.45849609375 0.1865234375 0.11360677083333333
7 0.3362630208333333 0.4593098958333333 0.17317708333333334 0.11979166666666667
