13 670.0 746.0 530.0 466.0
11 271.0 2251.0 176.0 228.0
11 1383.5 466.5 241.0 33.0
10 271.0 2251.0 176.0 228.0
11 1961.5 2333.5 97.0 127.0
6 683.5 748.5 585.0 535.0
10 278.5 2234.0 133.0 240.0
6 716.0 636.0 442.0 390.0
11 797.0 481.5 246.0 97.0
11 254.0 2286.5 168.0 267.0
13 683.5 748.5 585.0 535.0
11 1416.5 455.0 265.0 52.0
9 1731.0 2138.0 374.0 236.0
11 1963.0 2346.0 84.0 116.0
11 278.5 2234.0 133.0 240.0
11 1965.5 2347.0 117.0 124.0
13 716.0 636.0 442.0 390.0
11 724.5 496.5 361.0 157.0
10 1961.5 2333.5 97.0 127.0
0 1262.5 976.0 223.0 218.0
10 1963.0 2346.0 84.0 116.0
