12 0.15942028985507245 0.6478794642857143 0.035326086956521736 0.11644345238095238
4 0.22531702898550723 0.41555059523809523 0.11730072463768115 0.12723214285714285
4 0.2586050724637681 0.5133928571428571 0.17391304347826086 0.2976190476190476
4 0.7219202898550725 0.38839285714285715 0.3188405797101449 0.34375
7 0.24569746376811594 0.5904017857142857 0.16893115942028986 0.14434523809523808
7 0.22531702898550723 0.41555059523809523 0.11730072463768115 0.12723214285714285
4 0.764266304347826 0.40922619047619047 0.2151268115942029 0.328125
9 0.2554347826086957 0.4923735119047619 0.453804347826087 0.6201636904761905
7 0.29279891304347827 0.48939732142857145 0.27853260869565216 0.4884672619047619
9 0.7608695652173914 0.43136160714285715 0.4673913043478261 0.48921130952380953
9 0.7839673913043478 0.48939732142857145 0.4048913043478261 0.5963541666666666
3 0.5944293478260869 0.5796130952380952 0.4216485507246377 0.15550595238095238
3 0.5944293478260869 0.5998883928571429 0.42436594202898553 0.11272321428571429
9 0.9227807971014492 0.5269717261904762 0.15353260869565216 0.5405505952380952
7 0.720108695652174 0.48995535714285715 0.35054347826086957 0.5223214285714286
4 0.24569746376811594 0.5904017857142857 0.16893115942028986 0.14434523809523808
7 0.764266304347826 0.40922619047619047 0.2151268115942029 0.328125
9 0.09850543478260869 0.5159970238095238 0.19701086956521738 0.5141369047619048
9 0.24864130434782608 0.41610863095238093 0.4492753623188406 0.46688988095238093
