7 0.1677517361111111 0.43767361111111114 0.17057291666666666 0.434375
8 0.2845052083333333 0.32621527777777776 0.031684027777777776 0.021875
8 0.2845052083333333 0.3269097222222222 0.032552083333333336 0.022569444444444444
0 0.5043402777777778 0.2939236111111111 0.1032986111111111 0.06979166666666667
7 0.20616319444444445 0.3951388888888889 0.12586805555555555 0.3951388888888889
7 0.1736111111111111 0.4359375 0.1970486111111111 0.4635416666666667
8 0.177734375 0.27881944444444445 0.030815972222222224 0.021527777777777778
8 0.6664496527777778 0.25590277777777776 0.026475694444444444 0.021527777777777778
8 0.6627604166666666 0.2552083333333333 0.03298611111111111 0.027777777777777776
8 0.666015625 0.2548611111111111 0.030815972222222224 0.025
7 0.6627604166666666 0.2552083333333333 0.03298611111111111 0.027777777777777776
