0 0.5299479166666666 0.2847222222222222 0.13368055555555555 0.1
3 0.54296875 0.5204861111111111 0.4192708333333333 0.10555555555555556
0 0.5366753472222222 0.29635416666666664 0.11588541666666667 0.12048611111111111
11 0.3337673611111111 0.18559027777777778 0.07465277777777778 0.017013888888888887
10 0.7439236111111112 0.5727430555555556 0.17100694444444445 0.04479166666666667
7 0.7154947916666666 0.5105902777777778 0.19227430555555555 0.10173611111111111
0 0.529296875 0.2972222222222222 0.13151041666666666 0.11388888888888889
11 0.8055555555555556 0.5364583333333334 0.0546875 0.09513888888888888
10 0.8055555555555556 0.5364583333333334 0.0546875 0.09513888888888888
3 0.5397135416666666 0.5407986111111112 0.4049479166666667 0.115625
10 0.7790798611111112 0.5541666666666667 0.11197916666666667 0.11805555555555555
