9 0.28578463558765593 0.09389671361502347 0.18483256730137887 0.15140845070422534
3 0.5625410374261326 0.6307218309859155 0.35423506237688773 0.17576291079812206
11 0.20485883125410373 0.6449530516431925 0.09455022980958634 0.07863849765258216
10 0.20485883125410373 0.6449530516431925 0.09455022980958634 0.07863849765258216
7 0.2711753118844386 0.514231220657277 0.1490479317137229 0.1317488262910798
9 0.2565659881812213 0.3840962441314554 0.3128693368351937 0.198943661971831
7 0.35784635587655944 0.346537558685446 0.29612606697307947 0.375
11 0.8668745896257387 0.7699530516431925 0.03512803676953381 0.06044600938967136
10 0.19320420223243598 0.6597711267605634 0.03315824031516743 0.079518779342723
7 0.4195666447800394 0.44292840375586856 0.09783322390019698 0.14583333333333334
9 0.3010505581089954 0.1386443661971831 0.1221273801707157 0.12177230046948356
11 0.860472751149048 0.7607100938967136 0.04727511490479317 0.08421361502347417
9 0.1062048588312541 0.9244424882629108 0.05679579776756402 0.13703051643192488
9 0.6712081418253447 0.0864143192488263 0.13493105712409717 0.13468309859154928
9 0.29300722258699935 0.1471537558685446 0.1428102429415627 0.14994131455399062
10 0.860472751149048 0.7607100938967136 0.04727511490479317 0.08421361502347417
7 0.4299080761654629 0.4185739436619718 0.11720288903479974 0.17634976525821597
9 0.09504267892317794 0.5278755868544601 0.1664478003939593 0.3720657276995305
9 0.6746552856204859 0.08392018779342723 0.13263296126066973 0.13732394366197184
9 0.2705187130663165 0.3494718309859155 0.32239001969796455 0.3873239436619718
10 0.8668745896257387 0.7699530516431925 0.03512803676953381 0.06044600938967136
9 0.07419566644780039 0.619424882629108 0.1437951411687459 0.7288732394366197
9 0.6927117531188444 0.09389671361502347 0.1103086014445174 0.10504694835680752
0 0.5937294812869337 0.34903169014084506 0.10735390676296783 0.09653755868544601
9 0.07977675640183848 0.5385856807511737 0.15758371634931057 0.3770539906103286
11 0.19320420223243598 0.6597711267605634 0.03315824031516743 0.079518779342723
