5 0.30713770728190337 0.6250410778836675 0.18673395818312905 0.20046007229707524
10 0.08597692862292718 0.7890239894840618 0.05082912761355443 0.03746302990469931
10 0.8366979091564528 0.7213276372001315 0.1802451333813987 0.2727571475517581
10 0.84534967555876 0.6812356227407164 0.16149963950973323 0.2142622412093329
7 0.839041095890411 0.6929017417022675 0.11211247296322999 0.14952349654945776
6 0.30713770728190337 0.6250410778836675 0.18673395818312905 0.20046007229707524
10 0.0825522710886806 0.7850805126519882 0.03604902667627974 0.0690108445612882
11 0.669069935111752 0.12504107788366745 0.13987022350396539 0.02924745317121262
10 0.8395818312905552 0.7045678606638186 0.1773612112472963 0.2576404863621426
11 0.6771809661139149 0.11945448570489649 0.13590483056957461 0.032533683864607296
11 0.08597692862292718 0.7890239894840618 0.05082912761355443 0.03746302990469931
11 0.0825522710886806 0.7850805126519882 0.03604902667627974 0.0690108445612882
11 0.8395818312905552 0.7045678606638186 0.1773612112472963 0.2576404863621426
