2 0.6224563953488372 0.3615007012622721 0.056686046511627904 0.020336605890603085
5 0.287609011627907 0.4580995792426367 0.2910610465116279 0.5003506311360448
3 0.5899345930232558 0.6931977559607293 0.4596656976744186 0.1185133239831697
3 0.5990188953488372 0.685133239831697 0.48074127906976744 0.12692847124824685
3 0.5901162790697675 0.6563814866760168 0.4629360465116279 0.15778401122019636
0 0.6101017441860465 0.34098877980364656 0.09883720930232558 0.11044880785413745
0 0.6088299418604651 0.3541374474053296 0.11446220930232558 0.14866760168302945
2 0.5826671511627907 0.3080294530154278 0.04324127906976744 0.030504908835904627
5 0.7619912790697675 0.5017531556802244 0.22892441860465115 0.49789621318373073
0 0.6050145348837209 0.34835203366058903 0.12790697674418605 0.13148667601683028
