8 0.7238372093023255 0.24531653746770027 0.04941860465116279 0.04102067183462532
13 0.78125 0.33898578811369506 0.057412790697674417 0.0481266149870801
11 0.30559593023255816 0.2487080103359173 0.24781976744186046 0.14470284237726097
1 0.31468023255813954 0.3179909560723514 0.18313953488372092 0.08365633074935401
13 0.7828851744186046 0.34318475452196384 0.054142441860465115 0.058462532299741604
11 0.31140988372093026 0.2532299741602067 0.28488372093023256 0.17248062015503876
2 0.6720566860465116 0.2365956072351421 0.022892441860465115 0.044896640826873384
11 0.6833212209302325 0.16828165374677004 0.22056686046511628 0.06395348837209303
13 0.7808866279069767 0.34431524547803616 0.04796511627906977 0.0562015503875969
2 0.6996729651162791 0.24838501291989665 0.08829941860465117 0.08333333333333333
13 0.3034156976744186 0.3583656330749354 0.20276162790697674 0.1572997416020672
0 0.5801235465116279 0.3767764857881137 0.1355377906976744 0.15988372093023256
8 0.7223837209302325 0.24531653746770027 0.046511627906976744 0.03456072351421188
1 0.29578488372093026 0.2378875968992248 0.2565406976744186 0.09334625322997415
0 0.5813953488372093 0.37031653746770027 0.1438953488372093 0.15988372093023256
2 0.6762354651162791 0.24031007751937986 0.03125 0.047157622739018086
13 0.848655523255814 0.40988372093023256 0.04760174418604651 0.06330749354005168
13 0.6996729651162791 0.24838501291989665 0.08829941860465117 0.08333333333333333
13 0.31468023255813954 0.3179909560723514 0.18313953488372092 0.08365633074935401
11 0.7570857558139535 0.18685400516795866 0.11882267441860465 0.07784237726098191
13 0.3001453488372093 0.3179909560723514 0.1867732558139535 0.10949612403100775
2 0.7223837209302325 0.24531653746770027 0.046511627906976744 0.03456072351421188
