6 0.393 0.47383333333333333 0.158 0.12433333333333334
4 0.38133333333333336 0.29383333333333334 0.2753333333333333 0.25766666666666665
7 0.7026666666666667 0.35133333333333333 0.17 0.24533333333333332
8 0.7191666666666666 0.3275 0.111 0.11966666666666667
4 0.3888333333333333 0.36733333333333335 0.22433333333333333 0.36866666666666664
6 0.7026666666666667 0.35133333333333333 0.17 0.24533333333333332
8 0.7323333333333333 0.312 0.043333333333333335 0.03866666666666667
7 0.39 0.3425 0.254 0.4136666666666667
6 0.3888333333333333 0.36733333333333335 0.22433333333333333 0.36866666666666664
8 0.3963333333333333 0.6075 0.09133333333333334 0.05433333333333333
6 0.7268333333333333 0.35133333333333333 0.115 0.13933333333333334
6 0.39 0.3425 0.254 0.4136666666666667
7 0.3888333333333333 0.36733333333333335 0.22433333333333333 0.36866666666666664
