11 0.3706467661691542 0.13955708285605192 0.13738997321086874 0.049255441008018326
13 0.6266743207041715 0.22661321114929361 0.0707998469192499 0.09736540664375716
0 0.5773057787983161 0.35337915234822453 0.11748947569843092 0.1607483772432226
13 0.38251052430156907 0.20866743031691484 0.060849598163030996 0.09736540664375716
7 0.6209337925755836 0.2092401680030546 0.12437810945273632 0.14585719740358916
13 0.385380788365863 0.2126765941198931 0.05893608878683505 0.10691103474608629
11 0.6521239954075775 0.15597556319205805 0.13624186758515117 0.043909889270714014
0 0.5924225028702641 0.35738831615120276 0.1079219288174512 0.16036655211912945
11 0.6182548794489093 0.16876670484917908 0.1289705319556066 0.060328369606720125
13 0.40968235744355147 0.19854906452844598 0.101415996938385 0.10614738449789997
13 0.6209337925755836 0.2092401680030546 0.12437810945273632 0.14585719740358916
0 0.5803673938002296 0.3598701794578083 0.11442786069651742 0.16533027873234057
13 0.6272483735170302 0.2235586101565483 0.06582472254114045 0.10118365788468882
1 0.6209337925755836 0.2092401680030546 0.12437810945273632 0.14585719740358916
11 0.3616532721010333 0.14719358533791524 0.1148105625717566 0.05154639175257732
