13 0.7554253472222222 0.4505208333333333 0.061197916666666664 0.03229166666666667
13 0.6983506944444444 0.39045138888888886 0.06336805555555555 0.06145833333333333
8 0.8101128472222222 0.6723958333333333 0.018663194444444444 0.017708333333333333
13 0.71875 0.43038194444444444 0.2465277777777778 0.228125
13 0.208984375 0.4045138888888889 0.0959201388888889 0.041666666666666664
13 0.20377604166666666 0.3998263888888889 0.1037326388888889 0.04479166666666667
9 0.8101128472222222 0.6723958333333333 0.018663194444444444 0.017708333333333333
11 0.2970920138888889 0.22847222222222222 0.1332465277777778 0.07152777777777777
13 0.21875 0.4015625 0.07725694444444445 0.03854166666666667
11 0.7222222222222222 0.7229166666666667 0.06770833333333333 0.027777777777777776
13 0.6805555555555556 0.26631944444444444 0.09027777777777778 0.08958333333333333
13 0.71875 0.3326388888888889 0.1657986111111111 0.26458333333333334
11 0.2992621527777778 0.23350694444444445 0.1506076388888889 0.09618055555555556
