11 471.5 1815.5 119.0 145.0
0 1439.0 664.0 190.0 150.0
5 1843.0 1136.5 660.0 903.0
5 721.5 1010.5 487.0 1335.0
11 1620.0 264.0 254.0 56.0
11 1634.0 297.5 246.0 99.0
0 1424.5 730.5 257.0 265.0
3 1432.0 1451.5 942.0 385.0
3 1510.0 1513.5 1018.0 385.0
10 463.5 1827.0 147.0 98.0
5 808.0 1225.5 588.0 881.0
9 1948.0 1121.5 500.0 1047.0
6 721.5 1010.5 487.0 1335.0
10 471.5 1815.5 119.0 145.0
5 1948.0 1121.5 500.0 1047.0
11 463.5 1827.0 147.0 98.0
6 1843.0 1136.5 660.0 903.0
6 755.0 1208.5 696.0 1093.0
5 755.0 1208.5 696.0 1093.0
13 1948.0 1121.5 500.0 1047.0
3 1512.5 1539.0 1081.0 184.0
0 1446.0 723.5 260.0 281.0
11 980.5 294.0 299.0 74.0
13 808.0 1225.5 588.0 881.0
9 808.0 1225.5 588.0 881.0
6 1839.5 935.5 539.0 1001.0
5 1839.5 935.5 539.0 1001.0
