13 0.7957899305555556 0.49149305555555556 0.04904513888888889 0.03229166666666667
7 0.6686197916666666 0.30052083333333335 0.14192708333333334 0.06909722222222223
2 0.5796440972222222 0.4050347222222222 0.014322916666666666 0.029513888888888888
0 0.5486111111111112 0.39791666666666664 0.1032986111111111 0.09305555555555556
13 0.662109375 0.3199652777777778 0.2269965277777778 0.14756944444444445
6 0.662109375 0.3199652777777778 0.2269965277777778 0.14756944444444445
13 0.6616753472222222 0.30277777777777776 0.1957465277777778 0.09236111111111112
6 0.6616753472222222 0.30277777777777776 0.1957465277777778 0.09236111111111112
13 0.7953559027777778 0.4909722222222222 0.045572916666666664 0.03194444444444444
13 0.7986111111111112 0.49809027777777776 0.07118055555555555 0.044097222222222225
