7 0.231201171875 0.5778 0.05908203125 0.0412
13 0.243896484375 0.431 0.09521484375 0.086
11 0.184814453125 0.8448 0.05322265625 0.0432
9 0.293212890625 0.4846 0.17724609375 0.2748
10 0.184814453125 0.8448 0.05322265625 0.0432
13 0.293212890625 0.4846 0.17724609375 0.2748
10 0.83837890625 0.8638 0.0498046875 0.058
9 0.299560546875 0.7516 0.18310546875 0.1256
13 0.26806640625 0.4998 0.1396484375 0.2068
13 0.271240234375 0.5416 0.17822265625 0.0464
7 0.80419921875 0.7002 0.0419921875 0.0276
11 0.83837890625 0.8638 0.0498046875 0.058
5 0.293212890625 0.4846 0.17724609375 0.2748
