8 0.2869073275862069 0.5381944444444444 0.12661637931034483 0.1050925925925926
0 0.5700431034482759 0.3502314814814815 0.1540948275862069 0.1449074074074074
7 0.23706896551724138 0.6013888888888889 0.31896551724137934 0.22407407407407406
7 0.3232758620689655 0.24004629629629629 0.11314655172413793 0.10416666666666667
8 0.33135775862068967 0.24513888888888888 0.10560344827586207 0.09305555555555556
6 0.25700431034482757 0.6099537037037037 0.3114224137931034 0.20601851851851852
0 0.5765086206896551 0.35833333333333334 0.15086206896551724 0.1574074074074074
7 0.2796336206896552 0.6729166666666667 0.2607758620689655 0.10324074074074074
8 0.3232758620689655 0.24004629629629629 0.11314655172413793 0.10416666666666667
0 0.5746228448275862 0.36689814814814814 0.15786637931034483 0.18101851851851852
8 0.32947198275862066 0.2439814814814815 0.11584051724137931 0.10185185185185185
10 0.17941810344827586 0.7275462962962963 0.20150862068965517 0.0837962962962963
10 0.1476293103448276 0.7331018518518518 0.14870689655172414 0.08472222222222223
10 0.19989224137931033 0.7141203703703703 0.23060344827586207 0.22453703703703703
13 0.19181034482758622 0.5277777777777778 0.10775862068965517 0.05092592592592592
