4 0.2649739583333333 0.5239583333333333 0.1480034722222222 0.11736111111111111
8 0.3196614583333333 0.3798611111111111 0.11067708333333333 0.10138888888888889
5 0.1911892361111111 0.4939236111111111 0.10546875 0.2232638888888889
0 0.5190972222222222 0.3265625 0.1232638888888889 0.11423611111111111
5 0.7265625 0.5434027777777778 0.11197916666666667 0.24375
11 0.3426649305555556 0.1657986111111111 0.16883680555555555 0.035069444444444445
5 0.7094184027777778 0.5237847222222223 0.1644965277777778 0.28368055555555555
8 0.3168402777777778 0.384375 0.12413194444444445 0.10625
8 0.3211805555555556 0.384375 0.1171875 0.11597222222222223
0 0.5329861111111112 0.3199652777777778 0.1154513888888889 0.10520833333333333
5 0.21180555555555555 0.5194444444444445 0.2222222222222222 0.2423611111111111
11 0.6920572916666666 0.20607638888888888 0.10894097222222222 0.09270833333333334
7 0.3196614583333333 0.3798611111111111 0.11067708333333333 0.10138888888888889
5 0.7081163194444444 0.5251736111111112 0.1506076388888889 0.2878472222222222
5 0.19270833333333334 0.5270833333333333 0.23177083333333334 0.2111111111111111
13 0.2649739583333333 0.5239583333333333 0.1480034722222222 0.11736111111111111
0 0.5368923611111112 0.31753472222222223 0.09895833333333333 0.11006944444444444
