3 1748.5 2287.0 1349.0 640.0
10 461.5 2553.5 281.0 409.0
4 732.0 1674.5 360.0 357.0
9 2607.5 2480.5 331.0 477.0
7 1246.0 1074.0 386.0 800.0
11 521.5 1713.5 319.0 1245.0
7 2607.5 2480.5 331.0 477.0
11 2072.5 692.0 717.0 324.0
7 765.0 1673.5 274.0 371.0
7 1194.0 1044.0 372.0 774.0
10 741.5 1778.0 745.0 2280.0
2 572.5 1418.5 111.0 223.0
11 461.5 2553.5 281.0 409.0
0 1831.0 1131.0 364.0 484.0
10 444.0 2479.5 164.0 267.0
5 885.5 1631.5 501.0 1377.0
13 885.5 1631.5 501.0 1377.0
3 1764.0 2208.0 1286.0 738.0
9 885.5 1631.5 501.0 1377.0
5 789.0 1672.0 596.0 1500.0
11 692.0 1603.0 660.0 1738.0
13 2337.5 1565.0 575.0 1188.0
0 1801.5 1139.0 415.0 534.0
2 559.5 1447.5 83.0 205.0
2 521.5 1713.5 319.0 1245.0
5 2337.5 1565.0 575.0 1188.0
5 2343.0 1688.5 742.0 1875.0
9 2337.5 1565.0 575.0 1188.0
