8 0.24862204724409448 0.2950846354166667 0.03661417322834646 0.028971354166666668
10 0.7307086614173228 0.4796549479166667 0.27874015748031494 0.18326822916666666
8 0.24744094488188975 0.4599609375 0.06181102362204725 0.049479166666666664
8 0.309251968503937 0.5309244791666666 0.07362204724409449 0.054036458333333336
8 0.29232283464566927 0.3356119791666667 0.3106299212598425 0.5455729166666666
8 0.30492125984251967 0.20133463541666666 0.1625984251968504 0.1982421875
8 0.31043307086614175 0.52587890625 0.07125984251968503 0.058919270833333336
6 0.33267716535433073 0.3546549479166667 0.15984251968503937 0.17610677083333334
7 0.739763779527559 0.39794921875 0.2204724409448819 0.0908203125
8 0.22086614173228347 0.5348307291666666 0.05590551181102362 0.059895833333333336
8 0.2452755905511811 0.35595703125 0.02125984251968504 0.017252604166666668
10 0.7641732283464567 0.48193359375 0.25826771653543307 0.2679036458333333
8 0.35846456692913387 0.13411458333333334 0.024015748031496063 0.015625
8 0.2375984251968504 0.4065755208333333 0.06968503937007874 0.052734375
8 0.25708661417322837 0.22379557291666666 0.031496062992125984 0.025065104166666668
8 0.2440944881889764 0.4591471354166667 0.06929133858267716 0.050455729166666664
13 0.8324803149606299 0.376953125 0.03661417322834646 0.052734375
7 0.7440944881889764 0.4104817708333333 0.13858267716535433 0.057942708333333336
7 0.7600393700787401 0.4158528645833333 0.1484251968503937 0.054361979166666664
10 0.756496062992126 0.5094401041666666 0.21299212598425196 0.21614583333333334
8 0.33818897637795275 0.15462239583333334 0.02047244094488189 0.016276041666666668
8 0.3505905511811024 0.19661458333333334 0.04055118110236221 0.037109375
8 0.3147637795275591 0.4695638020833333 0.05236220472440945 0.0458984375
7 0.33267716535433073 0.3546549479166667 0.15984251968503937 0.17610677083333334
8 0.3155511811023622 0.4685872395833333 0.06023622047244095 0.0537109375
8 0.16141732283464566 0.5696614583333334 0.03228346456692913 0.0234375
8 0.23602362204724409 0.40625 0.07519685039370079 0.059895833333333336
8 0.22244094488188976 0.5358072916666666 0.07637795275590552 0.059244791666666664
