9 0.9259615384615385 0.5723122866894198 0.10961538461538461 0.7589590443686007
12 0.4620192307692308 0.5976962457337884 0.5644230769230769 0.11860068259385666
9 0.10048076923076923 0.6070819112627986 0.18846153846153846 0.7824232081911263
0 0.5963942307692308 0.2401877133105802 0.08509615384615385 0.0674061433447099
9 0.49927884615384616 0.5025597269624573 0.9572115384615385 0.9803754266211604
8 0.6021634615384616 0.2440273037542662 0.07451923076923077 0.0674061433447099
9 0.7310096153846154 0.059726962457337884 0.33990384615384617 0.11433447098976109
3 0.5745192307692307 0.5300767918088737 0.42596153846153845 0.10366894197952219
3 0.571875 0.4991467576791809 0.4149038461538462 0.16552901023890784
9 0.5326923076923077 0.07679180887372014 0.6413461538461539 0.09982935153583618
9 0.9038461538461539 0.5974829351535836 0.1596153846153846 0.7922354948805461
9 0.30673076923076925 0.06953924914675767 0.2875 0.11348122866894197
9 0.46490384615384617 0.5949232081911263 0.5971153846153846 0.12073378839590444
9 0.08461538461538462 0.5588737201365188 0.12596153846153846 0.773037542662116
9 0.4620192307692308 0.5976962457337884 0.5644230769230769 0.11860068259385666
3 0.5728365384615385 0.5040529010238908 0.41201923076923075 0.13267918088737202
9 0.42596153846153845 0.5949232081911263 0.5326923076923077 0.13353242320819111
