3 0.51953125 0.52880859375 0.341796875 0.10579427083333333
11 0.3683268229166667 0.14778645833333334 0.13639322916666666 0.033203125
11 0.3567708333333333 0.14501953125 0.07552083333333333 0.028971354166666668
0 0.5244140625 0.3014322916666667 0.09049479166666667 0.08723958333333333
3 0.5305989583333334 0.5242513020833334 0.3671875 0.10123697916666667
0 0.5377604166666666 0.3251953125 0.10416666666666667 0.12434895833333333
11 0.60546875 0.14908854166666666 0.08854166666666667 0.025390625
11 0.5953776041666666 0.14762369791666666 0.10221354166666667 0.0341796875
3 0.52734375 0.53955078125 0.375 0.11165364583333333
0 0.5315755208333334 0.3048502604166667 0.07552083333333333 0.08821614583333333
