6 0.2751736111111111 0.35954861111111114 0.1736111111111111 0.25590277777777776
0 0.5399305555555556 0.3980902777777778 0.1076388888888889 0.11770833333333333
10 0.2163628472222222 0.6423611111111112 0.3433159722222222 0.08402777777777778
7 0.1990017361111111 0.5404513888888889 0.06640625 0.05173611111111111
13 0.2751736111111111 0.35954861111111114 0.1736111111111111 0.25590277777777776
13 0.2513020833333333 0.31875 0.12760416666666666 0.19305555555555556
4 0.21809895833333334 0.5555555555555556 0.2825520833333333 0.14097222222222222
0 0.5201822916666666 0.4123263888888889 0.12109375 0.13506944444444444
10 0.20963541666666666 0.5946180555555556 0.3177083333333333 0.25381944444444443
7 0.1990017361111111 0.5545138888888889 0.2261284722222222 0.10069444444444445
3 0.5772569444444444 0.6170138888888889 0.4791666666666667 0.20694444444444443
