11 0.6996062992125984 0.21256510416666666 0.14094488188976378 0.11328125
13 0.6905511811023622 0.2937825520833333 0.20393700787401575 0.1982421875
13 0.6901574803149606 0.2981770833333333 0.20708661417322835 0.2552083333333333
5 0.27716535433070866 0.56103515625 0.15984251968503937 0.11555989583333333
11 0.7970472440944882 0.6170247395833334 0.07677165354330709 0.22688802083333334
10 0.8007874015748031 0.61669921875 0.08818897637795275 0.2470703125
7 0.7159448818897638 0.5774739583333334 0.14921259842519685 0.19986979166666666
13 0.6742125984251969 0.3077799479166667 0.24921259842519686 0.2561848958333333
11 0.7970472440944882 0.6083984375 0.09645669291338582 0.2565104166666667
10 0.8171259842519685 0.7314453125 0.06338582677165354 0.078125
7 0.7559055118110236 0.59619140625 0.15275590551181104 0.22884114583333334
11 0.8007874015748031 0.61669921875 0.08818897637795275 0.2470703125
6 0.6742125984251969 0.3077799479166667 0.24921259842519686 0.2561848958333333
