6 0.8246963562753037 0.6512744124462099 0.1862348178137652 0.16981132075471697
6 0.8040485829959514 0.5817610062893082 0.19919028340080971 0.3730552797087057
10 0.23663967611336031 0.4528301886792453 0.30404858299595144 0.5283018867924528
10 0.247165991902834 0.5259847732538895 0.35020242914979755 0.4217146640185369
10 0.8842105263157894 0.7601787487586892 0.11659919028340081 0.12413108242303873
11 0.2651821862348178 0.209367759020192 0.14979757085020243 0.05461767626613704
6 0.7621457489878543 0.5547831843760345 0.24817813765182187 0.37404832836809004
4 0.30364372469635625 0.3889440582588547 0.24696356275303644 0.38464084740152266
11 0.2987854251012146 0.5529625951671632 0.23319838056680162 0.07778881165177094
7 0.2959514170040486 0.43445878848063557 0.25263157894736843 0.28500496524329694
10 0.2688259109311741 0.5610724925521351 0.30364372469635625 0.3098311817279047
6 0.30364372469635625 0.3889440582588547 0.24696356275303644 0.38464084740152266
6 0.2720647773279352 0.3821582257530619 0.2574898785425101 0.23005627275736512
