13 0.7041015625 0.24609375 0.107421875 0.138671875
13 0.3546549479166667 0.19905598958333334 0.15657552083333334 0.21712239583333334
13 0.3649088541666667 0.22314453125 0.17513020833333334 0.24186197916666666
10 0.8541666666666666 0.7405598958333334 0.020833333333333332 0.033203125
7 0.3173828125 0.52880859375 0.061848958333333336 0.056966145833333336
13 0.70947265625 0.251953125 0.14811197916666666 0.18098958333333334
13 0.70703125 0.24039713541666666 0.09244791666666667 0.15462239583333334
13 0.34619140625 0.21826171875 0.1181640625 0.1982421875
5 0.3649088541666667 0.22314453125 0.17513020833333334 0.24186197916666666
5 0.70947265625 0.251953125 0.14811197916666666 0.18098958333333334
5 0.3056640625 0.5423177083333334 0.138671875 0.16861979166666666
11 0.8541666666666666 0.7405598958333334 0.020833333333333332 0.033203125
