10 0.29409710094306674 0.7658389048073861 0.2857142857142857 0.07800063673989176
7 0.3721620677610898 0.27204711875198984 0.023402025847013622 0.03852276345113021
11 0.6653859587844918 0.20582617000955108 0.11945511701012923 0.027698185291308502
12 0.22354173943415998 0.47532632919452406 0.17254628012574222 0.5183062718879338
5 0.7362906042612644 0.5835721107927412 0.2591687041564792 0.36166825851639606
10 0.2617883339154733 0.7733205985354983 0.25602514844568636 0.08150270614453996
10 0.16381418092909536 0.7378223495702005 0.04261264407963675 0.057624960203756764
12 0.2684247293049249 0.47978350843680356 0.22668529514495284 0.4979305953517988
5 0.7556758644778204 0.5495065265838904 0.22947956688787985 0.43107290671760584
7 0.32553265805099546 0.6287806431072906 0.14739783443939924 0.20312002546959568
13 0.32553265805099546 0.6287806431072906 0.14739783443939924 0.20312002546959568
7 0.32553265805099546 0.5198981216173193 0.16206776108976598 0.43107290671760584
11 0.16381418092909536 0.7378223495702005 0.04261264407963675 0.057624960203756764
4 0.32553265805099546 0.5198981216173193 0.16206776108976598 0.43107290671760584
5 0.7558505064617534 0.6023559375994906 0.21865176388403773 0.3272843043616683
12 0.293223891023402 0.47675899395097104 0.2874607055536151 0.5033428844317096
9 0.7558505064617534 0.6023559375994906 0.21865176388403773 0.3272843043616683
