7 0.73779296875 0.5402018229166666 0.10579427083333333 0.2373046875
10 0.7976888020833334 0.7005208333333334 0.0361328125 0.059895833333333336
0 0.5652669270833334 0.3165690104166667 0.07975260416666667 0.0771484375
13 0.7019856770833334 0.4202473958333333 0.1201171875 0.15755208333333334
3 0.57177734375 0.6028645833333334 0.3675130208333333 0.10221354166666667
3 0.5745442708333334 0.59130859375 0.3352864583333333 0.1259765625
8 0.6466471354166666 0.20947265625 0.012044270833333334 0.0263671875
3 0.57763671875 0.5856119791666666 0.3538411458333333 0.12369791666666667
2 0.7254231770833334 0.3577473958333333 0.017252604166666668 0.016927083333333332
11 0.7976888020833334 0.7005208333333334 0.0361328125 0.059895833333333336
0 0.5598958333333334 0.3102213541666667 0.0859375 0.080078125
13 0.6858723958333334 0.4215494791666667 0.10807291666666667 0.030598958333333332
2 0.6446940104166666 0.20817057291666666 0.011393229166666666 0.021158854166666668
2 0.7267252604166666 0.35595703125 0.0185546875 0.0224609375
13 0.6749674479166666 0.4228515625 0.10579427083333333 0.024088541666666668
