8 1857.0 512.0 52.0 54.0
11 1705.5 426.5 521.0 271.0
13 1671.0 531.5 238.0 295.0
0 1389.5 827.5 283.0 351.0
8 1953.0 839.5 94.0 95.0
2 1905.5 652.5 79.0 115.0
13 1857.0 512.0 52.0 54.0
2 1943.0 831.0 112.0 104.0
13 794.0 441.5 48.0 195.0
0 1389.0 854.0 342.0 386.0
2 1923.0 687.5 182.0 417.0
8 1898.5 626.5 109.0 81.0
13 1721.0 481.5 348.0 213.0
0 1387.5 806.5 275.0 335.0
13 785.0 444.5 50.0 217.0
11 1494.0 357.5 298.0 81.0
13 799.5 524.0 101.0 356.0
13 1898.5 626.5 109.0 81.0
13 1953.0 839.5 94.0 95.0
