4 0.686613913616881 0.47561813186813184 0.09264754368611935 0.09134615384615384
0 0.6012199142762941 0.26270604395604397 0.11242993735575338 0.13392857142857142
9 0.8625123639960435 0.5496222527472527 0.1562809099901088 0.7764423076923077
11 0.09033959775799538 0.8846153846153846 0.04088361358391032 0.06524725274725275
9 0.8905374216946917 0.5497939560439561 0.17606330365974282 0.7472527472527473
9 0.9276294098252555 0.5928914835164835 0.12759643916913946 0.7091346153846154
0 0.6094625783053083 0.25910027472527475 0.09858226178700956 0.13358516483516483
13 0.7207385426969997 0.5123626373626373 0.2334322453016815 0.29120879120879123
7 0.712166172106825 0.4699519230769231 0.2195845697329377 0.10748626373626374
4 0.712166172106825 0.4699519230769231 0.2195845697329377 0.10748626373626374
10 0.09033959775799538 0.8846153846153846 0.04088361358391032 0.06524725274725275
8 0.6841411144081767 0.4802541208791209 0.08374546653478404 0.08962912087912088
0 0.6000659413122321 0.2652815934065934 0.12858555885262116 0.1411401098901099
