6 0.27913385826771653 0.4026692708333333 0.15354330708661418 0.279296875
7 0.27913385826771653 0.4026692708333333 0.15354330708661418 0.279296875
0 0.5437007874015748 0.2763671875 0.1062992125984252 0.09244791666666667
5 0.30118110236220474 0.4060872395833333 0.2015748031496063 0.3258463541666667
5 0.7271653543307086 0.29150390625 0.14803149606299212 0.08626302083333333
6 0.28228346456692915 0.427734375 0.2015748031496063 0.30078125
5 0.28228346456692915 0.427734375 0.2015748031496063 0.30078125
13 0.30118110236220474 0.4060872395833333 0.2015748031496063 0.3258463541666667
5 0.7049212598425196 0.28662109375 0.1641732283464567 0.14290364583333334
13 0.7271653543307086 0.29150390625 0.14803149606299212 0.08626302083333333
