6 0.32086614173228345 0.2605794270833333 0.2409448818897638 0.21256510416666666
13 0.6740157480314961 0.3779296875 0.231496062992126 0.3763020833333333
13 0.30374015748031497 0.3064778645833333 0.21141732283464568 0.15983072916666666
13 0.6787401574803149 0.3639322916666667 0.2566929133858268 0.3430989583333333
6 0.30374015748031497 0.3064778645833333 0.21141732283464568 0.15983072916666666
6 0.6740157480314961 0.3779296875 0.231496062992126 0.3763020833333333
13 0.29862204724409447 0.3180338541666667 0.22874015748031495 0.15950520833333334
6 0.6838582677165355 0.3408203125 0.24960629921259841 0.3359375
6 0.29862204724409447 0.3180338541666667 0.22874015748031495 0.15950520833333334
6 0.6787401574803149 0.3639322916666667 0.2566929133858268 0.3430989583333333
