0 0.5653219837157661 0.3235627836611195 0.13582531458179126 0.14712556732223903
8 0.8066247224278312 0.578857791225416 0.06550703182827536 0.07677760968229955
3 0.6028867505551443 0.6630105900151286 0.4529977794226499 0.15204236006051436
8 0.7929311621021465 0.722768532526475 0.035899333826794964 0.028744326777609682
0 0.5869726128793487 0.3290468986384266 0.10436713545521836 0.14145234493192133
8 0.8053293856402665 0.5777231467473525 0.0688378978534419 0.06996974281391831
8 0.8380829015544041 0.6422087745839636 0.023316062176165803 0.02723146747352496
8 0.804959289415248 0.5803706505295008 0.05847520355292376 0.06316187594553707
8 0.8230940044411547 0.6499621785173979 0.05181347150259067 0.04878971255673222
3 0.5995558845299778 0.6838124054462935 0.4515173945225759 0.16944024205748864
7 0.7292746113989638 0.6978063540090772 0.04774241302738712 0.06354009077155824
0 0.5632864544781643 0.3091906202723147 0.12583271650629163 0.13275340393343418
7 0.8367875647668394 0.643910741301059 0.017024426350851222 0.019288956127080183
8 0.7361213915618061 0.7008320726172466 0.04071058475203553 0.046898638426626324
