11 0.10476830087306917 0.6821203057494184 0.04969778374748153 0.053506148222000664
10 0.1123237071860309 0.6861083416417414 0.0493619879113499 0.0701229644400133
10 0.10476830087306917 0.6821203057494184 0.04969778374748153 0.053506148222000664
0 0.558428475486904 0.2711864406779661 0.10275352585627938 0.0910601528747092
5 0.25050369375419745 0.40993685609837155 0.23707186030893218 0.4024592888002659
11 0.1123237071860309 0.6861083416417414 0.0493619879113499 0.0701229644400133
0 0.5582605775688382 0.28481222997673644 0.1091336467427804 0.12296444001329346
0 0.5614506380120886 0.2833167165171153 0.10141034251175285 0.11133266866068461
5 0.7913028878441908 0.5412097042206713 0.1668905305574211 0.15453639082751744
5 0.7815648085963735 0.4481555333998006 0.2427803895231699 0.4217347956131605
