13 0.1193267776096823 0.8148034398034398 0.08434190620272315 0.0386977886977887
13 0.12159606656580937 0.8158783783783784 0.09341906202723146 0.036547911547911545
13 0.1798411497730711 0.6534090909090909 0.1985627836611195 0.0648034398034398
0 0.5279878971255674 0.3730036855036855 0.14145234493192133 0.09674447174447175
13 0.32810136157337366 0.7948402948402948 0.15393343419062028 0.03624078624078624
0 0.5234493192133132 0.38605651105651106 0.13691376701966718 0.11977886977886978
13 0.32242813918305596 0.7913083538083538 0.21369137670196672 0.03470515970515971
13 0.1287821482602118 0.7412469287469288 0.1002269288956127 0.03961916461916462
13 0.1308623298033283 0.7410933660933661 0.10514372163388805 0.04606879606879607
13 0.1378593040847201 0.671529484029484 0.13124054462934948 0.04699017199017199
10 0.2481089258698941 0.8717751842751843 0.3547655068078669 0.08814496314496315
13 0.14164145234493192 0.675982800982801 0.15393343419062028 0.04238329238329238
