5 0.7318376068376068 0.40435706695005313 0.20156695156695156 0.3134962805526036
5 0.2653133903133903 0.4955720864328728 0.25284900284900286 0.3521076868579525
3 0.6276709401709402 0.6466524973432518 0.4184472934472934 0.11158342189160468
11 0.7580128205128205 0.34041799504073683 0.13853276353276353 0.25292242295430395
0 0.5559116809116809 0.3620262132483174 0.14102564102564102 0.13460857244066596
0 0.563034188034188 0.36946510804109106 0.12108262108262108 0.13460857244066596
7 0.7580128205128205 0.34041799504073683 0.13853276353276353 0.25292242295430395
0 0.5608974358974359 0.3648600779312788 0.13105413105413105 0.12256464753808005
3 0.6264245014245015 0.6792419411973079 0.37962962962962965 0.15409139213602552
13 0.7478632478632479 0.3933758413035778 0.17022792022792022 0.3014523556500177
13 0.7318376068376068 0.40435706695005313 0.20156695156695156 0.3134962805526036
