10 0.2732962447844228 0.8343739730529083 0.3428372739916551 0.05915215248110418
9 0.4243741307371349 0.2990469930989155 0.05389429763560501 0.22806441012159054
10 0.1277816411682893 0.82714426552744 0.0691933240611961 0.0801840289188301
11 0.1277816411682893 0.82714426552744 0.0691933240611961 0.0801840289188301
13 0.21001390820584145 0.7367729214590865 0.21766342141863698 0.04732172198488334
13 0.27399165507649514 0.619125862635557 0.1995827538247566 0.13079198159710811
9 0.5358136300417247 0.5088728228721656 0.2621696801112656 0.6713769306605324
13 0.24443671766342143 0.7338153138350312 0.2364394993045897 0.0762405520867565
13 0.277990264255911 0.6230693394676307 0.2006258692628651 0.11830430496220835
13 0.2409596662030598 0.6031876437725928 0.1502086230876217 0.11534669733815314
13 0.2336578581363004 0.7316792638843247 0.24895688456189152 0.06473874465987513
10 0.2534770514603616 0.8363457114689451 0.3226703755215577 0.059809398619783107
9 0.5321627260083449 0.5029576076240552 0.28129346314325454 0.6536312849162011
