9 0.08203125 0.48663194444444446 0.1640625 0.5711805555555556
9 0.3109809027777778 0.109375 0.18098958333333334 0.2048611111111111
0 0.5631510416666666 0.403125 0.10980902777777778 0.10902777777777778
13 0.18359375 0.54375 0.13020833333333334 0.03680555555555556
9 0.3287760416666667 0.08923611111111111 0.11241319444444445 0.1673611111111111
9 0.087890625 0.4704861111111111 0.17578125 0.5583333333333333
9 0.2163628472222222 0.4878472222222222 0.4275173611111111 0.5083333333333333
13 0.19032118055555555 0.5453125 0.1271701388888889 0.03090277777777778
9 0.3185763888888889 0.5720486111111112 0.05295138888888889 0.03090277777777778
13 0.2797309027777778 0.24427083333333333 0.08116319444444445 0.036458333333333336
13 0.19075520833333334 0.5449652777777778 0.11675347222222222 0.030208333333333334
