0 0.548828125 0.33177083333333335 0.1323784722222222 0.11979166666666667
6 0.779296875 0.6727430555555556 0.2113715277777778 0.28368055555555555
0 0.5635850694444444 0.3420138888888889 0.1193576388888889 0.1111111111111111
3 0.5544704861111112 0.6602430555555555 0.44921875 0.1642361111111111
8 0.20182291666666666 0.5961805555555556 0.2864583333333333 0.3840277777777778
8 0.8611111111111112 0.7135416666666666 0.022569444444444444 0.018055555555555554
8 0.6966145833333334 0.4786458333333333 0.028645833333333332 0.02048611111111111
8 0.13802083333333334 0.6522569444444445 0.046875 0.04131944444444444
6 0.220703125 0.6413194444444444 0.2756076388888889 0.31875
8 0.8014322916666666 0.6053819444444445 0.021267361111111112 0.014930555555555556
8 0.8567708333333334 0.7463541666666667 0.017361111111111112 0.017708333333333333
8 0.7749565972222222 0.6263888888888889 0.23741319444444445 0.3784722222222222
13 0.220703125 0.6413194444444444 0.2756076388888889 0.31875
8 0.2163628472222222 0.6331597222222223 0.021267361111111112 0.014930555555555556
8 0.2805989583333333 0.7057291666666666 0.022135416666666668 0.016319444444444445
8 0.6807725694444444 0.5357638888888889 0.023003472222222224 0.017361111111111112
0 0.5607638888888888 0.34131944444444445 0.1267361111111111 0.12708333333333333
3 0.5631510416666666 0.6970486111111112 0.47265625 0.12048611111111111
13 0.779296875 0.6727430555555556 0.2113715277777778 0.28368055555555555
