11 0.7440660474716202 0.07726931732933233 0.2215342277261782 0.08177044261065267
11 0.7495700034399725 0.07745686421605401 0.23323013415892674 0.1054013503375844
7 0.3543171654626763 0.36346586646661666 0.2215342277261782 0.33383345836459116
11 0.36859305125558994 0.1399099774943736 0.1716546267629859 0.17329332333083272
13 0.3713450292397661 0.2891972993248312 0.21706226350189198 0.33308327081770445
5 0.3713450292397661 0.2891972993248312 0.21706226350189198 0.33308327081770445
6 0.7772617819057448 0.25131282820705175 0.22944616443068455 0.2558139534883721
5 0.7674578603371173 0.21774193548387097 0.20983832129342966 0.2846961740435109
6 0.3543171654626763 0.36346586646661666 0.2215342277261782 0.33383345836459116
0 0.6295149638802889 0.286384096024006 0.11833505331957345 0.15941485371342837
1 0.38149294805641554 0.1340960240060015 0.17750257997936017 0.16016504126031508
13 0.7674578603371173 0.21774193548387097 0.20983832129342966 0.2846961740435109
13 0.35655314757481943 0.28507126781695424 0.17509459924320606 0.20330082520630158
11 0.7454420364637083 0.0737059264816204 0.1830065359477124 0.05438859714928732
13 0.7640178878568972 0.204801200300075 0.1802545579635363 0.2558139534883721
7 0.7772617819057448 0.25131282820705175 0.22944616443068455 0.2558139534883721
11 0.36343309253525974 0.16110277569392348 0.19642242862057105 0.1579144786196549
