1 0.6649305555555556 0.2833333333333333 0.109375 0.1388888888888889
13 0.31640625 0.47673611111111114 0.21180555555555555 0.21597222222222223
7 0.2662760416666667 0.47881944444444446 0.33203125 0.3951388888888889
13 0.6649305555555556 0.2833333333333333 0.109375 0.1388888888888889
7 0.2749565972222222 0.4696180555555556 0.3016493055555556 0.3440972222222222
1 0.2799479166666667 0.4263888888888889 0.21354166666666666 0.14027777777777778
10 0.2747395833333333 0.48333333333333334 0.3802083333333333 0.575
10 0.2523871527777778 0.49236111111111114 0.3771701388888889 0.6166666666666667
11 0.623046875 0.20625 0.19921875 0.07083333333333333
13 0.6317274305555556 0.29010416666666666 0.046440972222222224 0.14131944444444444
7 0.2554253472222222 0.47274305555555557 0.3294270833333333 0.40243055555555557
10 0.23502604166666666 0.48194444444444445 0.37890625 0.5611111111111111
10 0.3023003472222222 0.44461805555555556 0.2131076388888889 0.16909722222222223
7 0.2747395833333333 0.48333333333333334 0.3802083333333333 0.575
13 0.6438802083333334 0.2925347222222222 0.062065972222222224 0.12881944444444443
9 0.4822048611111111 0.7980902777777777 0.2465277777777778 0.40381944444444445
