11 0.11042837078651685 0.8421484888304862 0.04529494382022472 0.08771353482260184
8 0.3433988764044944 0.6054533508541393 0.12219101123595505 0.13009198423127463
10 0.10884831460674158 0.8508541392904073 0.08216292134831461 0.11038107752956636
11 0.11938202247191011 0.8485545335085414 0.07654494382022473 0.13994743758212877
9 0.3433988764044944 0.6268068331143233 0.12289325842696629 0.14323258869908015
8 0.3433988764044944 0.6268068331143233 0.12289325842696629 0.14323258869908015
11 0.10884831460674158 0.8508541392904073 0.08216292134831461 0.11038107752956636
9 0.12780898876404495 0.6062746386333772 0.04915730337078652 0.11662286465177397
7 0.3433988764044944 0.6054533508541393 0.12219101123595505 0.13009198423127463
8 0.34252106741573035 0.6199080157687253 0.10849719101123595 0.1287779237844941
10 0.11042837078651685 0.8421484888304862 0.04529494382022472 0.08771353482260184
11 0.12780898876404495 0.6062746386333772 0.04915730337078652 0.11662286465177397
