3 0.5516493055555556 0.6397569444444444 0.4496527777777778 0.2065972222222222
10 0.7875434027777778 0.7611111111111111 0.12456597222222222 0.1527777777777778
7 0.7877604166666666 0.7253472222222223 0.07378472222222222 0.09236111111111112
7 0.4173177083333333 0.34618055555555555 0.07769097222222222 0.10486111111111111
10 0.7927517361111112 0.7227430555555555 0.1427951388888889 0.18368055555555557
4 0.2150607638888889 0.4078125 0.0959201388888889 0.07465277777777778
7 0.21571180555555555 0.5789930555555556 0.1736111111111111 0.10729166666666666
10 0.21158854166666666 0.6234375 0.2495659722222222 0.271875
3 0.5345052083333334 0.6442708333333333 0.4657118055555556 0.20243055555555556
10 0.23155381944444445 0.6227430555555555 0.2877604166666667 0.1920138888888889
7 0.2046440972222222 0.571875 0.1801215277777778 0.07569444444444444
7 0.23502604166666666 0.5630208333333333 0.2521701388888889 0.11631944444444445
10 0.1976996527777778 0.6220486111111111 0.22265625 0.21770833333333334
4 0.3313802083333333 0.49982638888888886 0.1271701388888889 0.08506944444444445
4 0.21571180555555555 0.5789930555555556 0.1736111111111111 0.10729166666666666
6 0.2280815972222222 0.4046875 0.07161458333333333 0.06284722222222222
10 0.7918836805555556 0.7354166666666667 0.16710069444444445 0.12569444444444444
8 0.4173177083333333 0.34618055555555555 0.07769097222222222 0.10486111111111111
7 0.2228732638888889 0.40555555555555556 0.05164930555555555 0.06944444444444445
