10 1449.0 1445.0 462.0 362.0
4 1253.5 638.0 253.0 270.0
7 1253.5 638.0 253.0 270.0
11 1557.5 985.5 123.0 623.0
7 1222.0 560.5 302.0 309.0
11 1583.5 1333.5 169.0 381.0
7 1557.5 985.5 123.0 623.0
11 1394.5 823.0 465.0 852.0
8 1412.5 1112.5 73.0 95.0
7 1260.5 608.0 331.0 350.0
7 1369.0 1009.0 454.0 746.0
9 1016.0 1404.5 408.0 583.0
7 1411.0 1321.5 346.0 227.0
4 1260.5 608.0 331.0 350.0
1 1222.0 560.5 302.0 309.0
9 984.0 1064.5 426.0 1301.0
11 1272.5 498.0 373.0 224.0
8 1485.0 1082.0 78.0 124.0
10 1485.5 1531.5 293.0 429.0
