6 0.8387602981561396 0.47146351406441095 0.12710867006669282 0.12352221769262128
4 0.8287563750490389 0.46718304117407256 0.06708513142408788 0.07908683245006115
3 0.6014123185562966 0.6347329800244599 0.49823460180462925 0.1581736649001223
3 0.6074931345625736 0.5953933958418264 0.49862691251471164 0.17651854871585812
7 0.24695959199686152 0.5776600081532817 0.1887014515496273 0.07582551977170811
9 0.8672028246371126 0.5955972278842234 0.10474695959199685 0.16143497757847533
0 0.5874852883483719 0.35466775377089277 0.12357787367595136 0.14349775784753363
0 0.5884660651235779 0.37729311047696695 0.12083169870537466 0.1626579698328577
3 0.6118085523734798 0.6298410110069302 0.531581012161632 0.09294741133306156
7 0.8672028246371126 0.5955972278842234 0.10474695959199685 0.16143497757847533
0 0.5994507650058847 0.3609865470852018 0.1169085916045508 0.15287403179779863
13 0.24695959199686152 0.5776600081532817 0.1887014515496273 0.07582551977170811
4 0.8315025500196155 0.4751324908275581 0.13456257355825815 0.4154097024052181
7 0.8387602981561396 0.47146351406441095 0.12710867006669282 0.12352221769262128
