8 752.0 1664.5 78.0 61.0
8 507.5 1577.5 67.0 51.0
8 2018.5 1306.0 89.0 72.0
8 516.0 930.5 56.0 59.0
11 1018.5 295.0 271.0 108.0
8 744.5 1100.0 73.0 68.0
0 1566.0 806.5 432.0 409.0
8 517.5 1580.0 73.0 78.0
8 2024.5 1313.5 71.0 69.0
8 1739.0 1182.5 102.0 63.0
8 1745.5 1210.0 137.0 132.0
8 2049.5 1405.5 77.0 73.0
8 1803.5 575.5 81.0 81.0
0 1596.0 754.5 324.0 383.0
13 2170.0 1626.0 70.0 70.0
8 659.5 1251.0 67.0 62.0
8 513.5 1581.5 83.0 63.0
9 517.5 1580.0 73.0 78.0
0 1571.0 759.0 376.0 336.0
8 1734.0 1413.0 118.0 118.0
8 665.0 1710.5 80.0 71.0
8 510.0 931.0 60.0 52.0
8 2022.0 1308.0 78.0 60.0
9 2024.5 1313.5 71.0 69.0
