4 0.7534763607469209 0.5678615196078431 0.30552244735796585 0.42432598039215685
4 0.25764799364322605 0.5318627450980392 0.3230035756853397 0.5202205882352942
4 0.7361938816050854 0.5957414215686274 0.33134684147794996 0.4206495098039216
11 0.3267779102105681 0.21798406862745098 0.1855383392928089 0.045649509803921566
7 0.7361938816050854 0.5957414215686274 0.33134684147794996 0.4206495098039216
7 0.25764799364322605 0.5318627450980392 0.3230035756853397 0.5202205882352942
9 0.797377830750894 0.7919730392156863 0.1764004767580453 0.11090686274509803
7 0.7534763607469209 0.5678615196078431 0.30552244735796585 0.42432598039215685
0 0.5818434644417958 0.35401348039215685 0.11640842272546682 0.0897671568627451
7 0.24056416368692887 0.5520833333333334 0.354787445371474 0.5238970588235294
11 0.6835518474374255 0.2106311274509804 0.15534366309098133 0.05361519607843137
11 0.32995629717918157 0.21629901960784315 0.1394517282479142 0.044730392156862746
4 0.24056416368692887 0.5520833333333334 0.354787445371474 0.5238970588235294
0 0.5752880413190306 0.36106004901960786 0.1279300754866905 0.11488970588235294
