9 354.0 1735.0 88.0 58.0
13 429.5 2032.5 233.0 89.0
0 1484.0 1074.5 310.0 291.0
8 684.0 2126.0 118.0 102.0
13 434.0 1705.5 222.0 107.0
2 2000.0 1755.5 128.0 105.0
9 397.5 2029.5 165.0 89.0
2 621.0 1758.0 72.0 94.0
8 621.5 1547.0 73.0 86.0
9 684.0 2126.0 118.0 102.0
2 2012.0 1747.0 92.0 116.0
8 693.0 2125.0 92.0 84.0
8 2000.0 1755.5 128.0 105.0
9 622.0 1752.0 78.0 100.0
8 688.5 2127.0 111.0 86.0
9 2012.0 1747.0 92.0 116.0
2 605.0 1568.0 90.0 96.0
8 404.5 2032.0 171.0 68.0
11 876.5 601.0 409.0 122.0
