1 1231.0 287.5 380.0 257.0
10 314.5 1546.5 145.0 143.0
10 1607.5 1416.0 75.0 138.0
10 315.0 1597.0 148.0 178.0
11 315.0 1597.0 148.0 178.0
7 1474.5 596.0 337.0 626.0
7 1466.5 679.0 391.0 676.0
7 1170.5 393.5 259.0 413.0
11 1170.5 393.5 259.0 413.0
7 605.5 396.0 283.0 406.0
13 617.5 372.0 327.0 416.0
6 1474.5 596.0 337.0 626.0
11 1246.5 274.5 365.0 245.0
10 1598.5 1445.0 125.0 170.0
7 617.5 372.0 327.0 416.0
11 1598.5 1445.0 125.0 170.0
6 1428.5 682.5 425.0 783.0
11 1607.5 1416.0 75.0 138.0
13 642.5 395.5 343.0 371.0
6 642.5 395.5 343.0 371.0
13 1428.5 682.5 425.0 783.0
11 314.5 1546.5 145.0 143.0
