9 0.2144603562696472 0.46214574898785427 0.036325532658050996 0.020647773279352227
3 0.5232273838630807 0.712753036437247 0.43311212015368494 0.08866396761133603
0 0.5405169402724415 0.362753036437247 0.09605309116311561 0.14493927125506073
7 0.2237163814180929 0.4609311740890688 0.022004889975550123 0.025506072874493926
3 0.5312609151239958 0.7421052631578947 0.4393992315752707 0.11983805668016194
0 0.5328326929793923 0.3595141700404858 0.11561299336360462 0.145748987854251
11 0.2492141110723018 0.20283400809716598 0.06182326231225987 0.09473684210526316
3 0.5242752357666783 0.6961538461538461 0.44289207125392943 0.1194331983805668
13 0.2144603562696472 0.46214574898785427 0.036325532658050996 0.020647773279352227
0 0.539294446384911 0.35688259109311743 0.10688089416695774 0.13238866396761134
