4 0.7116635687732342 0.4680451127819549 0.15288104089219332 0.1193609022556391
6 0.7430297397769516 0.5209116541353384 0.15613382899628253 0.23637218045112782
4 0.679135687732342 0.48989661654135336 0.06923791821561338 0.06907894736842106
0 0.5934014869888475 0.35949248120300753 0.10315985130111524 0.12030075187969924
4 0.7362918215613383 0.587875939849624 0.12871747211895912 0.1287593984962406
7 0.7307156133828996 0.6226503759398496 0.10734200743494424 0.08270676691729323
6 0.7362918215613383 0.587875939849624 0.12871747211895912 0.1287593984962406
7 0.7116635687732342 0.4680451127819549 0.15288104089219332 0.1193609022556391
7 0.24721189591078066 0.5326597744360902 0.20353159851301114 0.30028195488721804
5 0.24721189591078066 0.5326597744360902 0.20353159851301114 0.30028195488721804
10 0.7929832713754646 0.6738721804511278 0.08131970260223048 0.09586466165413533
6 0.2662639405204461 0.5963345864661654 0.16356877323420074 0.143796992481203
7 0.7362918215613383 0.587875939849624 0.12871747211895912 0.1287593984962406
4 0.7258364312267658 0.612312030075188 0.10223048327137546 0.09680451127819549
10 0.7730018587360595 0.6637687969924813 0.133364312267658 0.10949248120300752
8 0.24721189591078066 0.5326597744360902 0.20353159851301114 0.30028195488721804
13 0.7523234200743495 0.44642857142857145 0.062267657992565055 0.05451127819548872
4 0.6721654275092936 0.49295112781954886 0.0803903345724907 0.06390977443609022
10 0.7627788104089219 0.6870300751879699 0.15009293680297398 0.12030075187969924
3 0.49697955390334575 0.6383928571428571 0.3350371747211896 0.15460526315789475
