7 0.7351190476190477 0.29011194029850745 0.17471988795518206 0.1256218905472637
11 0.06775210084033613 0.9266169154228856 0.016456582633053222 0.029850746268656716
13 0.6990546218487395 0.28093905472636815 0.17471988795518206 0.13774875621890548
11 0.7120098039215687 0.18128109452736318 0.109593837535014 0.041044776119402986
0 0.5658263305322129 0.4001865671641791 0.11064425770308123 0.09825870646766169
10 0.06775210084033613 0.9266169154228856 0.016456582633053222 0.029850746268656716
11 0.8961834733893558 0.9805659203980099 0.025560224089635854 0.033893034825870645
11 0.6927521008403361 0.18734452736318408 0.13830532212885155 0.030783582089552237
11 0.8937324929971989 0.9788557213930348 0.04446778711484594 0.03171641791044776
13 0.22478991596638656 0.2916666666666667 0.04481792717086835 0.018034825870646767
10 0.8961834733893558 0.9805659203980099 0.025560224089635854 0.033893034825870645
10 0.8937324929971989 0.9788557213930348 0.04446778711484594 0.03171641791044776
11 0.7169117647058824 0.19138681592039802 0.14390756302521007 0.05006218905472637
13 0.22391456582633054 0.2896455223880597 0.045168067226890755 0.020833333333333332
11 0.4065126050420168 0.17817164179104478 0.08893557422969188 0.017412935323383085
