11 0.38718487394957984 0.1389723056389723 0.16596638655462184 0.02769436102769436
11 0.3840336134453782 0.13963963963963963 0.17899159663865546 0.030363697030363696
0 0.628781512605042 0.3898898898898899 0.12899159663865548 0.10777444110777444
0 0.6315126050420168 0.39773106439773104 0.1361344537815126 0.10477143810477144
13 0.9058823529411765 0.6848515181848516 0.07647058823529412 0.10176843510176843
13 0.890126050420168 0.5083416750083417 0.061764705882352944 0.01768435101768435
6 0.7842436974789916 0.5108441775108442 0.2777310924369748 0.2042042042042042
3 0.6634453781512605 0.7422422422422422 0.48823529411764705 0.1264597931264598
0 0.6294117647058823 0.42042042042042044 0.13109243697478992 0.15215215215215216
3 0.6602941176470588 0.7614280947614281 0.47436974789915964 0.08274941608274941
6 0.8 0.5046713380046713 0.17142857142857143 0.20987654320987653
13 0.3042016806722689 0.684351017684351 0.253781512605042 0.04337671004337671
13 0.7151260504201681 0.34801468134801467 0.037815126050420166 0.05205205205205205
7 0.7388655462184874 0.5211878545211879 0.13403361344537815 0.1688355021688355
11 0.7014705882352941 0.17851184517851185 0.16092436974789917 0.04871538204871538
5 0.8 0.5046713380046713 0.17142857142857143 0.20987654320987653
11 0.6964285714285714 0.160326993660327 0.1323529411764706 0.04237570904237571
