8 0.7695007800312013 0.5526521060842434 0.0748829953198128 0.060842433697347896
8 0.3085023400936037 0.3625195007800312 0.029641185647425898 0.02769110764430577
11 0.4034711388455538 0.11446957878315132 0.11895475819032761 0.040171606864274574
8 0.2891965678627145 0.4494929797191888 0.03081123244929797 0.03471138845553822
8 0.8270280811232449 0.516965678627145 0.03159126365054602 0.03939157566302652
8 0.30109204368174725 0.21177847113884554 0.0374414976599064 0.02418096723868955
8 0.828003120124805 0.5136505460218409 0.041341653666146644 0.041341653666146644
0 0.641965678627145 0.2786661466458658 0.12090483619344773 0.11661466458658347
8 0.8260530421216848 0.516380655226209 0.04914196567862714 0.038221528861154444
8 0.890210608424337 0.7425897035881436 0.019890795631825272 0.02418096723868955
8 0.8235179407176287 0.6056942277691107 0.02847113884555382 0.02262090483619345
8 0.21509360374414976 0.7043681747269891 0.02535101404056162 0.0234009360374415
8 0.296801872074883 0.5360764430577223 0.014820592823712949 0.015990639625585022
8 0.30674726989079565 0.36017940717628705 0.02613104524180967 0.02769110764430577
8 0.29816692667706707 0.5362714508580343 0.015990639625585022 0.01638065522620905
8 0.30635725429017163 0.3631045241809672 0.02535101404056162 0.02262090483619345
8 0.21587363494539782 0.5267160686427457 0.040171606864274574 0.041731669266770674
0 0.640015600624025 0.28568642745709827 0.11154446177847113 0.13611544461778471
3 0.6017940717628705 0.7137285491419657 0.4719188767550702 0.15990639625585024
3 0.5976989079563183 0.6704368174726989 0.46060842433697347 0.1684867394695788
8 0.7829563182527302 0.5602574102964119 0.038611544461778474 0.04095163806552262
8 0.21762870514820593 0.531396255850234 0.029641185647425898 0.033931357254290175
8 0.2903666146645866 0.4494929797191888 0.032371294851794075 0.03627145085803432
8 0.30206708268330734 0.20826833073322934 0.02769110764430577 0.028861154446177848
8 0.2874414976599064 0.4483229329173167 0.0421216848673947 0.038611544461778474
8 0.3369734789391576 0.6195397815912637 0.0249609984399376 0.03003120124804992
8 0.7788611544461779 0.5606474258970359 0.031201248049921998 0.03471138845553822
8 0.2960218408736349 0.5360764430577223 0.028861154446177848 0.015210608424336974
