13 340.0 1344.0 354.0 200.0
2 340.0 1344.0 354.0 200.0
0 1089.5 1080.5 221.0 275.0
7 596.0 1188.0 272.0 154.0
3 1125.0 1782.0 936.0 314.0
3 1106.0 1766.5 910.0 323.0
13 302.0 1310.5 266.0 127.0
13 509.5 1153.5 119.0 105.0
7 190.0 1267.0 124.0 136.0
13 343.5 1327.0 231.0 84.0
7 449.0 1363.5 162.0 181.0
6 596.0 1188.0 272.0 154.0
11 503.0 675.0 126.0 60.0
0 1079.0 1058.0 246.0 216.0
2 436.5 1358.0 147.0 164.0
0 1075.5 1086.5 253.0 309.0
11 93.5 2020.0 129.0 176.0
10 93.5 2020.0 129.0 176.0
2 509.5 1153.5 119.0 105.0
7 452.5 1063.0 587.0 716.0
3 1115.0 1832.5 940.0 321.0
7 457.5 1093.0 601.0 730.0
