13 0.263671875 0.1607638888888889 0.18619791666666666 0.125
2 0.2532552083333333 0.1545138888888889 0.17664930555555555 0.11597222222222223
4 0.1994357638888889 0.18697916666666667 0.05772569444444445 0.036458333333333336
13 0.2532552083333333 0.1545138888888889 0.17664930555555555 0.11597222222222223
11 0.2725694444444444 0.09079861111111111 0.14322916666666666 0.022569444444444444
2 0.263671875 0.1607638888888889 0.18619791666666666 0.125
8 0.1994357638888889 0.18697916666666667 0.05772569444444445 0.036458333333333336
11 0.23828125 0.11128472222222222 0.17447916666666666 0.04618055555555556
13 0.2515190972222222 0.15729166666666666 0.19401041666666666 0.10902777777777778
11 0.2662760416666667 0.10555555555555556 0.17057291666666666 0.04583333333333333
