11 0.4694010416666667 0.08837890625 0.0546875 0.0107421875
13 0.431640625 0.17041015625 0.162109375 0.16764322916666666
0 0.6202799479166666 0.24495442708333334 0.08626302083333333 0.09928385416666667
11 0.6595052083333334 0.10221354166666667 0.042317708333333336 0.014973958333333334
0 0.619140625 0.24918619791666666 0.08919270833333333 0.1123046875
5 0.373046875 0.5066731770833334 0.12044270833333333 0.1884765625
13 0.4436848958333333 0.14664713541666666 0.150390625 0.18131510416666666
13 0.4461263020833333 0.1708984375 0.12076822916666667 0.18033854166666666
0 0.6189778645833334 0.24300130208333334 0.08365885416666667 0.0849609375
2 0.6365559895833334 0.2537434895833333 0.028971354166666668 0.0263671875
3 0.5862630208333334 0.5431315104166666 0.2877604166666667 0.14290364583333334
3 0.5906575520833334 0.5602213541666666 0.2900390625 0.107421875
9 0.52392578125 0.4625651041666667 0.08821614583333333 0.2578125
