3 0.5468447541618273 0.6424455825864277 0.4262485481997677 0.11395646606914213
0 0.5627177700348432 0.3634763124199744 0.10104529616724739 0.07970550576184379
0 0.5524583817266744 0.37083866837387963 0.11769260549748355 0.09955185659411012
13 0.8238482384823849 0.6586107554417413 0.053426248548199766 0.08290653008962869
13 0.8172667440960124 0.6592509603072984 0.0402632597754549 0.07778489116517286
8 0.20576848625629113 0.614596670934699 0.0429732868757259 0.04353393085787452
3 0.5559427022841656 0.6534891165172856 0.445993031358885 0.11363636363636363
0 0.5549748354626404 0.3769206145966709 0.10878823073945025 0.09507042253521127
3 0.5454897406116919 0.6459667093469911 0.4367015098722416 0.088348271446863
13 0.7866821525358111 0.6501280409731114 0.09523809523809523 0.088348271446863
