6 0.2819010416666667 0.6289930555555555 0.16015625 0.128125
13 0.8511284722222222 0.521875 0.08159722222222222 0.07569444444444444
13 0.283203125 0.38472222222222224 0.07335069444444445 0.07777777777777778
0 0.6082899305555556 0.4092013888888889 0.13671875 0.165625
0 0.6221788194444444 0.4088541666666667 0.10460069444444445 0.17118055555555556
0 0.6215277777777778 0.3980902777777778 0.11371527777777778 0.1267361111111111
6 0.24131944444444445 0.6157986111111111 0.16145833333333334 0.11909722222222222
5 0.2890625 0.6213541666666667 0.1545138888888889 0.11770833333333333
6 0.8396267361111112 0.5434027777777778 0.08289930555555555 0.043055555555555555
11 0.7309027777777778 0.23229166666666667 0.1423611111111111 0.05
