13 0.2584808259587021 0.4330575980392157 0.12389380530973451 0.05422794117647059
8 0.22252949852507375 0.4016544117647059 0.09107669616519173 0.06924019607843138
0 0.5783554572271387 0.33486519607843135 0.09476401179941003 0.08823529411764706
10 0.0790929203539823 0.8923100490196079 0.049778761061946904 0.0664828431372549
11 0.07798672566371681 0.8950674019607843 0.054941002949852505 0.08670343137254902
13 0.22437315634218288 0.4085477941176471 0.08517699115044247 0.07199754901960784
8 0.22160766961651918 0.4013480392156863 0.08997050147492626 0.06678921568627451
13 0.2675147492625369 0.421875 0.1338495575221239 0.08517156862745098
11 0.07964601769911504 0.8999693627450981 0.04498525073746313 0.06587009803921569
8 0.7813421828908554 0.26424632352941174 0.015486725663716814 0.018075980392156864
5 0.8123156342182891 0.6050857843137255 0.11209439528023599 0.22855392156862744
11 0.0790929203539823 0.8923100490196079 0.049778761061946904 0.0664828431372549
5 0.24373156342182892 0.6182598039215687 0.15486725663716813 0.20220588235294118
10 0.07798672566371681 0.8950674019607843 0.054941002949852505 0.08670343137254902
