13 0.3166232638888889 0.3329861111111111 0.1540798611111111 0.0875
13 0.2805989583333333 0.3236111111111111 0.2712673611111111 0.19722222222222222
13 0.7838541666666666 0.39791666666666664 0.19010416666666666 0.275
8 0.7838541666666666 0.39791666666666664 0.19010416666666666 0.275
11 0.28125 0.3121527777777778 0.3133680555555556 0.21041666666666667
6 0.3166232638888889 0.3329861111111111 0.1540798611111111 0.0875
5 0.2797309027777778 0.43385416666666665 0.2816840277777778 0.3628472222222222
5 0.7220052083333334 0.4230902777777778 0.2738715277777778 0.4079861111111111
13 0.28125 0.3121527777777778 0.3133680555555556 0.21041666666666667
13 0.626953125 0.2387152777777778 0.07421875 0.084375
1 0.27734375 0.2894097222222222 0.2916666666666667 0.18159722222222222
5 0.7862413194444444 0.40520833333333334 0.1792534722222222 0.325
1 0.2805989583333333 0.3236111111111111 0.2712673611111111 0.19722222222222222
