13 0.676844262295082 0.2794921875 0.3086065573770492 0.292578125
8 0.2 0.6388671875 0.04836065573770492 0.035546875
13 0.2649590163934426 0.490625 0.3610655737704918 0.7015625
2 0.14754098360655737 0.48046875 0.03360655737704918 0.05390625
13 0.2647540983606557 0.3984375 0.19918032786885245 0.33125
8 0.2647540983606557 0.42421875 0.05 0.0296875
8 0.20471311475409837 0.5111328125 0.10122950819672132 0.098828125
13 0.7241803278688524 0.229296875 0.1 0.12109375
13 0.25901639344262295 0.333203125 0.17868852459016393 0.1171875
8 0.2649590163934426 0.490625 0.3610655737704918 0.7015625
8 0.2647540983606557 0.3984375 0.19918032786885245 0.33125
7 0.2647540983606557 0.3984375 0.19918032786885245 0.33125
8 0.1944672131147541 0.63359375 0.05778688524590164 0.0453125
