11 0.33319256756756754 0.0881542699724518 0.060810810810810814 0.02203856749311295
3 0.5240709459459459 0.5685261707988981 0.4864864864864865 0.1928374655647383
13 0.7901182432432432 0.4681473829201102 0.11739864864864864 0.03409090909090909
3 0.5306165540540541 0.5761019283746557 0.4936655405405405 0.18663911845730027
0 0.5563766891891891 0.2675619834710744 0.1414695945945946 0.1246556473829201
8 0.11739864864864864 0.5141184573002755 0.016891891891891893 0.013774104683195593
7 0.16828547297297297 0.6427341597796143 0.18201013513513514 0.13050964187327824
0 0.5525760135135135 0.2596418732782369 0.14907094594594594 0.1246556473829201
0 0.5521537162162162 0.27582644628099173 0.1701858108108108 0.1494490358126722
3 0.527660472972973 0.6036501377410468 0.4877533783783784 0.1790633608815427
9 0.16828547297297297 0.6427341597796143 0.18201013513513514 0.13050964187327824
