6 0.27001953125 0.47265625 0.2796223958333333 0.4459635416666667
13 0.68798828125 0.50732421875 0.2236328125 0.3909505208333333
13 0.27001953125 0.47265625 0.2796223958333333 0.4459635416666667
9 0.349609375 0.2669270833333333 0.14583333333333334 0.14908854166666666
5 0.2911783854166667 0.4423828125 0.2718098958333333 0.4381510416666667
5 0.6722005208333334 0.5227864583333334 0.2578125 0.4069010416666667
6 0.2911783854166667 0.4423828125 0.2718098958333333 0.4381510416666667
9 0.2911783854166667 0.4423828125 0.2718098958333333 0.4381510416666667
9 0.6700846354166666 0.3191731770833333 0.1513671875 0.1591796875
6 0.28173828125 0.4754231770833333 0.2965494791666667 0.4326171875
13 0.6722005208333334 0.5227864583333334 0.2578125 0.4069010416666667
5 0.68798828125 0.50732421875 0.2236328125 0.3909505208333333
6 0.716796875 0.5462239583333334 0.18359375 0.333984375
6 0.68798828125 0.50732421875 0.2236328125 0.3909505208333333
13 0.716796875 0.5462239583333334 0.18359375 0.333984375
0 0.55078125 0.298828125 0.08203125 0.10546875
11 0.3243815104166667 0.1962890625 0.08951822916666667 0.048177083333333336
9 0.68798828125 0.50732421875 0.2236328125 0.3909505208333333
5 0.28173828125 0.4754231770833333 0.2965494791666667 0.4326171875
0 0.5520833333333334 0.3134765625 0.10546875 0.09765625
0 0.5595703125 0.3229166666666667 0.11002604166666667 0.12760416666666666
13 0.28173828125 0.4754231770833333 0.2965494791666667 0.4326171875
6 0.6722005208333334 0.5227864583333334 0.2578125 0.4069010416666667
13 0.2911783854166667 0.4423828125 0.2718098958333333 0.4381510416666667
