11 1905.5 721.0 403.0 212.0
5 774.0 1608.5 794.0 1675.0
8 1884.0 1687.5 618.0 749.0
10 2381.5 2154.0 183.0 162.0
5 2016.5 1402.5 685.0 1441.0
13 1997.0 1421.5 698.0 1489.0
9 2016.5 1402.5 685.0 1441.0
11 2419.0 2155.0 182.0 210.0
7 1886.5 1626.5 553.0 665.0
10 2419.0 2155.0 182.0 210.0
3 1884.0 1687.5 618.0 749.0
5 742.5 1621.5 695.0 1541.0
5 734.0 1640.5 710.0 1511.0
5 1997.0 1421.5 698.0 1489.0
13 742.5 1621.5 695.0 1541.0
8 1882.0 1609.0 564.0 658.0
7 1882.0 1609.0 564.0 658.0
9 734.0 1640.5 710.0 1511.0
5 2032.5 1421.5 805.0 1385.0
13 734.0 1640.5 710.0 1511.0
13 2016.5 1402.5 685.0 1441.0
8 1886.5 1626.5 553.0 665.0
