0 0.545217803030303 0.3302047781569966 0.11979166666666667 0.12457337883959044
0 0.5383522727272727 0.32060580204778155 0.14583333333333334 0.10110921501706485
11 0.8589015151515151 0.6062286689419796 0.04450757575757576 0.09897610921501707
3 0.5411931818181818 0.615401023890785 0.41761363636363635 0.1318259385665529
3 0.545217803030303 0.6077218430034129 0.43134469696969696 0.14462457337883958
0 0.5421401515151515 0.322098976109215 0.11174242424242424 0.1015358361774744
10 0.8589015151515151 0.6062286689419796 0.04450757575757576 0.09897610921501707
3 0.5371685606060606 0.6004692832764505 0.3915719696969697 0.12585324232081913
13 0.22348484848484848 0.3602815699658703 0.013257575757575758 0.02773037542662116
11 0.8413825757575758 0.6038822525597269 0.028409090909090908 0.03967576791808874
