13 0.23155893536121672 0.4035851026801253 0.12167300380228137 0.06787330316742081
11 0.6866920152091255 0.10685694396101636 0.21216730038022813 0.08980160111381831
7 0.3220532319391635 0.22119735468151758 0.2920152091254753 0.31152105812739295
13 0.7539923954372624 0.2111033762617473 0.1779467680608365 0.14514444831186912
11 0.7279467680608365 0.12304211625478594 0.11749049429657794 0.05255830142707971
8 0.23155893536121672 0.4035851026801253 0.12167300380228137 0.06787330316742081
8 0.2247148288973384 0.3887922032718413 0.022813688212927757 0.02018795683954055
8 0.1788973384030418 0.40845805777932476 0.005703422053231939 0.01148625130525583
13 0.8420152091254753 0.31952662721893493 0.07338403041825095 0.04942568743473721
8 0.8224334600760457 0.32457361642882004 0.03878326996197719 0.02888966237382527
8 0.1865019011406844 0.43125652627915073 0.011026615969581748 0.009745910198398886
13 0.3220532319391635 0.22119735468151758 0.2920152091254753 0.31152105812739295
13 0.7600760456273764 0.2384267316394013 0.2600760456273764 0.22554820744865994
8 0.40836501901140687 0.4568395405499478 0.04638783269961977 0.06369648451096414
13 0.8325095057034221 0.32526975287156284 0.08479087452471483 0.06439262095370693
8 0.2252851711026616 0.3043856595892795 0.09011406844106463 0.0901496693351897
11 0.6876425855513308 0.1054646710755308 0.2429657794676806 0.08492864601461887
13 0.7416349809885932 0.21841280891054646 0.15247148288973383 0.12495649147232858
13 0.3066539923954373 0.2916811695092238 0.26045627376425856 0.2916811695092238
1 0.3249049429657795 0.16515837104072398 0.22547528517110266 0.13609467455621302
13 0.2252851711026616 0.3043856595892795 0.09011406844106463 0.0901496693351897
0 0.5781368821292776 0.28106508875739644 0.14486692015209127 0.1458405847546119
8 0.23403041825095058 0.41802993386703796 0.02623574144486692 0.021580229725026105
8 0.28517110266159695 0.3907065784893839 0.02585551330798479 0.02262443438914027
