8 0.7710503472222222 0.48211805555555554 0.2443576388888889 0.2878472222222222
0 0.5705295138888888 0.3831597222222222 0.1115451388888889 0.090625
4 0.7888454861111112 0.48663194444444446 0.26171875 0.28923611111111114
7 0.7888454861111112 0.48663194444444446 0.26171875 0.28923611111111114
8 0.7888454861111112 0.48663194444444446 0.26171875 0.28923611111111114
7 0.7699652777777778 0.4722222222222222 0.2682291666666667 0.32916666666666666
8 0.7699652777777778 0.4722222222222222 0.2682291666666667 0.32916666666666666
11 0.7699652777777778 0.4722222222222222 0.2682291666666667 0.32916666666666666
3 0.58984375 0.7142361111111111 0.4244791666666667 0.08472222222222223
0 0.5687934027777778 0.38784722222222223 0.1332465277777778 0.09652777777777778
