3 0.5835 0.680104961832061 0.472 0.17223282442748092
0 0.56075 0.3284828244274809 0.1145 0.14837786259541985
7 0.28275 0.2788645038167939 0.0475 0.03196564885496183
8 0.81325 0.4520515267175573 0.0525 0.050095419847328244
0 0.55225 0.32395038167938933 0.1225 0.1269083969465649
9 0.20425 0.5868320610687023 0.0855 0.09351145038167939
9 0.81025 0.4544370229007634 0.0475 0.0491412213740458
9 0.2075 0.5834923664122137 0.078 0.09923664122137404
9 0.81325 0.4520515267175573 0.0525 0.050095419847328244
7 0.2035 0.5932729007633588 0.072 0.06536259541984733
7 0.80825 0.4551526717557252 0.0595 0.05629770992366412
3 0.5825 0.6822519083969466 0.477 0.17270992366412213
3 0.57825 0.7020515267175572 0.4745 0.16459923664122136
8 0.81025 0.4544370229007634 0.0475 0.0491412213740458
0 0.55475 0.3175095419847328 0.1125 0.12166030534351145
7 0.70725 0.2989026717557252 0.0495 0.040553435114503815
