0 0.5217013888888888 0.3657986111111111 0.11024305555555555 0.08993055555555556
8 0.5831163194444444 0.26006944444444446 0.009982638888888888 0.008333333333333333
8 0.5809461805555556 0.25885416666666666 0.015190972222222222 0.012152777777777778
13 0.6286892361111112 0.325 0.07335069444444445 0.0798611111111111
8 0.7287326388888888 0.440625 0.017361111111111112 0.011111111111111112
11 0.2866753472222222 0.22690972222222222 0.15147569444444445 0.023958333333333335
11 0.5685763888888888 0.20902777777777778 0.13802083333333334 0.022222222222222223
7 0.6573350694444444 0.27708333333333335 0.061197916666666664 0.04652777777777778
0 0.5151909722222222 0.3697916666666667 0.13802083333333334 0.10138888888888889
13 0.6354166666666666 0.31232638888888886 0.09288194444444445 0.146875
8 0.658203125 0.2796875 0.05946180555555555 0.03923611111111111
0 0.5206163194444444 0.3993055555555556 0.13932291666666666 0.1638888888888889
