11 0.4345703125 0.14322916666666666 0.08919270833333333 0.018229166666666668
9 0.5040690104166666 0.353515625 0.12076822916666667 0.466796875
3 0.6083984375 0.5533854166666666 0.3541666666666667 0.13932291666666666
0 0.5696614583333334 0.3009440104166667 0.076171875 0.08235677083333333
9 0.3673502604166667 0.2869466145833333 0.019205729166666668 0.019856770833333332
0 0.56591796875 0.3024088541666667 0.08561197916666667 0.09700520833333333
13 0.3660481770833333 0.28271484375 0.019856770833333332 0.019205729166666668
13 0.3644205729166667 0.39794921875 0.1103515625 0.0205078125
3 0.6070963541666666 0.53662109375 0.359375 0.1767578125
2 0.5861002604166666 0.3035481770833333 0.025716145833333332 0.06673177083333333
8 0.3660481770833333 0.2838541666666667 0.0185546875 0.015625
3 0.6007486979166666 0.5506184895833334 0.3434244791666667 0.053059895833333336
11 0.6847330729166666 0.1513671875 0.0712890625 0.050130208333333336
