13 0.25390625 0.5342013888888889 0.16666666666666666 0.05590277777777778
13 0.24869791666666666 0.5255208333333333 0.15625 0.05243055555555556
9 0.2717013888888889 0.6342013888888889 0.2361111111111111 0.13229166666666667
3 0.5486111111111112 0.5777777777777777 0.4036458333333333 0.13055555555555556
13 0.2365451388888889 0.4765625 0.078125 0.022569444444444444
0 0.5696614583333334 0.33402777777777776 0.09071180555555555 0.1
0 0.5464409722222222 0.35746527777777776 0.1362847222222222 0.159375
13 0.2526041666666667 0.5085069444444444 0.16927083333333334 0.08854166666666667
10 0.3025173611111111 0.6173611111111111 0.3151041666666667 0.12430555555555556
10 0.2625868055555556 0.590625 0.2534722222222222 0.10138888888888889
