10 0.03602430555555555 0.7414930555555556 0.041666666666666664 0.06979166666666667
12 0.21419270833333334 0.40989583333333335 0.3806423611111111 0.490625
10 0.039713541666666664 0.7432291666666667 0.06032986111111111 0.06076388888888889
0 0.5023871527777778 0.3480902777777778 0.11848958333333333 0.09409722222222222
11 0.2541232638888889 0.18385416666666668 0.1401909722222222 0.03854166666666667
12 0.1870659722222222 0.3784722222222222 0.3428819444444444 0.41597222222222224
11 0.11436631944444445 0.6904513888888889 0.06640625 0.030208333333333334
11 0.039713541666666664 0.7432291666666667 0.06032986111111111 0.06076388888888889
10 0.08897569444444445 0.7692708333333333 0.14930555555555555 0.07256944444444445
12 0.2204861111111111 0.3831597222222222 0.3741319444444444 0.44479166666666664
9 0.12630208333333334 0.6920138888888889 0.1076388888888889 0.04236111111111111
11 0.03602430555555555 0.7414930555555556 0.041666666666666664 0.06979166666666667
