11 0.3322482638888889 0.12916666666666668 0.1072048611111111 0.05347222222222222
11 0.19791666666666666 0.5265625 0.06510416666666667 0.18159722222222222
10 0.2029079861111111 0.6024305555555556 0.10980902777777778 0.08888888888888889
2 0.1918402777777778 0.5355902777777778 0.0642361111111111 0.19131944444444443
11 0.3461371527777778 0.125 0.10460069444444445 0.04027777777777778
4 0.2738715277777778 0.49600694444444443 0.1423611111111111 0.10451388888888889
7 0.2710503472222222 0.5006944444444444 0.15234375 0.16666666666666666
13 0.3328993055555556 0.1890625 0.1440972222222222 0.12534722222222222
7 0.2897135416666667 0.5159722222222223 0.1775173611111111 0.1597222222222222
2 0.19791666666666666 0.5265625 0.06510416666666667 0.18159722222222222
11 0.314453125 0.1251736111111111 0.07855902777777778 0.03784722222222222
2 0.1996527777777778 0.48454861111111114 0.06336805555555555 0.10868055555555556
0 0.5427517361111112 0.30104166666666665 0.10980902777777778 0.12083333333333333
10 0.19986979166666666 0.5550347222222223 0.09418402777777778 0.11631944444444445
11 0.1918402777777778 0.5355902777777778 0.0642361111111111 0.19131944444444443
11 0.1996527777777778 0.48454861111111114 0.06336805555555555 0.10868055555555556
7 0.2738715277777778 0.49600694444444443 0.1423611111111111 0.10451388888888889
13 0.3459201388888889 0.1451388888888889 0.08246527777777778 0.029166666666666667
