13 0.3226996527777778 0.5836805555555555 0.07421875 0.10833333333333334
2 0.5362413194444444 0.34791666666666665 0.06293402777777778 0.0375
13 0.1349826388888889 0.5119791666666667 0.033854166666666664 0.012152777777777778
0 0.5260416666666666 0.37604166666666666 0.11371527777777778 0.09444444444444444
0 0.5310329861111112 0.38559027777777777 0.1037326388888889 0.11006944444444444
0 0.5245225694444444 0.38090277777777776 0.1193576388888889 0.10972222222222222
3 0.5423177083333334 0.6619791666666667 0.4318576388888889 0.13159722222222223
3 0.5423177083333334 0.6678819444444445 0.4344618055555556 0.1371527777777778
11 0.580078125 0.23402777777777778 0.06553819444444445 0.020833333333333332
3 0.5473090277777778 0.6642361111111111 0.4270833333333333 0.12638888888888888
11 0.3708767361111111 0.20850694444444445 0.06901041666666667 0.010763888888888889
