0 0.5938602681721947 0.3033158813263525 0.09668313338038109 0.11448516579406631
5 0.7616443189837685 0.47277486910994765 0.25864502470007056 0.5448516579406631
8 0.7616443189837685 0.47277486910994765 0.25864502470007056 0.5448516579406631
5 0.27522935779816515 0.4862129144851658 0.23570924488355682 0.5361256544502618
8 0.27522935779816515 0.4862129144851658 0.23570924488355682 0.5361256544502618
0 0.5915666901905434 0.3111692844677138 0.11256175017642908 0.13507853403141362
5 0.2949894142554693 0.443630017452007 0.3112208892025406 0.6380453752181501
0 0.5767466478475652 0.31535776614310645 0.13867325335215244 0.14764397905759163
5 0.7009527170077628 0.4544502617801047 0.2664079040225829 0.550087260034904
5 0.2743472124206069 0.48202443280977314 0.24311926605504589 0.5312390924956369
5 0.6972477064220184 0.4584642233856894 0.23429781227946367 0.4701570680628272
