5 0.7694194603434178 0.48956426217502746 0.3499591169255928 0.6422555840351519
4 0.7645134914145544 0.6188209447088978 0.26573998364677026 0.2526547052361772
13 0.321340964840556 0.5325887953130721 0.013082583810302535 0.0032954961552544857
5 0.30682747342600164 0.48773343097766386 0.48691741618969747 0.6612962284877334
5 0.7667620605069502 0.48590259978030026 0.29231398201144726 0.6114976199194434
13 0.8192968111201963 0.4778469425119004 0.2109566639411284 0.5126327352618089
5 0.8192968111201963 0.4778469425119004 0.2109566639411284 0.5126327352618089
5 0.321340964840556 0.5325887953130721 0.013082583810302535 0.0032954961552544857
3 0.6009811937857726 0.6197363603075796 0.49304987735077677 0.23324789454412304
5 0.28618152085036797 0.48590259978030026 0.401471790678659 0.5865983156352984
