0 0.59228515625 0.2426733380986419 0.09407552083333333 0.10507505360972123
3 0.6087239583333334 0.4760543245175125 0.28515625 0.10864903502501787
13 0.6915690104166666 0.315939957112223 0.12662760416666666 0.19299499642601858
3 0.609375 0.4708720514653324 0.2936197916666667 0.14546104360257325
6 0.6953125 0.29038598999285203 0.08984375 0.11901358112937813
0 0.59228515625 0.25196568977841316 0.09147135416666667 0.13152251608291637
6 0.6915690104166666 0.315939957112223 0.12662760416666666 0.19299499642601858
3 0.6123046875 0.48355968548963546 0.3033854166666667 0.11079342387419586
0 0.5939127604166666 0.22802001429592567 0.0830078125 0.06790564689063616
6 0.6907552083333334 0.30611150822015726 0.13671875 0.16690493209435311
13 0.6907552083333334 0.30611150822015726 0.13671875 0.16690493209435311
4 0.65234375 0.2905646890636169 0.055989583333333336 0.12294496068620443
