5 0.22764756944444445 0.5170138888888889 0.20703125 0.31527777777777777
5 0.22721354166666666 0.4505208333333333 0.2400173611111111 0.5399305555555556
0 0.5173611111111112 0.28489583333333335 0.1293402777777778 0.13090277777777778
3 0.5753038194444444 0.5552083333333333 0.41796875 0.18194444444444444
3 0.5635850694444444 0.5972222222222222 0.4327256944444444 0.15486111111111112
5 0.7337239583333334 0.40625 0.18446180555555555 0.3020833333333333
3 0.5783420138888888 0.5953125 0.4092881944444444 0.10451388888888889
0 0.5245225694444444 0.2623263888888889 0.1037326388888889 0.09131944444444444
5 0.72265625 0.4479166666666667 0.23524305555555555 0.38819444444444445
0 0.5234375 0.27274305555555556 0.1154513888888889 0.11076388888888888
