6 0.6481119791666666 0.27001953125 0.0546875 0.06608072916666667
13 0.6472981770833334 0.2682291666666667 0.07584635416666667 0.08528645833333333
6 0.6328125 0.2928059895833333 0.09895833333333333 0.12337239583333333
13 0.6328125 0.2928059895833333 0.09895833333333333 0.12337239583333333
3 0.5030924479166666 0.56689453125 0.4007161458333333 0.1142578125
13 0.2918294270833333 0.23600260416666666 0.10188802083333333 0.177734375
13 0.58251953125 0.18050130208333334 0.08170572916666667 0.10514322916666667
0 0.5035807291666666 0.2918294270833333 0.10872395833333333 0.09602864583333333
6 0.2918294270833333 0.23600260416666666 0.10188802083333333 0.177734375
13 0.31005859375 0.2021484375 0.09928385416666667 0.146484375
6 0.31005859375 0.2021484375 0.09928385416666667 0.146484375
3 0.50341796875 0.5769856770833334 0.3916015625 0.08951822916666667
13 0.30712890625 0.21826171875 0.08821614583333333 0.15787760416666666
0 0.517578125 0.2923177083333333 0.08072916666666667 0.09505208333333333
3 0.4933268229166667 0.57666015625 0.3720703125 0.10579427083333333
0 0.51025390625 0.2805989583333333 0.0986328125 0.07877604166666667
