13 0.2885542168674699 0.3966887417218543 0.25180722891566265 0.1390728476821192
11 0.3667168674698795 0.7501655629139072 0.05451807228915663 0.04933774834437086
11 0.7073795180722892 0.791887417218543 0.0605421686746988 0.030794701986754967
2 0.2855421686746988 0.5145695364238411 0.03674698795180723 0.0390728476821192
8 0.2819277108433735 0.5142384105960265 0.0391566265060241 0.04304635761589404
8 0.28704819277108434 0.5187086092715232 0.043373493975903614 0.04271523178807947
11 0.36716867469879516 0.12301324503311259 0.0608433734939759 0.033443708609271525
11 0.5786144578313253 0.12036423841059603 0.11325301204819277 0.036754966887417216
13 0.3200301204819277 0.3124172185430464 0.1322289156626506 0.25927152317880797
11 0.3655120481927711 0.7495033112582782 0.059939759036144576 0.04271523178807947
13 0.704066265060241 0.7496688741721854 0.0713855421686747 0.11324503311258279
9 0.3655120481927711 0.7495033112582782 0.059939759036144576 0.04271523178807947
13 0.33403614457831327 0.36771523178807947 0.10903614457831326 0.04867549668874172
9 0.7073795180722892 0.791887417218543 0.0605421686746988 0.030794701986754967
0 0.5424698795180722 0.33195364238410596 0.10602409638554217 0.12682119205298012
11 0.7286144578313253 0.7903973509933775 0.0427710843373494 0.06622516556291391
