3 0.5698818897637795 0.5226236979166666 0.4216535433070866 0.09733072916666667
13 0.7862204724409448 0.4371744791666667 0.01653543307086614 0.04296875
3 0.5627952755905512 0.5087890625 0.41771653543307086 0.13216145833333334
0 0.5590551181102362 0.2687174479166667 0.12283464566929134 0.11165364583333333
3 0.5771653543307087 0.5032552083333334 0.39763779527559057 0.13671875
13 0.32716535433070865 0.4581705729166667 0.08425196850393701 0.015950520833333332
13 0.3283464566929134 0.4602864583333333 0.09291338582677165 0.01953125
9 0.7889763779527559 0.4391276041666667 0.01811023622047244 0.038411458333333336
2 0.7889763779527559 0.4391276041666667 0.01811023622047244 0.038411458333333336
0 0.562007874015748 0.2687174479166667 0.12716535433070866 0.1220703125
9 0.7862204724409448 0.4371744791666667 0.01653543307086614 0.04296875
0 0.562992125984252 0.2716471354166667 0.14094488188976378 0.1279296875
