4 0.2759916492693111 0.6571717171717172 0.24968684759916493 0.21454545454545454
1 0.25260960334029225 0.6672727272727272 0.24217118997912318 0.1781818181818182
2 0.6091858037578288 0.32565656565656564 0.11356993736951983 0.16161616161616163
10 0.1837160751565762 0.6983838383838383 0.3674321503131524 0.25737373737373737
10 0.18413361169102296 0.7664646464646465 0.3139874739039666 0.1503030303030303
2 0.6089770354906054 0.33131313131313134 0.11899791231732777 0.13252525252525252
4 0.2718162839248434 0.4204040404040404 0.17536534446764093 0.12080808080808081
10 0.8048016701461378 0.7963636363636364 0.31941544885177453 0.2634343434343434
11 0.8837160751565762 0.8036363636363636 0.1649269311064718 0.19151515151515153
5 0.30835073068893526 0.417979797979798 0.16075156576200417 0.12404040404040403
10 0.22192066805845512 0.7305050505050505 0.3336116910229645 0.22626262626262628
10 0.8728601252609604 0.7525252525252525 0.2091858037578288 0.2775757575757576
4 0.29352818371607514 0.40626262626262627 0.19707724425887266 0.17494949494949494
