0 0.6217447916666666 0.4279513888888889 0.1853298611111111 0.15868055555555555
0 0.62109375 0.3894097222222222 0.16666666666666666 0.11354166666666667
0 0.6286892361111112 0.42170138888888886 0.1697048611111111 0.15520833333333334
10 0.7944878472222222 0.6394097222222223 0.1644965277777778 0.2920138888888889
13 0.3953993055555556 0.23055555555555557 0.027777777777777776 0.030555555555555555
10 0.7890625 0.6401041666666667 0.1753472222222222 0.22604166666666667
5 0.2775607638888889 0.5189236111111111 0.2938368055555556 0.490625
7 0.7463107638888888 0.5477430555555556 0.22178819444444445 0.3059027777777778
7 0.6985677083333334 0.4810763888888889 0.06987847222222222 0.053125
11 0.3292100694444444 0.1859375 0.13585069444444445 0.053125
11 0.6595052083333334 0.18524305555555556 0.1401909722222222 0.03854166666666667
11 0.6427951388888888 0.18541666666666667 0.1935763888888889 0.07847222222222222
10 0.748046875 0.5493055555555556 0.2660590277777778 0.20208333333333334
7 0.8092447916666666 0.4817708333333333 0.1037326388888889 0.12256944444444444
11 0.6534288194444444 0.18055555555555555 0.19401041666666666 0.0798611111111111
11 0.3177083333333333 0.18125 0.1449652777777778 0.029861111111111113
11 0.3337673611111111 0.1840277777777778 0.1675347222222222 0.03958333333333333
