11 0.8984680573663625 0.9424137931034483 0.038135593220338986 0.06896551724137931
3 0.5713820078226858 0.7360344827586207 0.5436766623207301 0.3120689655172414
11 0.12565189048239897 0.9163793103448276 0.05573663624511082 0.09344827586206897
10 0.12565189048239897 0.9163793103448276 0.05573663624511082 0.09344827586206897
9 0.6779661016949152 0.5634482758620689 0.11734028683181226 0.18689655172413794
10 0.8984680573663625 0.9424137931034483 0.038135593220338986 0.06896551724137931
10 0.13086701434159062 0.8998275862068965 0.07203389830508475 0.08793103448275862
11 0.12760756192959583 0.9255172413793104 0.06290743155149935 0.10275862068965518
11 0.13086701434159062 0.8998275862068965 0.07203389830508475 0.08793103448275862
3 0.564374185136897 0.7922413793103448 0.5485658409387223 0.20172413793103447
10 0.12760756192959583 0.9255172413793104 0.06290743155149935 0.10275862068965518
3 0.5622555410691004 0.791896551724138 0.5423728813559322 0.3079310344827586
