10 0.8023973846712678 0.6675392670157068 0.2615328732292045 0.2506544502617801
13 0.16309480566654558 0.5263416230366492 0.09371594624046495 0.11027486910994765
13 0.10606610969851071 0.7408376963350786 0.05448601525608427 0.020942408376963352
13 0.18942971304031966 0.7519633507853403 0.26843443516164184 0.056282722513089
0 0.5793679622230294 0.3300065445026178 0.1300399564111878 0.14103403141361257
6 0.759898292771522 0.5719895287958116 0.16055212495459498 0.11845549738219895
6 0.25081729022884125 0.525523560209424 0.13984743915728295 0.09162303664921466
10 0.8181983290955321 0.6582133507853403 0.1863421721758082 0.19011780104712042
10 0.7869596803487104 0.6454515706806283 0.23792226661823465 0.1875
6 0.28877588085724665 0.5327225130890052 0.12350163458045768 0.1950261780104712
7 0.0942608063930258 0.7403468586387435 0.04177261169633127 0.022578534031413612
