13 0.26156166219839144 0.5397643593519882 0.05596514745308311 0.03858615611192931
8 0.26105898123324395 0.5419734904270986 0.0596514745308311 0.03829160530191458
11 0.3535522788203753 0.7602356406480117 0.06032171581769437 0.03829160530191458
2 0.26105898123324395 0.5419734904270986 0.0596514745308311 0.03829160530191458
11 0.7692694369973191 0.7967599410898379 0.04457104557640751 0.04477172312223859
7 0.26156166219839144 0.5397643593519882 0.05596514745308311 0.03858615611192931
9 0.38220509383378015 0.22135493372606774 0.06735924932975872 0.0438880706921944
13 0.2386058981233244 0.43431516936671577 0.23793565683646112 0.1293078055964654
10 0.9049932975871313 0.8631811487481591 0.06735924932975872 0.06215022091310751
2 0.25804289544235925 0.5379970544918998 0.04825737265415549 0.0374079528718704
11 0.9049932975871313 0.8631811487481591 0.06735924932975872 0.06215022091310751
13 0.3362935656836461 0.32002945508100145 0.1156166219839142 0.22179675994108983
11 0.7714477211796247 0.7888070692194403 0.10656836461126006 0.07128129602356406
