13 0.8091216216216216 0.3509837962962963 0.09234234234234234 0.04456018518518518
3 0.5912162162162162 0.5538194444444444 0.49774774774774777 0.13773148148148148
13 0.17117117117117117 0.28587962962962965 0.06644144144144144 0.03356481481481482
13 0.16976351351351351 0.2884837962962963 0.0625 0.03530092592592592
13 0.8164414414414415 0.34519675925925924 0.06644144144144144 0.036458333333333336
13 0.20129504504504506 0.5089699074074074 0.13682432432432431 0.03761574074074074
11 0.5993806306306306 0.07523148148148148 0.08502252252252253 0.03356481481481482
0 0.5746058558558559 0.26938657407407407 0.14808558558558557 0.18344907407407407
3 0.5793918918918919 0.5251736111111112 0.49099099099099097 0.1417824074074074
7 0.17229729729729729 0.5118634259259259 0.14752252252252251 0.05613425925925926
13 0.17652027027027026 0.5089699074074074 0.1661036036036036 0.04224537037037037
11 0.3902027027027027 0.05844907407407408 0.08220720720720721 0.03819444444444445
3 0.584740990990991 0.5489004629629629 0.49493243243243246 0.15914351851851852
0 0.5712274774774775 0.2508680555555556 0.15146396396396397 0.14756944444444445
0 0.5596846846846847 0.2601273148148148 0.14301801801801803 0.17881944444444445
13 0.17877252252252251 0.31886574074074076 0.07826576576576577 0.10648148148148148
