13 0.7091471354166666 0.21256510416666666 0.07779947916666667 0.12955729166666666
7 0.3863932291666667 0.23893229166666666 0.20768229166666666 0.2903645833333333
0 0.5856119791666666 0.2526041666666667 0.09830729166666667 0.10611979166666667
11 0.8644205729166666 0.6350911458333334 0.0263671875 0.048177083333333336
1 0.38232421875 0.24690755208333334 0.2197265625 0.2685546875
4 0.3863932291666667 0.23893229166666666 0.20768229166666666 0.2903645833333333
13 0.7080078125 0.19840494791666666 0.09765625 0.13053385416666666
0 0.5841471354166666 0.2698567708333333 0.10319010416666667 0.14127604166666666
11 0.16682942708333334 0.6529947916666666 0.041341145833333336 0.024088541666666668
1 0.3863932291666667 0.23893229166666666 0.20768229166666666 0.2903645833333333
0 0.5940755208333334 0.25244140625 0.09895833333333333 0.1259765625
10 0.8644205729166666 0.6350911458333334 0.0263671875 0.048177083333333336
1 0.38037109375 0.26416015625 0.19759114583333334 0.3017578125
7 0.38232421875 0.24690755208333334 0.2197265625 0.2685546875
10 0.16682942708333334 0.6529947916666666 0.041341145833333336 0.024088541666666668
