11 0.7237955729166666 0.6529947916666666 0.030924479166666668 0.047526041666666664
0 0.4905598958333333 0.23567708333333334 0.07161458333333333 0.08463541666666667
0 0.4964192708333333 0.22786458333333334 0.06315104166666667 0.06770833333333333
10 0.7237955729166666 0.6529947916666666 0.030924479166666668 0.047526041666666664
11 0.3468424479166667 0.0693359375 0.0615234375 0.016927083333333332
11 0.7327473958333334 0.6536458333333334 0.029296875 0.034505208333333336
13 0.2762044270833333 0.23209635416666666 0.0595703125 0.09700520833333333
0 0.49609375 0.23909505208333334 0.068359375 0.0869140625
11 0.57861328125 0.09342447916666667 0.08561197916666667 0.037760416666666664
3 0.51171875 0.5716145833333334 0.3125 0.09830729166666667
11 0.3515625 0.07552083333333333 0.07161458333333333 0.032552083333333336
11 0.5791015625 0.09537760416666667 0.10416666666666667 0.05078125
11 0.20052083333333334 0.6905924479166666 0.029296875 0.037434895833333336
7 0.24739583333333334 0.2820638020833333 0.07096354166666667 0.08235677083333333
9 0.3465169270833333 0.4220377604166667 0.08235677083333333 0.1494140625
11 0.36181640625 0.07438151041666667 0.0849609375 0.019856770833333332
13 0.24739583333333334 0.2820638020833333 0.07096354166666667 0.08235677083333333
