5 588.5 997.5 577.0 1029.0
11 711.5 139.0 139.0 48.0
10 293.0 1706.5 86.0 123.0
9 1555.0 1177.0 336.0 572.0
10 1746.5 1534.5 105.0 171.0
9 536.5 962.0 435.0 1196.0
11 293.0 1706.5 86.0 123.0
5 1486.5 1036.5 463.0 827.0
13 536.5 962.0 435.0 1196.0
13 1238.5 559.0 23.0 138.0
11 1756.5 1473.0 55.0 240.0
13 1555.0 1177.0 336.0 572.0
13 1596.0 977.0 190.0 170.0
5 536.5 962.0 435.0 1196.0
0 1160.5 572.0 211.0 214.0
13 525.0 1086.0 254.0 90.0
13 1498.0 1171.5 228.0 123.0
10 1756.5 1473.0 55.0 240.0
11 1746.5 1534.5 105.0 171.0
5 1472.0 1186.0 506.0 430.0
5 1555.0 1177.0 336.0 572.0
5 546.5 1086.0 495.0 844.0
