11 0.3962655601659751 0.15087890625 0.09059474412171507 0.0205078125
13 0.26383125864453666 0.2887369791666667 0.15836791147994467 0.1640625
13 0.32503457814661135 0.22672526041666666 0.2697095435684647 0.14290364583333334
7 0.2439488243430152 0.2635091145833333 0.08609958506224066 0.060872395833333336
13 0.2439488243430152 0.2635091145833333 0.08609958506224066 0.060872395833333336
0 0.5665629322268326 0.2965494791666667 0.11721991701244813 0.10221354166666667
0 0.5712309820193637 0.3015950520833333 0.11065006915629322 0.11295572916666667
8 0.3155255878284924 0.3277994791666667 0.039073305670816044 0.057291666666666664
11 0.688969571230982 0.16927083333333334 0.1545643153526971 0.029947916666666668
13 0.7017634854771784 0.21044921875 0.1690871369294606 0.09342447916666667
