0 0.5566137566137566 0.3654144675566594 0.1291005291005291 0.1552312946289972
5 0.2582010582010582 0.387923005277864 0.18342151675485008 0.3225706302390562
6 0.2814814814814815 0.40298044085687673 0.2814814814814815 0.36324122943185344
5 0.2767195767195767 0.37907482148401117 0.2564373897707231 0.34275069854082585
0 0.5511463844797179 0.37177895063644834 0.14426807760141094 0.18410431542999067
13 0.33721340388007054 0.42642036634585534 0.14250440917107585 0.07544240918969264
5 0.2814814814814815 0.40298044085687673 0.2814814814814815 0.36324122943185344
6 0.7271604938271605 0.4823036324122943 0.2564373897707231 0.47656007451102145
0 0.5485008818342152 0.34756286867432473 0.13968253968253969 0.1288419745420677
11 0.14285714285714285 0.5737348649487737 0.03668430335097002 0.09934802856255821
5 0.7271604938271605 0.4823036324122943 0.2564373897707231 0.47656007451102145
9 0.2689594356261023 0.5729587084756287 0.2797178130511464 0.09034461347407638
10 0.2582010582010582 0.6362930766842595 0.31957671957671957 0.16733933561005898
5 0.7114638447971782 0.48183793852840734 0.30335097001763667 0.4762496119217634
10 0.14285714285714285 0.5737348649487737 0.03668430335097002 0.09934802856255821
5 0.7262786596119929 0.48121701334989136 0.26455026455026454 0.4942564420987271
3 0.5476190476190477 0.6362930766842595 0.3742504409171076 0.1940391182862465
