11 0.18876964354158682 0.49601434834595454 0.11383671904944423 0.14627341570346752
11 0.15254886929858183 0.5159426066161817 0.06132617861249521 0.16221602231964927
11 0.28286699885013417 0.5906735751295337 0.09888846301264853 0.12275807094459944
13 0.23054810272134918 0.46512554802710243 0.04407819087773093 0.0693503387803906
11 0.19317746262935992 0.4998007174172977 0.10732081257186661 0.15942606616181745
11 0.8095055576849367 0.33778397768035073 0.08125718666155615 0.14866480669589477
2 0.15254886929858183 0.5159426066161817 0.06132617861249521 0.16221602231964927
13 0.8405519356075124 0.5737345555998405 0.026830203142966653 0.022718214428058988
3 0.6268685320045995 0.7112395376644082 0.4258336527405136 0.14866480669589477
11 0.8317362974319663 0.4284575528098844 0.12571866615561517 0.33001195695496216
3 0.628976619394404 0.7455161418891989 0.4285166730548103 0.1422877640494221
7 0.28286699885013417 0.5906735751295337 0.09888846301264853 0.12275807094459944
11 0.8261786124952089 0.43244320446392986 0.10617094672288233 0.33479473893981665
2 0.18397853583748563 0.7951375049820646 0.09045611345343044 0.07333599043443603
0 0.5902644691452664 0.360701474691112 0.1157531621310847 0.16022319649262654
0 0.5912226906860866 0.3531287365484257 0.11000383288616328 0.14746911119968115
2 0.8095055576849367 0.33778397768035073 0.08125718666155615 0.14866480669589477
0 0.5843234955921809 0.33579115185332803 0.11766960521272518 0.12634515743324035
11 0.282292065925642 0.595257074531686 0.09620544269835186 0.11040255081705859
11 0.18129551552318895 0.7973296133917895 0.09275584515139901 0.0785173375846951
11 0.18091222690686087 0.7973296133917895 0.08815638175546187 0.07293742526903149
8 0.26312763510923726 0.6225587883618972 0.06860866232272901 0.046233559186927065
