0 0.5503472222222222 0.39079861111111114 0.1362847222222222 0.12465277777777778
0 0.5434027777777778 0.39253472222222224 0.14149305555555555 0.1295138888888889
11 0.3617621527777778 0.225 0.12890625 0.03263888888888889
7 0.7495659722222222 0.6848958333333334 0.328125 0.17465277777777777
3 0.4978298611111111 0.6338541666666667 0.3758680555555556 0.12395833333333334
3 0.5013020833333334 0.6588541666666666 0.3810763888888889 0.09756944444444444
7 0.5978732638888888 0.2564236111111111 0.0681423611111111 0.071875
0 0.5529513888888888 0.3888888888888889 0.11631944444444445 0.11527777777777778
9 0.7495659722222222 0.6848958333333334 0.328125 0.17465277777777777
8 0.4171006944444444 0.3776041666666667 0.028645833333333332 0.03576388888888889
3 0.501953125 0.6378472222222222 0.39453125 0.12222222222222222
