13 0.3155381944444444 0.4395833333333333 0.17100694444444445 0.03958333333333333
10 0.2052951388888889 0.5862847222222223 0.05555555555555555 0.059375
13 0.2931857638888889 0.4439236111111111 0.1349826388888889 0.03784722222222222
11 0.3446180555555556 0.2513888888888889 0.08854166666666667 0.08472222222222223
0 0.6848958333333334 0.34427083333333336 0.10677083333333333 0.15034722222222222
11 0.20703125 0.5819444444444445 0.08159722222222222 0.05347222222222222
10 0.20703125 0.5819444444444445 0.08159722222222222 0.05347222222222222
13 0.2983940972222222 0.5329861111111112 0.1488715277777778 0.03125
13 0.3287760416666667 0.44253472222222223 0.10546875 0.03090277777777778
11 0.2065972222222222 0.5885416666666666 0.051215277777777776 0.04097222222222222
10 0.2065972222222222 0.5885416666666666 0.051215277777777776 0.04097222222222222
11 0.2052951388888889 0.5862847222222223 0.05555555555555555 0.059375
0 0.6525607638888888 0.33090277777777777 0.13671875 0.14444444444444443
