2 0.587007874015748 0.28466796875 0.04094488188976378 0.029622395833333332
11 0.6131889763779528 0.12190755208333333 0.12244094488188977 0.0361328125
11 0.25846456692913383 0.57568359375 0.06181102362204725 0.1103515625
5 0.33267716535433073 0.3875325520833333 0.15039370078740158 0.3180338541666667
0 0.5714566929133859 0.2574869791666667 0.09173228346456692 0.08528645833333333
3 0.5537401574803149 0.5369466145833334 0.3775590551181102 0.0966796875
3 0.5442913385826772 0.5192057291666666 0.36811023622047245 0.11653645833333333
10 0.25846456692913383 0.57568359375 0.06181102362204725 0.1103515625
11 0.25570866141732285 0.599609375 0.0547244094488189 0.061848958333333336
3 0.5531496062992126 0.5514322916666666 0.3763779527559055 0.10872395833333333
0 0.574015748031496 0.2734375 0.1125984251968504 0.111328125
0 0.5604330708661417 0.2613932291666667 0.11062992125984251 0.09309895833333333
5 0.6860236220472441 0.3680013020833333 0.16811023622047244 0.3590494791666667
