13 0.3116319444444444 0.5998263888888888 0.15711805555555555 0.08576388888888889
4 0.7975260416666666 0.2607638888888889 0.2426215277777778 0.20208333333333334
1 0.8311631944444444 0.3111111111111111 0.2230902777777778 0.19652777777777777
1 0.8083767361111112 0.30972222222222223 0.2643229166666667 0.2972222222222222
6 0.9108072916666666 0.7140625 0.1723090277777778 0.10381944444444445
11 0.2387152777777778 0.7255208333333333 0.059895833333333336 0.07743055555555556
13 0.8311631944444444 0.3111111111111111 0.2230902777777778 0.19652777777777777
13 0.2983940972222222 0.5576388888888889 0.1037326388888889 0.03263888888888889
11 0.2458767361111111 0.7243055555555555 0.06293402777777778 0.08541666666666667
10 0.23177083333333334 0.70625 0.057291666666666664 0.07291666666666667
11 0.23177083333333334 0.70625 0.057291666666666664 0.07291666666666667
13 0.3259548611111111 0.5704861111111111 0.1736111111111111 0.043055555555555555
