9 0.4317770539268911 0.4819761828130029 0.044878754976474845 0.10588992597360798
0 0.6107491856677525 0.272288381074992 0.0988056460369164 0.07788863855809462
3 0.574194715888527 0.6425812681042806 0.4375678610206297 0.22497586095912456
13 0.3221136445892146 0.5283231412938526 0.1397032211364459 0.15931766977792083
11 0.3941368078175896 0.10685548760862569 0.11436844010133912 0.06501448342452526
12 0.2694534925805284 0.6598004505954297 0.21100253347810352 0.11522368844544577
3 0.5723850886717337 0.6448342452526553 0.4339486065870431 0.20308979723205664
13 0.29352153456387986 0.5585774058577406 0.1816865725660514 0.1136144190537496
13 0.36373507057546145 0.4972642420341165 0.15707564241766195 0.11908593498551658
2 0.6496561708288092 0.286128097843579 0.015924719507781397 0.027035725780495654
12 0.28338762214983715 0.647891857096878 0.24828085414404633 0.12552301255230125
7 0.29352153456387986 0.5585774058577406 0.1816865725660514 0.1136144190537496
7 0.25642417661961636 0.47280334728033474 0.12631197973217517 0.22401029932410685
3 0.577452044878755 0.6329256517541036 0.42888165038002174 0.23656260057933698
12 0.27017734346724576 0.6504666881235919 0.23633731451321027 0.1326037978757644
0 0.6112920738327905 0.27212745413582234 0.10278682591386175 0.08271644673318314
