13 0.28271484375 0.2932 0.0576171875 0.0368
13 0.3388671875 0.3906 0.2529296875 0.1484
11 0.432373046875 0.1384 0.06884765625 0.0128
7 0.279052734375 0.29 0.04248046875 0.0328
13 0.247802734375 0.3772 0.08544921875 0.0944
0 0.607177734375 0.2984 0.10693359375 0.12
3 0.66845703125 0.568 0.4033203125 0.0992
11 0.4326171875 0.1334 0.1171875 0.0292
13 0.27490234375 0.289 0.0673828125 0.0444
0 0.611328125 0.2566 0.0859375 0.0436
0 0.600830078125 0.2724 0.11572265625 0.0768
3 0.669921875 0.5526 0.388671875 0.0932
5 0.3388671875 0.3906 0.2529296875 0.1484
8 0.65625 0.3236 0.0234375 0.0216
13 0.301025390625 0.4036 0.16259765625 0.0904
