0 0.5614769006911604 0.3684738955823293 0.11094943615860313 0.1285140562248996
8 0.34139687158966897 0.22021419009370816 0.0411058566751546 0.040829986613119144
0 0.5540196435067297 0.35157295850066933 0.12004365223717715 0.10809906291834002
3 0.5807566387777373 0.6034136546184738 0.3888686795198254 0.10441767068273092
11 0.6491451436886141 0.20281124497991967 0.18079301564205166 0.08500669344042838
3 0.5751182248090214 0.6183065595716198 0.3950527464532557 0.07998661311914324
0 0.5589305201891597 0.3532463186077644 0.10512913786831575 0.10809906291834002
2 0.3472171698799563 0.22054886211512717 0.048381229538013826 0.03681392235609103
13 0.3386686067660968 0.20933734939759036 0.05383775918515824 0.0498661311914324
11 0.32648235722080754 0.18457161981258366 0.08475809385230994 0.029116465863453816
3 0.5658421244088759 0.6141231593038822 0.35976718806838853 0.09839357429718876
8 0.3386686067660968 0.20933734939759036 0.05383775918515824 0.0498661311914324
