6 0.8122888513513513 0.5509259259259259 0.15920608108108109 0.18805874840357598
10 0.8997043918918919 0.8670178799489144 0.028293918918918918 0.037994891443167304
9 0.690456081081081 0.16906130268199235 0.05405405405405406 0.025223499361430396
7 0.7924408783783784 0.4818007662835249 0.06883445945945946 0.06066411238825032
0 0.6040962837837838 0.3679757343550447 0.12204391891891891 0.11143039591315454
13 0.879222972972973 0.5041507024265645 0.04222972972972973 0.015964240102171137
3 0.5929054054054054 0.7492017879948915 0.4831081081081081 0.15996168582375478
7 0.690456081081081 0.16906130268199235 0.05405405405405406 0.025223499361430396
0 0.5964949324324325 0.3635057471264368 0.1414695945945946 0.10185185185185185
11 0.8997043918918919 0.8670178799489144 0.028293918918918918 0.037994891443167304
7 0.8431165540540541 0.5860472541507025 0.06883445945945946 0.06289910600255427
4 0.7924408783783784 0.4818007662835249 0.06883445945945946 0.06066411238825032
6 0.8431165540540541 0.5860472541507025 0.06883445945945946 0.06289910600255427
7 0.7941300675675675 0.5022349936143039 0.10346283783783784 0.08173690932311622
