0 0.5720486111111112 0.25243055555555555 0.1423611111111111 0.10277777777777777
3 0.5625 0.46892361111111114 0.4756944444444444 0.17256944444444444
7 0.22916666666666666 0.4817708333333333 0.3723958333333333 0.20798611111111112
7 0.2439236111111111 0.4388888888888889 0.3802083333333333 0.1986111111111111
10 0.16688368055555555 0.4239583333333333 0.1584201388888889 0.14583333333333334
11 0.333984375 0.12621527777777777 0.1948784722222222 0.034375
3 0.537109375 0.4597222222222222 0.5299479166666666 0.19930555555555557
0 0.5759548611111112 0.25798611111111114 0.1284722222222222 0.10555555555555556
9 0.2439236111111111 0.4388888888888889 0.3802083333333333 0.1986111111111111
9 0.22916666666666666 0.4817708333333333 0.3723958333333333 0.20798611111111112
11 0.17838541666666666 0.27100694444444445 0.16666666666666666 0.26145833333333335
