8 0.4560546875 0.14518229166666666 0.016927083333333332 0.0234375
10 0.8767903645833334 0.7395833333333334 0.0283203125 0.033203125
10 0.8811848958333334 0.7413736979166666 0.017578125 0.027018229166666668
13 0.4036458333333333 0.28759765625 0.10481770833333333 0.07259114583333333
9 0.5621744791666666 0.2574869791666667 0.10872395833333333 0.333984375
11 0.8811848958333334 0.7413736979166666 0.017578125 0.027018229166666668
13 0.7473958333333334 0.3416341145833333 0.07486979166666667 0.0478515625
9 0.7265625 0.33251953125 0.027994791666666668 0.023763020833333332
13 0.7265625 0.33251953125 0.027994791666666668 0.023763020833333332
11 0.8767903645833334 0.7395833333333334 0.0283203125 0.033203125
0 0.63037109375 0.2939453125 0.09798177083333333 0.09895833333333333
8 0.4070638020833333 0.28125 0.056966145833333336 0.050130208333333336
13 0.4117838541666667 0.2882486979166667 0.11263020833333333 0.0732421875
11 0.6476236979166666 0.11442057291666667 0.053059895833333336 0.040690104166666664
13 0.4070638020833333 0.28125 0.056966145833333336 0.050130208333333336
