13 0.7510850694444444 0.28854166666666664 0.23914930555555555 0.18125
11 0.3862847222222222 0.1921875 0.10069444444444445 0.028819444444444446
13 0.744140625 0.36041666666666666 0.2721354166666667 0.3173611111111111
0 0.587890625 0.33489583333333334 0.10633680555555555 0.10729166666666666
13 0.7309027777777778 0.31475694444444446 0.2934027777777778 0.26006944444444446
6 0.7309027777777778 0.31475694444444446 0.2934027777777778 0.26006944444444446
7 0.8385416666666666 0.3338541666666667 0.05381944444444445 0.046875
6 0.3250868055555556 0.3411458333333333 0.2864583333333333 0.27395833333333336
7 0.8159722222222222 0.45902777777777776 0.059895833333333336 0.04513888888888889
13 0.3068576388888889 0.3373263888888889 0.3289930555555556 0.25798611111111114
7 0.8159722222222222 0.46510416666666665 0.07725694444444445 0.057291666666666664
13 0.3250868055555556 0.3411458333333333 0.2864583333333333 0.27395833333333336
13 0.3181423611111111 0.34322916666666664 0.2855902777777778 0.27534722222222224
