8 0.3507751937984496 0.5625 0.08914728682170543 0.0832210242587601
8 0.21957364341085273 0.4838274932614555 0.031395348837209305 0.02223719676549865
8 0.7707364341085271 0.42351752021563344 0.18023255813953487 0.19070080862533692
8 0.8172480620155039 0.7095687331536388 0.1065891472868217 0.1179245283018868
11 0.1195736434108527 0.8268194070080862 0.04224806201550388 0.05592991913746631
8 0.2775193798449612 0.684467654986523 0.02558139534883721 0.02257412398921833
10 0.1195736434108527 0.8268194070080862 0.04224806201550388 0.05592991913746631
8 0.7965116279069767 0.6612196765498652 0.03178294573643411 0.026617250673854446
8 0.7782945736434108 0.49528301886792453 0.034108527131782945 0.03099730458221024
8 0.3511627906976744 0.34029649595687333 0.020155038759689922 0.01752021563342318
8 0.8521317829457364 0.7400606469002695 0.023643410852713178 0.014487870619946091
8 0.1693798449612403 0.7441037735849056 0.04263565891472868 0.03133423180592992
8 0.7953488372093023 0.6586927223719676 0.03333333333333333 0.02628032345013477
0 0.5546511627906977 0.3788746630727763 0.13023255813953488 0.11893530997304583
8 0.7267441860465116 0.3689353099730458 0.06124031007751938 0.03504043126684636
13 0.31492248062015504 0.42840296495956875 0.0810077519379845 0.038746630727762806
8 0.17054263565891473 0.7442722371967655 0.031007751937984496 0.03032345013477089
8 0.3492248062015504 0.6915431266846361 0.02558139534883721 0.021900269541778976
8 0.7451550387596899 0.3684299191374663 0.02441860465116279 0.019878706199460916
8 0.35251937984496123 0.6654312668463612 0.031395348837209305 0.02358490566037736
7 0.7846899224806202 0.4236859838274933 0.05852713178294574 0.047506738544474396
11 0.6007751937984496 0.1984501347708895 0.09922480620155039 0.01954177897574124
7 0.7707364341085271 0.42351752021563344 0.18023255813953487 0.19070080862533692
8 0.3550387596899225 0.5636792452830188 0.08759689922480621 0.07884097035040431
8 0.8501937984496124 0.7407345013477089 0.02054263565891473 0.014487870619946091
8 0.7703488372093024 0.5 0.02441860465116279 0.018194070080862535
5 0.7102713178294574 0.6470687331536388 0.14689922480620154 0.1997978436657682
8 0.2817829457364341 0.5085916442048517 0.3488372093023256 0.6115229110512129
8 0.22093023255813954 0.48399595687331537 0.03488372093023256 0.02122641509433962
5 0.2517441860465116 0.6517857142857143 0.12441860465116279 0.15060646900269542
8 0.15251937984496125 0.675033692722372 0.01744186046511628 0.01650943396226415
8 0.7060077519379845 0.37213611859838275 0.02054263565891473 0.017857142857142856
8 0.24573643410852714 0.5316711590296496 0.027906976744186046 0.0215633423180593
