10 0.158935546875 0.7934 0.02880859375 0.042
3 0.525634765625 0.6764 0.38427734375 0.1384
11 0.168701171875 0.7878 0.05029296875 0.0412
3 0.526123046875 0.6886 0.37939453125 0.1388
10 0.81396484375 0.8266 0.0361328125 0.0708
10 0.168701171875 0.7878 0.05029296875 0.0412
0 0.543701171875 0.373 0.11181640625 0.0884
11 0.81396484375 0.8266 0.0361328125 0.0708
11 0.158935546875 0.7934 0.02880859375 0.042
0 0.545654296875 0.3722 0.10400390625 0.0908
11 0.62109375 0.2444 0.1103515625 0.02
0 0.545166015625 0.3676 0.11572265625 0.08
9 0.252685546875 0.7414 0.16064453125 0.0444
11 0.337890625 0.2452 0.1015625 0.0176
