11 0.5680970149253731 0.15656565656565657 0.11007462686567164 0.026017753290480564
13 0.14701492537313432 0.536883991429446 0.10522388059701493 0.027548209366391185
13 0.14626865671641792 0.591215182124273 0.11119402985074626 0.12457912457912458
11 0.10615671641791045 0.6910009182736455 0.023507462686567164 0.08417508417508418
11 0.10149253731343283 0.6680440771349863 0.029104477611940297 0.13131313131313133
2 0.10615671641791045 0.6910009182736455 0.023507462686567164 0.08417508417508418
9 0.38656716417910447 0.36577900214263853 0.11119402985074626 0.24364860728497093
9 0.5729477611940299 0.3334863789409244 0.11828358208955224 0.12764003673094582
0 0.5656716417910448 0.34144475053565965 0.14701492537313432 0.1386593204775023
3 0.5529850746268656 0.5659626568717477 0.5223880597014925 0.13345576981940618
2 0.10149253731343283 0.6680440771349863 0.029104477611940297 0.13131313131313133
3 0.5597014925373134 0.583868992959902 0.5261194029850746 0.12090602999693909
0 0.5352611940298507 0.3339455157636976 0.1876865671641791 0.14447505356596266
13 0.15727611940298508 0.6291704928068564 0.07276119402985075 0.14294459749005203
3 0.5458955223880597 0.5880012243648607 0.5014925373134328 0.11570247933884298
