3 0.5338541666666666 0.5270833333333333 0.4149305555555556 0.1388888888888889
11 0.3070746527777778 0.16684027777777777 0.10546875 0.03923611111111111
11 0.6536458333333334 0.159375 0.0876736111111111 0.044444444444444446
0 0.5451388888888888 0.3307291666666667 0.1362847222222222 0.13229166666666667
0 0.5414496527777778 0.31180555555555556 0.12196180555555555 0.09652777777777778
8 0.1740451388888889 0.5258680555555556 0.014756944444444444 0.025347222222222222
9 0.1733940972222222 0.5291666666666667 0.014322916666666666 0.02013888888888889
0 0.5462239583333334 0.321875 0.11848958333333333 0.11180555555555556
3 0.5401475694444444 0.5536458333333333 0.4301215277777778 0.07395833333333333
3 0.5338541666666666 0.5581597222222222 0.4140625 0.09826388888888889
8 0.1733940972222222 0.5291666666666667 0.014322916666666666 0.02013888888888889
