13 0.244140625 0.3375 0.2808159722222222 0.44375
13 0.19422743055555555 0.42986111111111114 0.19921875 0.30486111111111114
6 0.6608072916666666 0.2125 0.18098958333333334 0.16875
11 0.2508680555555556 0.14635416666666667 0.2578125 0.16354166666666667
10 0.1736111111111111 0.6282986111111111 0.24479166666666666 0.340625
13 0.6480034722222222 0.2029513888888889 0.2326388888888889 0.17256944444444444
6 0.2417534722222222 0.23125 0.234375 0.18611111111111112
10 0.1091579861111111 0.6079861111111111 0.21397569444444445 0.16597222222222222
11 0.20963541666666666 0.20885416666666667 0.2638888888888889 0.26145833333333335
10 0.14778645833333334 0.6211805555555555 0.2842881944444444 0.1527777777777778
7 0.2339409722222222 0.6088541666666667 0.18489583333333334 0.1232638888888889
13 0.6482204861111112 0.24357638888888888 0.2643229166666667 0.30104166666666665
6 0.6482204861111112 0.24357638888888888 0.2643229166666667 0.30104166666666665
7 0.208984375 0.6151041666666667 0.20616319444444445 0.10034722222222223
13 0.2417534722222222 0.23125 0.234375 0.18611111111111112
6 0.6480034722222222 0.2029513888888889 0.2326388888888889 0.17256944444444444
10 0.1781684027777778 0.3368055555555556 0.1488715277777778 0.12638888888888888
13 0.2565104166666667 0.209375 0.2595486111111111 0.20625
6 0.2565104166666667 0.209375 0.2595486111111111 0.20625
6 0.244140625 0.3375 0.2808159722222222 0.44375
13 0.2280815972222222 0.4517361111111111 0.2417534722222222 0.3020833333333333
7 0.2222222222222222 0.6236111111111111 0.2248263888888889 0.11805555555555555
