10 354.0 2103.5 138.0 235.0
7 1839.5 864.0 765.0 1092.0
6 556.0 1222.5 556.0 1123.0
6 521.5 1331.0 397.0 1438.0
6 1852.0 870.5 742.0 1099.0
10 2002.5 1997.5 559.0 819.0
10 2028.0 2034.5 480.0 359.0
10 2120.5 1994.0 315.0 506.0
4 1852.0 870.5 742.0 1099.0
6 1839.5 864.0 765.0 1092.0
10 345.5 2103.5 199.0 207.0
4 556.0 1222.5 556.0 1123.0
6 536.5 1296.0 439.0 1016.0
11 328.5 2092.0 157.0 224.0
13 1852.0 870.5 742.0 1099.0
6 1859.0 925.5 818.0 1099.0
11 2002.5 1997.5 559.0 819.0
13 556.0 1222.5 556.0 1123.0
10 328.5 2092.0 157.0 224.0
