6 772.0 2105.5 430.0 607.0
9 2477.5 1676.0 133.0 1052.0
13 2301.5 2096.0 81.0 414.0
7 577.0 2318.5 794.0 927.0
13 2314.0 2092.0 68.0 444.0
9 909.0 158.5 380.0 301.0
0 1557.0 1112.5 262.0 251.0
11 285.5 2691.0 261.0 278.0
10 285.5 2691.0 261.0 278.0
9 2368.5 1267.0 437.0 2072.0
9 1705.5 2569.0 469.0 144.0
9 2336.0 1228.0 836.0 736.0
13 2310.0 2094.5 120.0 385.0
9 1742.0 573.0 324.0 474.0
9 2129.0 189.5 856.0 305.0
9 1446.0 218.0 1534.0 430.0
9 1517.0 206.0 1896.0 306.0
10 268.0 2688.0 124.0 124.0
9 2541.0 1527.0 326.0 1400.0
11 268.0 2688.0 124.0 124.0
7 285.5 2691.0 261.0 278.0
