0 0.5177165354330708 0.3015950520833333 0.11968503937007874 0.1025390625
8 0.31633858267716536 0.4895833333333333 0.016141732283464567 0.015625
8 0.23641732283464567 0.4908854166666667 0.017716535433070866 0.018229166666666668
3 0.5637795275590551 0.5325520833333334 0.4338582677165354 0.13736979166666666
13 0.33779527559055117 0.3141276041666667 0.08897637795275591 0.11328125
0 0.5362204724409448 0.2970377604166667 0.09212598425196851 0.08626302083333333
3 0.5618110236220473 0.51806640625 0.4220472440944882 0.10774739583333333
8 0.2917322834645669 0.4534505208333333 0.01653543307086614 0.014973958333333334
0 0.5153543307086614 0.2950846354166667 0.12677165354330708 0.0927734375
3 0.569488188976378 0.5196940104166666 0.4271653543307087 0.09212239583333333
8 0.2710629921259842 0.4029947916666667 0.013779527559055118 0.024739583333333332
