3 0.5690562315027952 0.7116152450090744 0.40874712265702073 0.1266787658802178
0 0.5264715554094048 0.42341197822141563 0.0841828345938836 0.10998185117967332
13 0.25994738572837883 0.5767695099818512 0.2476159158171654 0.3019963702359347
13 0.29316014468924695 0.608529945553539 0.1081880960210457 0.11143375680580762
6 0.27638934560999673 0.5865698729582577 0.20552449852022361 0.23883847549909257
13 0.27638934560999673 0.5865698729582577 0.20552449852022361 0.23883847549909257
3 0.5746464978625452 0.7395644283121597 0.4317658664912858 0.1339382940108893
6 0.25994738572837883 0.5767695099818512 0.2476159158171654 0.3019963702359347
13 0.24745149621834922 0.511070780399274 0.1423873725748109 0.07912885662431941
3 0.5244985202236107 0.4308529945553539 0.10259782966129563 0.1132486388384755
13 0.22032226241367972 0.44682395644283124 0.058533377178559685 0.035571687840290384
3 0.5460374876685301 0.7088929219600726 0.3949358763564617 0.10671506352087114
