8 0.7709183673469387 0.5758216726326065 0.01598639455782313 0.017897819720143184
11 0.6146258503401361 0.1475756589651806 0.13877551020408163 0.04002603319232021
8 0.825 0.6919947933615359 0.013265306122448979 0.013342011064106736
11 0.37482993197278913 0.15750081353726 0.07891156462585033 0.03514480963228116
8 0.2336734693877551 0.4355678490074845 0.023809523809523808 0.030914415880247317
8 0.7593537414965986 0.3512853888708103 0.022789115646258504 0.030914415880247317
8 0.28656462585034015 0.3335502766026684 0.022108843537414966 0.022128213472177027
8 0.795578231292517 0.7705824926781647 0.009523809523809525 0.009762447120078099
11 0.6200680272108844 0.16400911161731208 0.16598639455782313 0.11389521640091116
8 0.7722789115646258 0.5766352098926131 0.013945578231292517 0.01757240481614058
8 0.24353741496598638 0.43914741295151316 0.03333333333333333 0.032216075496257726
8 0.7549319727891156 0.3516108037748129 0.02414965986394558 0.025056947608200455
8 0.7409863945578231 0.2938496583143508 0.02074829931972789 0.019524894240156198
8 0.7384353741496599 0.2948259030263586 0.02585034013605442 0.015619915392124959
8 0.7362244897959184 0.2972665148063781 0.016666666666666666 0.02050113895216401
0 0.5481292517006803 0.35063455906280505 0.11734693877551021 0.10120403514480963
8 0.2523809523809524 0.3037748128864302 0.021768707482993196 0.021802798568174422
8 0.795578231292517 0.39570452326716565 0.0163265306122449 0.014318255776114546
8 0.2532312925170068 0.3037748128864302 0.020068027210884354 0.019199479336153596
8 0.7938775510204081 0.39684347543117476 0.02040816326530612 0.017246989912137977
8 0.7557823129251701 0.35177351122681416 0.02585034013605442 0.02538236251220306
8 0.2540816326530612 0.3005206638464042 0.023809523809523808 0.025056947608200455
8 0.2870748299319728 0.3315977871786528 0.018367346938775512 0.018223234624145785
9 0.2336734693877551 0.4355678490074845 0.023809523809523808 0.030914415880247317
8 0.7717687074829932 0.30621542466644974 0.023809523809523808 0.02733485193621868
8 0.7719387755102041 0.3057273023104458 0.02619047619047619 0.021802798568174422
8 0.7688775510204081 0.3044256426944354 0.030272108843537416 0.029612756264236904
8 0.7707482993197279 0.5745200130165962 0.014285714285714285 0.021802798568174422
