0 0.6590711805555556 0.3371527777777778 0.1740451388888889 0.11875
0 0.6842447916666666 0.36354166666666665 0.12890625 0.10902777777777778
3 0.6959635416666666 0.5559027777777777 0.49609375 0.1388888888888889
2 0.6985677083333334 0.3392361111111111 0.06901041666666667 0.06805555555555555
4 0.4741753472222222 0.4065972222222222 0.16536458333333334 0.25277777777777777
11 0.4487847222222222 0.2760416666666667 0.1519097222222222 0.03680555555555556
3 0.6731770833333334 0.5387152777777777 0.5069444444444444 0.15729166666666666
11 0.6940104166666666 0.2607638888888889 0.1440972222222222 0.059027777777777776
7 0.4867621527777778 0.3842013888888889 0.12630208333333334 0.2107638888888889
3 0.6963975694444444 0.5493055555555556 0.4900173611111111 0.13680555555555557
0 0.6768663194444444 0.3467013888888889 0.20182291666666666 0.14965277777777777
