0 2020.5 947.0 373.0 346.0
8 1449.0 696.5 78.0 103.0
9 2577.5 1429.5 79.0 79.0
0 2026.0 955.0 366.0 366.0
9 1301.0 535.0 108.0 70.0
8 2578.0 1421.5 70.0 95.0
9 2656.5 1061.0 73.0 62.0
9 2979.5 1140.5 91.0 131.0
9 2641.0 1752.5 146.0 183.0
9 905.0 1560.0 68.0 68.0
9 1449.0 696.5 78.0 103.0
8 903.0 1560.0 66.0 68.0
9 1078.0 1672.5 62.0 45.0
0 2045.0 997.5 380.0 415.0
9 558.0 990.5 60.0 67.0
3 1990.0 1848.5 1138.0 491.0
8 1078.0 1672.5 62.0 45.0
9 1241.5 1095.5 133.0 57.0
9 532.0 1138.5 68.0 91.0
9 832.5 1273.5 85.0 129.0
8 1301.0 535.0 108.0 70.0
9 539.0 1066.5 88.0 217.0
2 2347.5 1573.0 223.0 336.0
