13 0.4000651041666667 0.19140625 0.033854166666666664 0.048177083333333336
3 0.5651041666666666 0.58349609375 0.3658854166666667 0.10774739583333333
13 0.3907877604166667 0.19156901041666666 0.0498046875 0.055013020833333336
0 0.5919596354166666 0.3095703125 0.0927734375 0.12044270833333333
13 0.6702473958333334 0.21028645833333334 0.064453125 0.057291666666666664
3 0.5655924479166666 0.5847981770833334 0.3636067708333333 0.09733072916666667
13 0.67236328125 0.21061197916666666 0.06998697916666667 0.053385416666666664
0 0.5861002604166666 0.3046875 0.11295572916666667 0.11653645833333333
0 0.5755208333333334 0.3116861979166667 0.11848958333333333 0.12467447916666667
13 0.6726888020833334 0.21175130208333334 0.06412760416666667 0.050455729166666664
13 0.4013671875 0.19596354166666666 0.050130208333333336 0.046223958333333336
