10 0.6880208333333333 0.39265799256505574 0.35 0.6356877323420075
10 0.72578125 0.4739776951672863 0.2828125 0.4395910780669145
12 0.6283854166666667 0.195864312267658 0.1984375 0.22908921933085502
7 0.7203125 0.32132899628252787 0.17916666666666667 0.1538104089219331
12 0.7252604166666666 0.31342936802973975 0.17552083333333332 0.15566914498141263
10 0.7096354166666666 0.16171003717472118 0.24322916666666666 0.21096654275092938
11 0.36276041666666664 0.08015799256505576 0.20260416666666667 0.08410780669144981
4 0.30911458333333336 0.4895446096654275 0.31927083333333334 0.3424721189591078
10 0.6932291666666667 0.39684014869888473 0.36041666666666666 0.6635687732342007
1 0.30911458333333336 0.4895446096654275 0.31927083333333334 0.3424721189591078
