3 0.5802408854166666 0.5027669270833334 0.3291015625 0.09733072916666667
13 0.2911783854166667 0.4879557291666667 0.019205729166666668 0.016276041666666668
0 0.5867513020833334 0.2530924479166667 0.07584635416666667 0.09993489583333333
9 0.2911783854166667 0.4879557291666667 0.019205729166666668 0.016276041666666668
0 0.5802408854166666 0.24772135416666666 0.09537760416666667 0.08854166666666667
7 0.7517903645833334 0.5109049479166666 0.1103515625 0.0478515625
10 0.80224609375 0.5126953125 0.045247395833333336 0.07096354166666667
9 0.29248046875 0.4881184895833333 0.023763020833333332 0.023763020833333332
10 0.7814127604166666 0.5179036458333334 0.12858072916666666 0.12434895833333333
10 0.8074544270833334 0.5364583333333334 0.056315104166666664 0.06315104166666667
0 0.58349609375 0.2508138020833333 0.10774739583333333 0.10514322916666667
11 0.80224609375 0.5126953125 0.045247395833333336 0.07096354166666667
8 0.29248046875 0.4881184895833333 0.023763020833333332 0.023763020833333332
