7 0.24763779527559054 0.47509765625 0.1732283464566929 0.3343098958333333
13 0.24291338582677166 0.4373372395833333 0.1236220472440945 0.054361979166666664
9 0.24763779527559054 0.47509765625 0.1732283464566929 0.3343098958333333
7 0.20059055118110236 0.3304036458333333 0.08700787401574803 0.057942708333333336
9 0.42992125984251967 0.3839518229166667 0.09448818897637795 0.3785807291666667
3 0.5927165354330709 0.6359049479166666 0.43031496062992125 0.09147135416666667
13 0.24763779527559054 0.47509765625 0.1732283464566929 0.3343098958333333
13 0.2202755905511811 0.4461263020833333 0.18464566929133858 0.06673177083333333
7 0.7082677165354331 0.6175130208333334 0.22125984251968503 0.18033854166666666
0 0.5466535433070866 0.3089192708333333 0.09960629921259842 0.09635416666666667
13 0.21318897637795275 0.32421875 0.11850393700787401 0.0625
0 0.5399606299212598 0.3069661458333333 0.10748031496062992 0.08463541666666667
13 0.3224409448818898 0.3221028645833333 0.050393700787401574 0.0439453125
