11 0.12955729166666666 0.7279513888888889 0.053385416666666664 0.10381944444444445
10 0.12955729166666666 0.7279513888888889 0.053385416666666664 0.10381944444444445
11 0.7092013888888888 0.7675347222222222 0.2248263888888889 0.084375
10 0.8038194444444444 0.7625 0.06770833333333333 0.17430555555555555
11 0.15516493055555555 0.6439236111111111 0.0759548611111111 0.1857638888888889
0 0.5201822916666666 0.31649305555555557 0.12803819444444445 0.10034722222222223
11 0.15169270833333334 0.6951388888888889 0.09678819444444445 0.1673611111111111
11 0.14539930555555555 0.6864583333333333 0.1032986111111111 0.1986111111111111
11 0.8038194444444444 0.7625 0.06770833333333333 0.17430555555555555
11 0.7847222222222222 0.7420138888888889 0.06597222222222222 0.08055555555555556
