11 0.629150390625 0.1556 0.14111328125 0.0408
11 0.135009765625 0.8738 0.11474609375 0.1204
13 0.270751953125 0.2822 0.11181640625 0.0844
10 0.12060546875 0.8852 0.09375 0.1008
13 0.757568359375 0.2944 0.06005859375 0.052
13 0.718017578125 0.2506 0.13525390625 0.1276
10 0.135009765625 0.8738 0.11474609375 0.1204
13 0.286865234375 0.3086 0.10888671875 0.1524
10 0.905517578125 0.8732 0.06298828125 0.0768
11 0.365478515625 0.1496 0.09814453125 0.0248
11 0.12060546875 0.8852 0.09375 0.1008
10 0.894287109375 0.8688 0.09716796875 0.136
11 0.894287109375 0.8688 0.09716796875 0.136
13 0.289794921875 0.2922 0.14990234375 0.1652
11 0.905517578125 0.8732 0.06298828125 0.0768
