13 0.7914496527777778 0.3277777777777778 0.04383680555555555 0.027083333333333334
9 0.8109809027777778 0.3892361111111111 0.029079861111111112 0.04097222222222222
10 0.10004340277777778 0.7637152777777778 0.02734375 0.046875
9 0.232421875 0.5678819444444444 0.040364583333333336 0.019097222222222224
13 0.8109809027777778 0.3892361111111111 0.029079861111111112 0.04097222222222222
11 0.10004340277777778 0.7637152777777778 0.02734375 0.046875
13 0.7202690972222222 0.27881944444444445 0.1974826388888889 0.12222222222222222
8 0.232421875 0.5678819444444444 0.040364583333333336 0.019097222222222224
8 0.23307291666666666 0.5690972222222223 0.03819444444444445 0.027777777777777776
13 0.7786458333333334 0.328125 0.06770833333333333 0.025694444444444443
