5 0.2941729323308271 0.4766042780748663 0.2800751879699248 0.5608288770053476
11 0.21766917293233082 0.24364973262032086 0.061654135338345864 0.08021390374331551
10 0.18853383458646616 0.6978609625668449 0.19962406015037593 0.38836898395721925
10 0.19022556390977444 0.6928475935828877 0.18796992481203006 0.25133689839572193
7 0.28289473684210525 0.5098596256684492 0.23045112781954888 0.45287433155080214
11 0.375 0.19568850267379678 0.22142857142857142 0.10594919786096256
7 0.26766917293233083 0.34893048128342247 0.17518796992481203 0.2446524064171123
5 0.28289473684210525 0.5098596256684492 0.23045112781954888 0.45287433155080214
10 0.2129699248120301 0.7107286096256684 0.2567669172932331 0.20554812834224598
11 0.3295112781954887 0.21239973262032086 0.30714285714285716 0.12266042780748664
