8 0.8531496062992125 0.6892903645833334 0.011811023622047244 0.0126953125
10 0.13700787401574804 0.7203776041666666 0.1015748031496063 0.11393229166666667
8 0.8521653543307086 0.68896484375 0.016929133858267716 0.0107421875
3 0.5807086614173228 0.6394856770833334 0.47874015748031495 0.16438802083333334
8 0.8011811023622047 0.6793619791666666 0.01653543307086614 0.013671875
3 0.5799212598425196 0.658203125 0.49133858267716535 0.1171875
11 0.8566929133858268 0.73291015625 0.03385826771653543 0.037434895833333336
11 0.14744094488188977 0.728515625 0.048425196850393704 0.048177083333333336
3 0.575 0.6486002604166666 0.4799212598425197 0.1142578125
11 0.13700787401574804 0.7203776041666666 0.1015748031496063 0.11393229166666667
10 0.8566929133858268 0.73291015625 0.03385826771653543 0.037434895833333336
0 0.5858267716535434 0.3426106770833333 0.11653543307086614 0.13118489583333334
8 0.8007874015748031 0.6778971354166666 0.01968503937007874 0.015299479166666666
0 0.5860236220472441 0.3250325520833333 0.11850393700787401 0.0986328125
11 0.1403543307086614 0.73388671875 0.04921259842519685 0.0458984375
10 0.14744094488188977 0.728515625 0.048425196850393704 0.048177083333333336
10 0.1403543307086614 0.73388671875 0.04921259842519685 0.0458984375
0 0.5952755905511811 0.3245442708333333 0.09448818897637795 0.078125
