10 0.1410590277777778 0.6814236111111112 0.04513888888888889 0.060069444444444446
10 0.13932291666666666 0.671875 0.049479166666666664 0.04583333333333333
0 0.5397135416666666 0.309375 0.09678819444444445 0.09305555555555556
11 0.1410590277777778 0.6814236111111112 0.04513888888888889 0.060069444444444446
10 0.1401909722222222 0.6487847222222223 0.058159722222222224 0.11006944444444444
0 0.5308159722222222 0.31024305555555554 0.1189236111111111 0.0954861111111111
11 0.1401909722222222 0.6487847222222223 0.058159722222222224 0.11006944444444444
11 0.3656684027777778 0.16961805555555556 0.13932291666666666 0.13159722222222223
11 0.3539496527777778 0.14704861111111112 0.08984375 0.028819444444444446
3 0.5232204861111112 0.6088541666666667 0.37109375 0.14340277777777777
11 0.13932291666666666 0.671875 0.049479166666666664 0.04583333333333333
3 0.521484375 0.6251736111111111 0.37890625 0.1267361111111111
