5 0.7534722222222222 0.5415601023017903 0.32407407407407407 0.4961636828644501
5 0.7505787037037037 0.4876918158567775 0.3560956790123457 0.594309462915601
9 0.5287422839506173 0.4947250639386189 0.16628086419753085 0.45684143222506396
11 0.6956018518518519 0.14993606138107418 0.14660493827160495 0.052429667519181586
9 0.28125 0.7410485933503836 0.30632716049382713 0.19437340153452684
6 0.20621141975308643 0.30131074168797956 0.04436728395061729 0.0501918158567775
5 0.7741126543209876 0.4998401534526854 0.23109567901234568 0.48945012787723785
9 0.32600308641975306 0.2929987212276215 0.13734567901234568 0.15824808184143221
13 0.29070216049382713 0.5784846547314578 0.09066358024691358 0.125
9 0.2037037037037037 0.30131074168797956 0.046296296296296294 0.03420716112531969
13 0.2029320987654321 0.302269820971867 0.05092592592592592 0.03292838874680307
9 0.7505787037037037 0.4876918158567775 0.3560956790123457 0.594309462915601
5 0.26176697530864196 0.48225703324808183 0.29822530864197533 0.42039641943734013
13 0.2964891975308642 0.5111892583120204 0.2048611111111111 0.2595907928388747
5 0.32600308641975306 0.2929987212276215 0.13734567901234568 0.15824808184143221
13 0.3142361111111111 0.5076726342710998 0.2611882716049383 0.26982097186700765
0 0.566358024691358 0.35581841432225064 0.13194444444444445 0.11061381074168798
5 0.25771604938271603 0.3765984654731458 0.32407407407407407 0.40345268542199486
1 0.2037037037037037 0.30131074168797956 0.046296296296296294 0.03420716112531969
13 0.2037037037037037 0.30131074168797956 0.046296296296296294 0.03420716112531969
9 0.7741126543209876 0.4998401534526854 0.23109567901234568 0.48945012787723785
