2 0.483642578125 0.39 0.02099609375 0.02
2 0.5703125 0.708 0.033203125 0.04
11 0.16064453125 0.7806 0.0400390625 0.0796
6 0.255615234375 0.3522 0.22900390625 0.2796
11 0.282958984375 0.2256 0.13037109375 0.056
2 0.510986328125 0.3854 0.01806640625 0.014
10 0.15576171875 0.7922 0.0439453125 0.042
13 0.249755859375 0.4958 0.18017578125 0.3868
0 0.512939453125 0.3824 0.15869140625 0.1672
0 0.51513671875 0.3634 0.138671875 0.1556
2 0.2958984375 0.348 0.0224609375 0.0192
9 0.4150390625 0.3104 0.1240234375 0.2856
13 0.634765625 0.302 0.20703125 0.1728
1 0.255615234375 0.3522 0.22900390625 0.2796
9 0.402099609375 0.3104 0.11572265625 0.2624
13 0.2529296875 0.6102 0.0986328125 0.1732
13 0.653076171875 0.2884 0.17431640625 0.1816
0 0.513671875 0.3666 0.1435546875 0.1388
7 0.282958984375 0.2256 0.13037109375 0.056
13 0.260986328125 0.3772 0.19384765625 0.232
11 0.285888671875 0.2334 0.14599609375 0.0692
13 0.647216796875 0.316 0.16650390625 0.184
11 0.2900390625 0.2326 0.1357421875 0.0828
13 0.255615234375 0.3522 0.22900390625 0.2796
11 0.162109375 0.7888 0.0439453125 0.0416
11 0.15576171875 0.7922 0.0439453125 0.042
2 0.560546875 0.6284 0.0283203125 0.028
2 0.56103515625 0.6298 0.029296875 0.0268
