0 0.551023950017355 0.3411154345006485 0.1003123915307185 0.10246433203631647
9 0.41200971884762233 0.37046044098573283 0.07358556056924678 0.1222438391699092
11 0.5952794168691427 0.19033722438391698 0.08816383200277682 0.04345006485084306
13 0.3476223533495314 0.2691309987029831 0.07740367927802846 0.1245136186770428
10 0.13363415480735855 0.8381971465629053 0.06872613675807011 0.062905317769131
10 0.13589031586254774 0.8227950713359273 0.07323845886844846 0.07230869001297018
13 0.16903852828878863 0.49270428015564205 0.04998264491496009 0.03469520103761349
8 0.41200971884762233 0.37046044098573283 0.07358556056924678 0.1222438391699092
10 0.1275598750433877 0.8404669260700389 0.05102395001735509 0.08365758754863813
11 0.13589031586254774 0.8227950713359273 0.07323845886844846 0.07230869001297018
7 0.41200971884762233 0.37046044098573283 0.07358556056924678 0.1222438391699092
11 0.1275598750433877 0.8404669260700389 0.05102395001735509 0.08365758754863813
11 0.3819854217285665 0.19374189364461739 0.08573412009718848 0.03404669260700389
11 0.13363415480735855 0.8381971465629053 0.06872613675807011 0.062905317769131
