11 0.3383246527777778 0.16701388888888888 0.16015625 0.06736111111111111
10 0.2673611111111111 0.5501736111111111 0.2682291666666667 0.159375
0 0.5657552083333334 0.32795138888888886 0.11414930555555555 0.10104166666666667
10 0.2749565972222222 0.5505208333333333 0.2868923611111111 0.13229166666666667
10 0.23958333333333334 0.5904513888888889 0.2482638888888889 0.2309027777777778
11 0.3480902777777778 0.165625 0.16493055555555555 0.044444444444444446
7 0.3509114583333333 0.4152777777777778 0.08984375 0.14027777777777778
13 0.3129340277777778 0.44809027777777777 0.1640625 0.19826388888888888
11 0.7137586805555556 0.1527777777777778 0.0959201388888889 0.06180555555555556
11 0.6612413194444444 0.1527777777777778 0.17057291666666666 0.044444444444444446
3 0.5492621527777778 0.5706597222222223 0.4396701388888889 0.13090277777777778
11 0.7096354166666666 0.15434027777777778 0.08940972222222222 0.05451388888888889
11 0.3129340277777778 0.16267361111111112 0.09027777777777778 0.04479166666666667
3 0.5494791666666666 0.5814236111111111 0.4539930555555556 0.109375
