13 0.34228515625 0.24869791666666666 0.10709635416666667 0.10807291666666667
13 0.3084309895833333 0.4635416666666667 0.07454427083333333 0.2526041666666667
6 0.6962890625 0.4417317708333333 0.18033854166666666 0.45703125
5 0.3357747395833333 0.4814453125 0.1494140625 0.2916666666666667
13 0.7008463541666666 0.431640625 0.162109375 0.4388020833333333
13 0.3486328125 0.40234375 0.17317708333333334 0.412109375
13 0.6611328125 0.3665364583333333 0.146484375 0.3196614583333333
6 0.35888671875 0.2584635416666667 0.1357421875 0.10677083333333333
11 0.6474609375 0.17122395833333334 0.14322916666666666 0.07552083333333333
6 0.7008463541666666 0.431640625 0.162109375 0.4388020833333333
11 0.6336263020833334 0.17350260416666666 0.15983072916666666 0.078125
6 0.3486328125 0.40234375 0.17317708333333334 0.412109375
6 0.6611328125 0.3665364583333333 0.146484375 0.3196614583333333
13 0.35888671875 0.2584635416666667 0.1357421875 0.10677083333333333
5 0.6962890625 0.4417317708333333 0.18033854166666666 0.45703125
1 0.6611328125 0.3665364583333333 0.146484375 0.3196614583333333
