13 0.7410201149425287 0.4955684596577017 0.2349137931034483 0.3847799511002445
13 0.7273706896551724 0.4578239608801956 0.2535919540229885 0.3918092909535452
11 0.8954741379310345 0.8407701711491442 0.02442528735632184 0.03361858190709047
11 0.34392959770114945 0.22555012224938875 0.08010057471264367 0.02750611246943765
13 0.28951149425287354 0.36613691931540343 0.1839080459770115 0.22555012224938875
13 0.7573635057471264 0.45904645476772615 0.19360632183908047 0.40464547677261614
13 0.3239942528735632 0.3922677261613692 0.2413793103448276 0.2655867970660147
11 0.3692528735632184 0.2283007334963325 0.11637931034482758 0.018337408312958436
11 0.6722341954022989 0.23487163814180928 0.1469109195402299 0.019254278728606355
2 0.7573635057471264 0.45904645476772615 0.19360632183908047 0.40464547677261614
11 0.7146192528735632 0.23594132029339854 0.059985632183908046 0.023227383863080684
13 0.32489224137931033 0.4093826405867971 0.24892241379310345 0.2833129584352078
0 0.5644755747126436 0.41503667481662593 0.11817528735632184 0.12408312958435208
2 0.28951149425287354 0.36613691931540343 0.1839080459770115 0.22555012224938875
