10 0.07660590277777778 0.7347222222222223 0.05685763888888889 0.10277777777777777
12 0.203125 0.6694444444444444 0.2612847222222222 0.10972222222222222
9 0.058159722222222224 0.5803819444444445 0.0876736111111111 0.46770833333333334
9 0.043402777777777776 0.6387152777777778 0.07291666666666667 0.40868055555555555
13 0.2601996527777778 0.5894097222222222 0.24869791666666666 0.12118055555555556
11 0.07660590277777778 0.7347222222222223 0.05685763888888889 0.10277777777777777
9 0.05186631944444445 0.5979166666666667 0.0915798611111111 0.4486111111111111
12 0.21006944444444445 0.6619791666666667 0.2829861111111111 0.134375
12 0.2222222222222222 0.6701388888888888 0.3272569444444444 0.1284722222222222
0 0.5269097222222222 0.3638888888888889 0.11458333333333333 0.08888888888888889
13 0.2280815972222222 0.5942708333333333 0.1792534722222222 0.13159722222222223
10 0.09722222222222222 0.7440972222222222 0.0954861111111111 0.09375
10 0.21571180555555555 0.7578125 0.3298611111111111 0.04826388888888889
