7 0.7740885416666666 0.44583333333333336 0.0837673611111111 0.05763888888888889
13 0.23958333333333334 0.3420138888888889 0.1909722222222222 0.1423611111111111
5 0.1898871527777778 0.6010416666666667 0.3372395833333333 0.38472222222222224
5 0.7152777777777778 0.6255208333333333 0.2821180555555556 0.38229166666666664
13 0.2690972222222222 0.36493055555555554 0.2543402777777778 0.17430555555555555
13 0.775390625 0.4449652777777778 0.09244791666666667 0.05590277777777778
11 0.3352864583333333 0.12482638888888889 0.11675347222222222 0.03229166666666667
13 0.2604166666666667 0.35555555555555557 0.2421875 0.17152777777777778
8 0.15907118055555555 0.3307291666666667 0.018663194444444444 0.022569444444444444
8 0.16124131944444445 0.33229166666666665 0.023003472222222224 0.018055555555555554
11 0.5850694444444444 0.12569444444444444 0.16145833333333334 0.03819444444444445
6 0.7740885416666666 0.44583333333333336 0.0837673611111111 0.05763888888888889
0 0.5329861111111112 0.31180555555555556 0.1189236111111111 0.08611111111111111
