2 0.7257604562737643 0.3222748815165877 0.17712294043092522 0.21597833446174677
13 0.7257604562737643 0.3222748815165877 0.17712294043092522 0.21597833446174677
13 0.301489226869455 0.30890318212593093 0.1682509505703422 0.23256601218686526
2 0.3753168567807351 0.6123899796885579 0.07509505703422054 0.08463100880162491
8 0.7463561470215463 0.29637779282329046 0.01679340937896071 0.018618821936357482
13 0.3238276299112801 0.3068720379146919 0.2522179974651457 0.24746106973595125
8 0.7564955640050697 0.4133378469871361 0.013624841571609633 0.014218009478672985
8 0.7694866920152091 0.35240352064996616 0.019328263624841573 0.020311442112389978
13 0.7268694550063372 0.2455991875423155 0.06717363751584284 0.05044008124576845
11 0.3238276299112801 0.3068720379146919 0.2522179974651457 0.24746106973595125
2 0.37975285171102663 0.6010494245091401 0.06178707224334601 0.051117129316181446
13 0.723384030418251 0.4119837508463101 0.16096324461343473 0.3764387271496276
13 0.7115019011406845 0.3171970209884902 0.03897338403041825 0.09004739336492891
2 0.3238276299112801 0.3068720379146919 0.2522179974651457 0.24746106973595125
8 0.7878643852978454 0.3772850372376439 0.014892268694550063 0.013879485443466486
8 0.7311470215462611 0.516926201760325 0.019328263624841573 0.02979011509817197
8 0.6991444866920152 0.23324306025727826 0.006653992395437262 0.007447528774542992
11 0.6048795944233206 0.1518280297901151 0.12103929024081116 0.026066350710900472
2 0.32192648922686945 0.2945159106296547 0.22433460076045628 0.2626946513202437
2 0.301489226869455 0.30890318212593093 0.1682509505703422 0.23256601218686526
13 0.3753168567807351 0.6123899796885579 0.07509505703422054 0.08463100880162491
8 0.38102027883396705 0.6059580230196344 0.05671736375158428 0.046039268788083954
11 0.355830164765526 0.14048747461069735 0.1394169835234474 0.03994583615436696
8 0.7365335868187579 0.39285714285714285 0.011089987325728771 0.03486797562626946
2 0.723384030418251 0.4119837508463101 0.16096324461343473 0.3764387271496276
2 0.7284537389100126 0.515572105619499 0.022813688212927757 0.03114421123899797
13 0.32192648922686945 0.2945159106296547 0.22433460076045628 0.2626946513202437
