13 0.41869777158774374 0.3402925937214264 0.11037604456824512 0.33556842426089606
9 0.22649721448467966 0.17692776592502285 0.33948467966573814 0.20877781164279183
9 0.2414693593314763 0.13730569948186527 0.4077298050139276 0.27461139896373055
9 0.7581824512534819 0.17982322462663822 0.23154596100278552 0.19811033221578786
9 0.19202646239554316 0.16946053032612007 0.32764623955431754 0.2194452910697958
0 0.5644150417827298 0.404602255409936 0.08704735376044569 0.15208777811642793
6 0.41869777158774374 0.3402925937214264 0.11037604456824512 0.33556842426089606
13 0.31807103064066855 0.6962816214568729 0.08600278551532034 0.018591892715635477
9 0.7458217270194986 0.15163060042669918 0.3050139275766017 0.21792136543736665
0 0.5665041782729805 0.36345626333434927 0.0905292479108635 0.07284364523011277
9 0.7256267409470752 0.1409631209996952 0.31824512534818944 0.25693386162755255
6 0.5999303621169917 0.24916184090216398 0.07242339832869081 0.15330691862237122
