3 0.5149739583333334 0.47638888888888886 0.4474826388888889 0.14375
3 0.5251736111111112 0.46979166666666666 0.4097222222222222 0.15138888888888888
10 0.1169704861111111 0.48420138888888886 0.062065972222222224 0.07118055555555555
0 0.5611979166666666 0.29305555555555557 0.13802083333333334 0.12916666666666668
3 0.5364583333333334 0.48072916666666665 0.4661458333333333 0.13993055555555556
10 0.1037326388888889 0.46857638888888886 0.07118055555555555 0.10798611111111112
0 0.5427517361111112 0.27881944444444445 0.16883680555555555 0.10347222222222222
0 0.5590277777777778 0.30868055555555557 0.14930555555555555 0.1486111111111111
11 0.1169704861111111 0.48420138888888886 0.062065972222222224 0.07118055555555555
11 0.1037326388888889 0.46857638888888886 0.07118055555555555 0.10798611111111112
