4 0.234375 0.4588541666666667 0.16927083333333334 0.12604166666666666
7 0.23958333333333334 0.45086805555555554 0.1736111111111111 0.20381944444444444
7 0.21940104166666666 0.44288194444444445 0.18272569444444445 0.18020833333333333
11 0.5588107638888888 0.21354166666666666 0.0881076388888889 0.034722222222222224
11 0.3459201388888889 0.20121527777777778 0.08246527777777778 0.03090277777777778
13 0.21940104166666666 0.44288194444444445 0.18272569444444445 0.18020833333333333
3 0.5082465277777778 0.6152777777777778 0.3932291666666667 0.17152777777777778
6 0.23958333333333334 0.45086805555555554 0.1736111111111111 0.20381944444444444
3 0.5199652777777778 0.6241319444444444 0.4027777777777778 0.1642361111111111
7 0.22178819444444445 0.4395833333333333 0.19791666666666666 0.2902777777777778
3 0.5145399305555556 0.6404513888888889 0.4153645833333333 0.15034722222222222
0 0.5199652777777778 0.35746527777777776 0.12239583333333333 0.10173611111111111
