8 0.7495351431759019 0.24205823957643943 0.04351059873558944 0.02746525479814692
9 0.7495351431759019 0.24205823957643943 0.04351059873558944 0.02746525479814692
2 0.7724060989215321 0.2943414956982131 0.06470806991446634 0.12673726009265388
8 0.7831907772406099 0.3443084050297816 0.03570100409074005 0.030112508272667107
8 0.7716623280029751 0.3016214427531436 0.08330234287839346 0.13070814030443414
9 0.7831907772406099 0.3443084050297816 0.03570100409074005 0.030112508272667107
13 0.7716623280029751 0.3016214427531436 0.08330234287839346 0.13070814030443414
8 0.7750092971364819 0.28325612177365983 0.049832651543324655 0.033752481800132364
13 0.3672368910375604 0.2245201853077432 0.020453700260319823 0.10092653871608206
11 0.6740423949423577 0.21211118464592985 0.19970249163257717 0.07610853739245532
0 0.5877649683897359 0.3320648577101257 0.10896243956861287 0.13467902051621441
13 0.3648196355522499 0.22634017207147583 0.03867608776496839 0.09530112508272667
9 0.7750092971364819 0.28325612177365983 0.049832651543324655 0.033752481800132364
0 0.5896243956861287 0.3497683653209795 0.11416883599851246 0.14758438120450032
13 0.6798066195611752 0.2258438120450033 0.0907400520639643 0.09166115155526142
0 0.5814429155820008 0.34530112508272665 0.13871327631089625 0.13070814030443414
13 0.36649312011900337 0.2700198544010589 0.021197471178876905 0.1846459298477829
