13 0.7036163522012578 0.18397887323943662 0.10534591194968554 0.13028169014084506
0 0.5514937106918238 0.2984154929577465 0.13522012578616352 0.1637323943661972
0 0.5687893081761006 0.31294014084507044 0.139937106918239 0.17517605633802816
13 0.1985062893081761 0.29819542253521125 0.10534591194968554 0.10871478873239436
0 0.561124213836478 0.3091989436619718 0.1293238993710692 0.1641725352112676
11 0.10180817610062894 0.7504401408450704 0.02437106918238994 0.0880281690140845
10 0.10180817610062894 0.7504401408450704 0.02437106918238994 0.0880281690140845
13 0.2205188679245283 0.2911531690140845 0.09512578616352202 0.09991197183098592
3 0.6012185534591195 0.6945422535211268 0.4602987421383648 0.18485915492957747
11 0.6560534591194969 0.15294894366197184 0.19261006289308177 0.12808098591549297
13 0.6987028301886793 0.19102112676056338 0.10180817610062894 0.1056338028169014
3 0.601808176100629 0.6764964788732394 0.46540880503144655 0.14524647887323944
