11 0.1377952755905512 0.6905924479166666 0.06614173228346457 0.0615234375
13 0.29153543307086616 0.56787109375 0.07362204724409449 0.0732421875
9 0.29429133858267714 0.4484049479166667 0.2767716535433071 0.4527994791666667
2 0.3641732283464567 0.19873046875 0.01732283464566929 0.025716145833333332
11 0.19074803149606298 0.5338541666666666 0.08307086614173229 0.2669270833333333
13 0.30866141732283464 0.4192708333333333 0.11338582677165354 0.13411458333333334
2 0.29429133858267714 0.4484049479166667 0.2767716535433071 0.4527994791666667
10 0.1377952755905512 0.6905924479166666 0.06614173228346457 0.0615234375
0 0.6090551181102363 0.341796875 0.10551181102362205 0.08268229166666667
11 0.2736220472440945 0.4290364583333333 0.2763779527559055 0.4420572916666667
13 0.33267716535433073 0.62255859375 0.12755905511811025 0.060221354166666664
11 0.284251968503937 0.4261067708333333 0.2921259842519685 0.4654947916666667
10 0.13267716535433072 0.6935221354166666 0.07086614173228346 0.08756510416666667
7 0.2909448818897638 0.4104817708333333 0.35826771653543305 0.5071614583333334
13 0.284251968503937 0.4261067708333333 0.2921259842519685 0.4654947916666667
11 0.12677165354330708 0.6962890625 0.046456692913385826 0.048828125
11 0.13267716535433072 0.6935221354166666 0.07086614173228346 0.08756510416666667
10 0.12677165354330708 0.6962890625 0.046456692913385826 0.048828125
2 0.19074803149606298 0.5338541666666666 0.08307086614173229 0.2669270833333333
