11 0.23237300985595147 0.635812133072407 0.14101592115238817 0.08023483365949119
0 0.5686125852918877 0.3585127201565558 0.11675511751326763 0.11037181996086105
3 0.6131539044730857 0.6804305283757338 0.4552691432903715 0.16007827788649706
3 0.6008339651250948 0.6459882583170254 0.488248673237301 0.17338551859099804
10 0.23237300985595147 0.635812133072407 0.14101592115238817 0.08023483365949119
9 0.2577710386656558 0.6305283757338552 0.12736921910538287 0.046966731898238745
3 0.5949583017437453 0.6841487279843445 0.478013646702047 0.14403131115459883
0 0.5739196360879454 0.3467710371819961 0.08263836239575435 0.07906066536203522
10 0.25815011372251706 0.6749510763209393 0.22517058377558757 0.1279843444227006
11 0.1853677028051554 0.6726027397260274 0.06595905989385899 0.09119373776908024
7 0.2577710386656558 0.6305283757338552 0.12736921910538287 0.046966731898238745
10 0.1853677028051554 0.6726027397260274 0.06595905989385899 0.09119373776908024
