8 0.2243923611111111 0.4470486111111111 0.013020833333333334 0.011458333333333333
8 0.5772569444444444 0.66875 0.012152777777777778 0.013194444444444444
0 0.529296875 0.35173611111111114 0.08550347222222222 0.12638888888888888
8 0.4650607638888889 0.46041666666666664 0.013454861111111112 0.011805555555555555
8 0.62109375 0.5338541666666666 0.012152777777777778 0.00798611111111111
8 0.2306857638888889 0.48802083333333335 0.21484375 0.271875
3 0.5193142361111112 0.5960069444444445 0.3763020833333333 0.09340277777777778
8 0.5718315972222222 0.4720486111111111 0.01171875 0.011458333333333333
8 0.333984375 0.4720486111111111 0.012586805555555556 0.00798611111111111
8 0.2797309027777778 0.6138888888888889 0.009982638888888888 0.007638888888888889
8 0.7163628472222222 0.2298611111111111 0.01171875 0.009722222222222222
8 0.14539930555555555 0.48159722222222223 0.012152777777777778 0.011111111111111112
3 0.5093315972222222 0.5782986111111111 0.3901909722222222 0.08298611111111111
8 0.7374131944444444 0.22708333333333333 0.011284722222222222 0.008333333333333333
8 0.2671440972222222 0.49583333333333335 0.013454861111111112 0.009722222222222222
0 0.5128038194444444 0.3446180555555556 0.1271701388888889 0.11145833333333334
8 0.5071614583333334 0.5125 0.013454861111111112 0.010416666666666666
8 0.2387152777777778 0.5288194444444444 0.013020833333333334 0.009027777777777777
0 0.4587673611111111 0.36319444444444443 0.21180555555555555 0.14583333333333334
8 0.7580295138888888 0.2484375 0.012586805555555556 0.007291666666666667
8 0.5787760416666666 0.5954861111111112 0.012586805555555556 0.013888888888888888
8 0.2638888888888889 0.39045138888888886 0.011284722222222222 0.008680555555555556
8 0.2172309027777778 0.5944444444444444 0.01171875 0.009722222222222222
8 0.13671875 0.6114583333333333 0.010416666666666666 0.009027777777777777
