8 0.6222330729166666 0.40185546875 0.0615234375 0.15266927083333334
13 0.7854817708333334 0.36279296875 0.03515625 0.06608072916666667
7 0.6573893229166666 0.40625 0.052408854166666664 0.0859375
9 0.60986328125 0.4002278645833333 0.07975260416666667 0.1533203125
11 0.4127604166666667 0.11881510416666667 0.08658854166666667 0.033203125
7 0.6222330729166666 0.40185546875 0.0615234375 0.15266927083333334
0 0.5862630208333334 0.2947591145833333 0.09114583333333333 0.08170572916666667
11 0.6456705729166666 0.11458333333333333 0.0966796875 0.026692708333333332
9 0.6222330729166666 0.40185546875 0.0615234375 0.15266927083333334
11 0.4208984375 0.1220703125 0.10611979166666667 0.034505208333333336
9 0.603515625 0.3883463541666667 0.09635416666666667 0.123046875
