13 0.2333984375 0.382 0.12890625 0.0696
11 0.677001953125 0.6794 0.03759765625 0.0188
8 0.66796875 0.453 0.1123046875 0.0476
7 0.66796875 0.453 0.1123046875 0.0476
9 0.668212890625 0.4538 0.11669921875 0.0596
0 0.534423828125 0.2998 0.09423828125 0.1028
13 0.235595703125 0.3774 0.10107421875 0.0644
4 0.662353515625 0.4526 0.11669921875 0.0532
8 0.743896484375 0.6668 0.04248046875 0.0304
11 0.6796875 0.6778 0.0322265625 0.0172
7 0.662353515625 0.4526 0.11669921875 0.0532
8 0.668212890625 0.4538 0.11669921875 0.0596
0 0.536865234375 0.2936 0.09326171875 0.0768
