7 0.7323588709677419 0.19368374558303886 0.23487903225806453 0.06934628975265017
13 0.2734375 0.22968197879858657 0.16078629032258066 0.13780918727915195
13 0.7331149193548387 0.1875 0.18901209677419356 0.07818021201413428
9 0.29007056451612906 0.17800353356890458 0.1275201612903226 0.07508833922261485
7 0.29007056451612906 0.17800353356890458 0.1275201612903226 0.07508833922261485
11 0.6678427419354839 0.12809187279151943 0.12096774193548387 0.03356890459363958
11 0.6685987903225806 0.12588339222614842 0.10836693548387097 0.02120141342756184
7 0.30619959677419356 0.17248233215547704 0.2242943548387097 0.1073321554770318
7 0.7479838709677419 0.19302120141342757 0.19556451612903225 0.08833922261484099
11 0.6932963709677419 0.12279151943462897 0.16683467741935484 0.05918727915194346
