0 0.4557291666666667 0.28402777777777777 0.13802083333333334 0.07916666666666666
11 0.21788194444444445 0.17465277777777777 0.1909722222222222 0.08194444444444444
13 0.783203125 0.47152777777777777 0.03689236111111111 0.018055555555555554
13 0.7495659722222222 0.42951388888888886 0.07899305555555555 0.022916666666666665
11 0.0720486111111111 0.5404513888888889 0.044270833333333336 0.121875
3 0.5301649305555556 0.5057291666666667 0.4622395833333333 0.1232638888888889
3 0.5418836805555556 0.5081597222222223 0.4830729166666667 0.09340277777777778
0 0.4737413194444444 0.31493055555555555 0.17491319444444445 0.14027777777777778
13 0.1519097222222222 0.5232638888888889 0.11371527777777778 0.03888888888888889
0 0.4717881944444444 0.3078125 0.1814236111111111 0.1232638888888889
13 0.7545572916666666 0.4267361111111111 0.0837673611111111 0.020833333333333332
3 0.5247395833333334 0.5092013888888889 0.4409722222222222 0.07256944444444445
13 0.17274305555555555 0.5173611111111112 0.14756944444444445 0.04097222222222222
