11 0.6652018229166666 0.18538411458333334 0.06608072916666667 0.06412760416666667
0 0.5428059895833334 0.251953125 0.09147135416666667 0.07747395833333333
0 0.5564778645833334 0.2692057291666667 0.07779947916666667 0.09700520833333333
11 0.6722005208333334 0.19075520833333334 0.055989583333333336 0.048828125
0 0.5509440104166666 0.2509765625 0.0712890625 0.07161458333333333
3 0.5906575520833334 0.4793294270833333 0.3505859375 0.1240234375
3 0.591796875 0.48388671875 0.357421875 0.10123697916666667
3 0.5887044270833334 0.48876953125 0.3577473958333333 0.1220703125
11 0.3147786458333333 0.18391927083333334 0.050130208333333336 0.05859375
11 0.3193359375 0.18391927083333334 0.060546875 0.06901041666666667
11 0.3089192708333333 0.19677734375 0.046875 0.045247395833333336
