11 0.2849934895833333 0.4059244791666667 0.11295572916666667 0.06770833333333333
4 0.3235677083333333 0.5276692708333334 0.216796875 0.189453125
13 0.29638671875 0.3966471354166667 0.11100260416666667 0.06412760416666667
3 0.5413411458333334 0.5548502604166666 0.3346354166666667 0.1279296875
3 0.5494791666666666 0.5364583333333334 0.3157552083333333 0.12955729166666666
0 0.5470377604166666 0.29736328125 0.1220703125 0.1181640625
10 0.24137369791666666 0.5423177083333334 0.051106770833333336 0.1171875
0 0.5514322916666666 0.3030598958333333 0.11197916666666667 0.12565104166666666
11 0.24137369791666666 0.5423177083333334 0.051106770833333336 0.1171875
11 0.4285481770833333 0.14013671875 0.0439453125 0.023763020833333332
7 0.3097330729166667 0.5078125 0.19173177083333334 0.09440104166666667
13 0.337890625 0.45068359375 0.111328125 0.0927734375
7 0.3235677083333333 0.5276692708333334 0.216796875 0.189453125
0 0.55419921875 0.32763671875 0.10514322916666667 0.17740885416666666
7 0.3382161458333333 0.4886067708333333 0.13736979166666666 0.072265625
