6 0.21983506944444445 0.3295138888888889 0.2738715277777778 0.3715277777777778
7 0.1990017361111111 0.37274305555555554 0.2191840277777778 0.30520833333333336
10 0.19053819444444445 0.5753472222222222 0.2482638888888889 0.12986111111111112
12 0.330078125 0.16319444444444445 0.1974826388888889 0.10902777777777778
12 0.2942708333333333 0.1640625 0.24479166666666666 0.11909722222222222
12 0.3081597222222222 0.23645833333333333 0.2230902777777778 0.28055555555555556
10 0.2556423611111111 0.5727430555555556 0.3116319444444444 0.10590277777777778
13 0.21983506944444445 0.3295138888888889 0.2738715277777778 0.3715277777777778
7 0.21983506944444445 0.3295138888888889 0.2738715277777778 0.3715277777777778
4 0.24110243055555555 0.3914930555555556 0.15321180555555555 0.13784722222222223
10 0.2265625 0.5807291666666666 0.2795138888888889 0.1267361111111111
