3 0.5785764622973926 0.5743774574049804 0.45313601127554615 0.10419397116644823
11 0.8342142353770261 0.6053407601572739 0.09408033826638477 0.09338138925294888
0 0.545278365045807 0.3042267365661861 0.11381254404510219 0.11893840104849279
0 0.5406976744186046 0.2981651376146789 0.11874559548978153 0.0910878112712975
10 0.841261451726568 0.6048492791612058 0.1109936575052854 0.0871559633027523
0 0.5500352360817478 0.2880078636959371 0.10570824524312897 0.09370904325032765
11 0.8421423537702607 0.5653669724770642 0.08315715292459479 0.10910878112712975
10 0.8342142353770261 0.6053407601572739 0.09408033826638477 0.09338138925294888
10 0.8421423537702607 0.5653669724770642 0.08315715292459479 0.10910878112712975
3 0.5854474982381959 0.5886304062909568 0.42318534178999295 0.1353211009174312
11 0.31941508104298805 0.17889908256880735 0.2138830162085976 0.062254259501965926
