9 0.2289496527777778 0.5779513888888889 0.22960069444444445 0.08229166666666667
0 0.5251736111111112 0.2965277777777778 0.11371527777777778 0.08888888888888889
9 0.7649739583333334 0.6776041666666667 0.15321180555555555 0.12465277777777778
11 0.5863715277777778 0.18125 0.06770833333333333 0.013194444444444444
11 0.3140190972222222 0.1831597222222222 0.06640625 0.014930555555555556
7 0.2289496527777778 0.5779513888888889 0.22960069444444445 0.08229166666666667
0 0.5269097222222222 0.3067708333333333 0.12065972222222222 0.10590277777777778
0 0.5301649305555556 0.31059027777777776 0.11588541666666667 0.10868055555555556
7 0.7649739583333334 0.6776041666666667 0.15321180555555555 0.12465277777777778
7 0.12782118055555555 0.5159722222222223 0.04210069444444445 0.03125
