3 0.5423177083333334 0.6055555555555555 0.4075520833333333 0.15
0 0.5240885416666666 0.3628472222222222 0.12369791666666667 0.09722222222222222
5 0.7022569444444444 0.44131944444444443 0.1284722222222222 0.1840277777777778
0 0.5334201388888888 0.3720486111111111 0.1154513888888889 0.10798611111111112
13 0.3025173611111111 0.5314236111111111 0.1736111111111111 0.08229166666666667
5 0.23893229166666666 0.43802083333333336 0.13671875 0.29131944444444446
3 0.5310329861111112 0.5626736111111111 0.4318576388888889 0.15034722222222222
9 0.7022569444444444 0.44131944444444443 0.1284722222222222 0.1840277777777778
7 0.3025173611111111 0.5314236111111111 0.1736111111111111 0.08229166666666667
3 0.5479600694444444 0.5934027777777777 0.4205729166666667 0.10972222222222222
9 0.23893229166666666 0.43802083333333336 0.13671875 0.29131944444444446
