11 0.7979085603112841 0.7528935185185185 0.035505836575875485 0.057484567901234566
0 0.48735408560311283 0.30709876543209874 0.12062256809338522 0.09027777777777778
10 0.7923151750972762 0.7384259259259259 0.04961089494163424 0.05401234567901234
10 0.1568579766536965 0.8254243827160493 0.06663424124513619 0.050540123456790126
11 0.1568579766536965 0.8254243827160493 0.06663424124513619 0.050540123456790126
10 0.7913424124513618 0.7430555555555556 0.058365758754863814 0.08796296296296297
0 0.49440661478599224 0.2924382716049383 0.10165369649805447 0.07947530864197531
0 0.49416342412451364 0.3074845679012346 0.10992217898832685 0.10416666666666667
11 0.7923151750972762 0.7384259259259259 0.04961089494163424 0.05401234567901234
11 0.22811284046692606 0.14776234567901234 0.10116731517509728 0.05246913580246913
9 0.383511673151751 0.46585648148148145 0.1259727626459144 0.43171296296296297
11 0.7913424124513618 0.7430555555555556 0.058365758754863814 0.08796296296296297
3 0.5184824902723736 0.6838348765432098 0.3959143968871595 0.16319444444444445
11 0.1551556420233463 0.826195987654321 0.04377431906614786 0.045910493827160496
11 0.6211089494163424 0.1417824074074074 0.10797665369649806 0.04513888888888889
9 0.4406614785992218 0.6460262345679012 0.18968871595330739 0.3630401234567901
3 0.5262645914396887 0.6620370370370371 0.42023346303501946 0.15432098765432098
