2 0.4127604166666667 0.17122395833333334 0.10677083333333333 0.068359375
11 0.4117838541666667 0.1767578125 0.10807291666666667 0.07747395833333333
3 0.5782877604166666 0.5211588541666666 0.3388671875 0.12890625
3 0.5768229166666666 0.5139973958333334 0.36328125 0.125
11 0.4078776041666667 0.10579427083333333 0.07096354166666667 0.026041666666666668
13 0.4127604166666667 0.17122395833333334 0.10677083333333333 0.068359375
8 0.4127604166666667 0.17122395833333334 0.10677083333333333 0.068359375
0 0.5729166666666666 0.24397786458333334 0.07877604166666667 0.09928385416666667
0 0.5621744791666666 0.24495442708333334 0.12109375 0.11100260416666667
3 0.5768229166666666 0.5341796875 0.35546875 0.09895833333333333
2 0.4163411458333333 0.17529296875 0.10481770833333333 0.0810546875
2 0.4117838541666667 0.1767578125 0.10807291666666667 0.07747395833333333
