11 0.6221804511278195 0.23086694188631313 0.10676691729323308 0.05462051444903144
7 0.3287593984962406 0.224198158145443 0.30488721804511276 0.11051127342013338
8 0.8046992481203008 0.3450301683073992 0.018421052631578946 0.025722451571927596
11 0.3287593984962406 0.224198158145443 0.30488721804511276 0.11051127342013338
13 0.33383458646616543 0.7283264528421721 0.08421052631578947 0.13813909177516673
8 0.29342105263157897 0.7615115909812639 0.1424812030075188 0.10860590663702763
13 0.299812030075188 0.39107653223245475 0.29736842105263156 0.28421721181327403
11 0.337218045112782 0.2127659574468085 0.22330827067669173 0.0851063829787234
13 0.8144736842105263 0.5147665925690695 0.16578947368421051 0.2489679263258177
8 0.8174812030075188 0.5377897745315974 0.14774436090225565 0.20038107335662114
11 0.3240601503759398 0.24468085106382978 0.29172932330827067 0.10384248967926325
13 0.8174812030075188 0.5377897745315974 0.14774436090225565 0.20038107335662114
0 0.5674812030075188 0.3732931089234678 0.12368421052631579 0.110828834550651
8 0.7842105263157895 0.5328675770085741 0.22406015037593985 0.21848205779612576
13 0.28421052631578947 0.3478882184820578 0.1962406015037594 0.14893617021276595
13 0.3084586466165414 0.36011432200698634 0.2131578947368421 0.20069863448713876
