11 0.3730421686746988 0.29337121212121214 0.10512048192771084 0.08143939393939394
11 0.6414156626506025 0.23087121212121212 0.1280120481927711 0.04583333333333333
8 0.42876506024096384 0.6015151515151516 0.07078313253012049 0.08787878787878788
10 0.34623493975903613 0.6765151515151515 0.29789156626506025 0.19090909090909092
3 0.6149096385542169 0.7443181818181818 0.40090361445783135 0.2318181818181818
3 0.619277108433735 0.7910984848484849 0.39518072289156625 0.15113636363636362
0 0.5938253012048192 0.506439393939394 0.10391566265060241 0.1462121212121212
4 0.3225903614457831 0.5153409090909091 0.0463855421686747 0.06780303030303031
10 0.34713855421686746 0.7128787878787879 0.25150602409638556 0.2962121212121212
11 0.6492469879518072 0.21799242424242424 0.08524096385542168 0.032196969696969696
11 0.40090361445783135 0.28806818181818183 0.1783132530120482 0.06780303030303031
10 0.31234939759036146 0.7087121212121212 0.19036144578313252 0.346969696969697
9 0.32756024096385544 0.5202651515151515 0.04608433734939759 0.07537878787878788
7 0.32274096385542167 0.5198863636363636 0.045481927710843376 0.061742424242424244
7 0.32756024096385544 0.5202651515151515 0.04608433734939759 0.07537878787878788
11 0.3631024096385542 0.296780303030303 0.1358433734939759 0.11477272727272728
