7 0.23828125 0.4765625 0.40625 0.5357638888888889
0 0.5824652777777778 0.4137152777777778 0.1423611111111111 0.15104166666666666
5 0.23828125 0.4765625 0.40625 0.5357638888888889
6 0.23828125 0.4765625 0.40625 0.5357638888888889
6 0.23958333333333334 0.4852430555555556 0.3802083333333333 0.5045138888888889
0 0.5920138888888888 0.4105902777777778 0.12413194444444445 0.11979166666666667
6 0.2552083333333333 0.47708333333333336 0.4071180555555556 0.5854166666666667
11 0.591796875 0.26979166666666665 0.1332465277777778 0.14305555555555555
7 0.23958333333333334 0.4852430555555556 0.3802083333333333 0.5045138888888889
0 0.5772569444444444 0.4029513888888889 0.15104166666666666 0.146875
5 0.23958333333333334 0.4852430555555556 0.3802083333333333 0.5045138888888889
7 0.591796875 0.26979166666666665 0.1332465277777778 0.14305555555555555
5 0.2552083333333333 0.47708333333333336 0.4071180555555556 0.5854166666666667
