7 1136.5 894.5 675.0 1025.0
11 1976.5 501.5 399.0 165.0
7 1079.5 927.5 491.0 645.0
11 2324.5 2207.0 139.0 154.0
12 1227.5 491.0 361.0 304.0
10 1110.5 1625.0 693.0 850.0
13 1091.5 674.0 409.0 450.0
5 2126.5 1367.5 499.0 1561.0
13 2169.0 1028.0 276.0 616.0
4 1136.5 894.5 675.0 1025.0
9 1134.5 1114.0 413.0 164.0
11 1992.0 505.0 350.0 130.0
12 1227.0 513.5 354.0 261.0
7 1182.0 814.5 682.0 833.0
10 1001.5 1680.5 601.0 539.0
11 856.5 1058.0 165.0 486.0
10 2324.5 2207.0 139.0 154.0
10 1137.0 1296.5 678.0 1487.0
12 1134.5 1114.0 413.0 164.0
