7 0.3337673611111111 0.34756944444444443 0.1527777777777778 0.10138888888888889
7 0.4149305555555556 0.16354166666666667 0.16493055555555555 0.049305555555555554
10 0.3161892361111111 0.48333333333333334 0.23914930555555555 0.4388888888888889
0 0.6163194444444444 0.3420138888888889 0.1527777777777778 0.15625
3 0.6430121527777778 0.6010416666666667 0.44921875 0.20347222222222222
7 0.4704861111111111 0.34930555555555554 0.0078125 0.010416666666666666
11 0.4079861111111111 0.18715277777777778 0.1840277777777778 0.04791666666666667
3 0.6334635416666666 0.5963541666666666 0.4526909722222222 0.18020833333333333
10 0.2712673611111111 0.5140625 0.1440972222222222 0.32395833333333335
10 0.2699652777777778 0.48211805555555554 0.1640625 0.3170138888888889
7 0.3708767361111111 0.4105902777777778 0.22960069444444445 0.21354166666666666
0 0.6200086805555556 0.3470486111111111 0.1540798611111111 0.1607638888888889
0 0.6195746527777778 0.33541666666666664 0.16883680555555555 0.1375
