10 486.0 1355.0 734.0 756.0
10 1807.5 1424.5 469.0 459.0
7 486.0 1327.0 488.0 396.0
10 465.5 1613.0 691.0 806.0
13 344.0 1108.5 164.0 59.0
6 1626.0 788.0 512.0 598.0
6 563.5 760.0 775.0 974.0
6 486.0 1327.0 488.0 396.0
10 1816.0 1434.5 434.0 525.0
4 1761.5 719.0 261.0 286.0
7 1751.0 764.0 336.0 446.0
10 354.5 1421.5 515.0 647.0
13 398.0 935.0 334.0 58.0
7 562.0 709.5 792.0 747.0
6 642.0 1246.0 568.0 724.0
6 1751.0 764.0 336.0 446.0
6 1629.5 958.0 537.0 904.0
4 526.5 650.0 663.0 604.0
10 1795.5 1474.5 441.0 379.0
4 562.0 709.5 792.0 747.0
