7 0.26957328385899815 0.5014464802314368 0.2764378478664193 0.42301510768241724
9 0.05157699443413729 0.680327868852459 0.07866419294990723 0.49083895853423337
9 0.18905380333951763 0.5149469623915139 0.23562152133580705 0.4641594342655095
9 0.20055658627087197 0.5671809707489553 0.35584415584415585 0.3082610093217615
9 0.6871985157699444 0.10253937640630023 0.10538033395176252 0.19029251044680168
7 0.3280148423005566 0.6158791385406621 0.14322820037105752 0.1285760205721633
9 0.054359925788497215 0.6205400192864031 0.07755102040816327 0.48762455801992927
9 0.056771799628942486 0.6525233044037287 0.0712430426716141 0.39151398264223725
0 0.5782931354359926 0.40437158469945356 0.12282003710575139 0.14271938283510124
0 0.5769944341372912 0.3868531018964963 0.12764378478664193 0.12761170041787206
9 0.324860853432282 0.10880745740919319 0.16883116883116883 0.187399549983928
4 0.31929499072356216 0.608646737383478 0.12207792207792208 0.11539697846351656
9 0.49424860853432284 0.10253937640630023 0.5231910946196661 0.18836387013821923
4 0.3280148423005566 0.6158791385406621 0.14322820037105752 0.1285760205721633
