10 0.25814889336016095 0.5568652437081874 0.3553319919517103 0.22491239248168207
7 0.7766599597585513 0.515450780503345 0.24627766599597586 0.25804396304555594
13 0.7633802816901408 0.4539662312838484 0.21569416498993962 0.3669958585536795
10 0.2601609657947686 0.44106403313157055 0.3215291750503018 0.49346925772539024
7 0.7663983903420523 0.4428161834979293 0.29577464788732394 0.47785919082510353
4 0.2498993963782696 0.5393437400446002 0.3074446680080483 0.23956674100031858
7 0.2688128772635815 0.3233513857916534 0.28088531187122734 0.2867155144950621
13 0.2688128772635815 0.3233513857916534 0.28088531187122734 0.2867155144950621
7 0.7633802816901408 0.4539662312838484 0.21569416498993962 0.3669958585536795
7 0.2569416498993964 0.38292449824784963 0.22977867203219315 0.27524689391525964
10 0.2498993963782696 0.5393437400446002 0.3074446680080483 0.23956674100031858
6 0.7663983903420523 0.4428161834979293 0.29577464788732394 0.47785919082510353
7 0.28953722334004023 0.3322714240203887 0.29014084507042254 0.28735266008282895
4 0.21448692152917506 0.3566422427524689 0.13279678068410464 0.21312519910799618
6 0.7633802816901408 0.4539662312838484 0.21569416498993962 0.3669958585536795
4 0.2688128772635815 0.3233513857916534 0.28088531187122734 0.2867155144950621
