10 0.1586972891566265 0.5934479054779807 0.11935240963855422 0.14715359828141783
13 0.32153614457831325 0.3317221625492302 0.20933734939759036 0.08485499462943072
10 0.12179969879518072 0.5986394557823129 0.12462349397590361 0.19763694951664876
4 0.7016189759036144 0.3601861797350519 0.20218373493975902 0.14321518080916576
10 0.7149849397590361 0.4924812030075188 0.3411144578313253 0.18653777300393842
10 0.7515060240963856 0.47296813462226994 0.3072289156626506 0.2570712495524526
11 0.1586972891566265 0.5934479054779807 0.11935240963855422 0.14715359828141783
7 0.7339984939759037 0.3841747225205872 0.24134036144578314 0.11457214464733262
7 0.7164909638554217 0.33297529538131043 0.2319277108433735 0.15538847117794485
9 0.504894578313253 0.3003938417472252 0.08810240963855422 0.45255997135696385
10 0.7469879518072289 0.44862155388471175 0.2733433734939759 0.34658073755818114
