13 0.29603682946357085 0.5822192513368984 0.17493995196156925 0.14906417112299467
7 0.30464371497197756 0.5887366310160428 0.24819855884707767 0.14739304812834225
7 0.2964371497197758 0.5934157754010695 0.1733386709367494 0.09659090909090909
0 0.6030824659727783 0.35745320855614976 0.12610088070456366 0.12600267379679145
0 0.600480384307446 0.3589572192513369 0.13610888710968774 0.12366310160427807
3 0.5950760608486789 0.6343582887700535 0.44395516413130504 0.12232620320855615
11 0.6757405924739792 0.17663770053475936 0.14491593274619696 0.035093582887700536
0 0.5876701361088871 0.34592245989304815 0.1297037630104083 0.10093582887700535
3 0.5912730184147318 0.6493983957219251 0.46357085668534825 0.10160427807486631
7 0.29603682946357085 0.5822192513368984 0.17493995196156925 0.14906417112299467
