13 0.31639085894405045 0.2835400225479143 0.25216706067769895 0.2363773017662533
6 0.7637903861308116 0.3043968432919955 0.18006304176516943 0.2224727546035325
13 0.31540583136327816 0.27395715896279593 0.24310480693459416 0.2675685832393837
13 0.7450748620961387 0.2707628711010898 0.24822695035460993 0.2814731304021045
9 0.3429866036249015 0.5144682450206689 0.12490149724192277 0.07440811724915446
13 0.3656422379826635 0.22717023675310033 0.19227738376674547 0.1529500187899286
13 0.7637903861308116 0.3043968432919955 0.18006304176516943 0.2224727546035325
13 0.8532308904649331 0.7243517474633596 0.13987391646966116 0.15745960165351372
4 0.3380614657210402 0.5157835400225479 0.14736012608353033 0.12814731304021046
9 0.2647754137115839 0.7318677189026682 0.2710795902285264 0.13791807591131153
7 0.8317572892040977 0.6959789552799699 0.08274231678486997 0.0751597143930853
7 0.8311662726556344 0.7153325817361894 0.144602048857368 0.14844043592634348
13 0.7427107959022853 0.2166478767380684 0.1938534278959811 0.21007140172867342
6 0.31639085894405045 0.2835400225479143 0.25216706067769895 0.2363773017662533
