3 0.5465494791666666 0.5193684895833334 0.3118489583333333 0.11295572916666667
13 0.4010416666666667 0.24658203125 0.044921875 0.058919270833333336
10 0.7423502604166666 0.54833984375 0.029622395833333332 0.043294270833333336
3 0.5467122395833334 0.50634765625 0.3121744791666667 0.1064453125
11 0.7423502604166666 0.54833984375 0.029622395833333332 0.043294270833333336
11 0.6070963541666666 0.09879557291666667 0.043619791666666664 0.019856770833333332
11 0.3948567708333333 0.126953125 0.11263020833333333 0.032552083333333336
0 0.5524088541666666 0.2584635416666667 0.09765625 0.1015625
0 0.5553385416666666 0.2589518229166667 0.08984375 0.09928385416666667
10 0.7438151041666666 0.5416666666666666 0.03125 0.034505208333333336
11 0.7438151041666666 0.5416666666666666 0.03125 0.034505208333333336
3 0.5452473958333334 0.5247395833333334 0.3079427083333333 0.12890625
0 0.56298828125 0.25927734375 0.0693359375 0.08821614583333333
