7 0.3151041666666667 0.3811848958333333 0.08268229166666667 0.04296875
2 0.5802408854166666 0.3076171875 0.0263671875 0.04296875
13 0.78125 0.61328125 0.0234375 0.017578125
11 0.4108072916666667 0.15250651041666666 0.06966145833333333 0.0341796875
0 0.56982421875 0.2931315104166667 0.0849609375 0.10319010416666667
3 0.5955403645833334 0.5782877604166666 0.3076171875 0.0908203125
11 0.4020182291666667 0.15901692708333334 0.08333333333333333 0.030924479166666668
3 0.59521484375 0.57666015625 0.3193359375 0.10970052083333333
11 0.4124348958333333 0.15673828125 0.072265625 0.0283203125
7 0.3277994791666667 0.3819986979166667 0.07421875 0.054361979166666664
0 0.5779622395833334 0.28662109375 0.0712890625 0.08235677083333333
13 0.6676432291666666 0.2626953125 0.026692708333333332 0.042317708333333336
3 0.5974934895833334 0.5519205729166666 0.3030598958333333 0.11295572916666667
11 0.7962239583333334 0.6472981770833334 0.033203125 0.0693359375
8 0.76708984375 0.56640625 0.023111979166666668 0.033854166666666664
0 0.5703125 0.3009440104166667 0.08723958333333333 0.11686197916666667
