13 0.7122395833333334 0.3447265625 0.15755208333333334 0.052083333333333336
4 0.7122395833333334 0.3447265625 0.15755208333333334 0.052083333333333336
13 0.3582356770833333 0.3084309895833333 0.2021484375 0.15462239583333334
6 0.36767578125 0.29931640625 0.18782552083333334 0.15201822916666666
6 0.7111002604166666 0.3497721354166667 0.14615885416666666 0.0673828125
6 0.7194010416666666 0.3590494791666667 0.17252604166666666 0.087890625
4 0.3111979166666667 0.3445638020833333 0.07096354166666667 0.046549479166666664
13 0.36767578125 0.29931640625 0.18782552083333334 0.15201822916666666
6 0.3655598958333333 0.3058268229166667 0.18033854166666666 0.1396484375
6 0.3582356770833333 0.3084309895833333 0.2021484375 0.15462239583333334
