11 0.6328125 0.1140625 0.11979166666666667 0.034375
8 0.15169270833333334 0.5944444444444444 0.012586805555555556 0.015277777777777777
8 0.1508246527777778 0.5916666666666667 0.016927083333333332 0.015277777777777777
13 0.7230902777777778 0.2703125 0.1171875 0.05798611111111111
11 0.2905815972222222 0.1390625 0.04991319444444445 0.04131944444444444
13 0.3491753472222222 0.22118055555555555 0.11588541666666667 0.14027777777777778
0 0.5657552083333334 0.2986111111111111 0.11848958333333333 0.09652777777777778
13 0.3552517361111111 0.209375 0.16796875 0.18958333333333333
0 0.5590277777777778 0.3017361111111111 0.12239583333333333 0.1125
7 0.6803385416666666 0.1998263888888889 0.16015625 0.09756944444444444
13 0.6916232638888888 0.25381944444444443 0.16015625 0.06388888888888888
13 0.3396267361111111 0.21909722222222222 0.14192708333333334 0.17569444444444443
