7 0.7570077676460655 0.525633106856084 0.1347517730496454 0.12106238418777023
4 0.6963863559608241 0.5870907967881408 0.15737926376224248 0.09882643607164916
11 0.8019250253292807 0.7163372452130945 0.26646403242147926 0.2634342186534898
11 0.1259709557581898 0.8892835083384806 0.022289766970618033 0.028103767757875233
13 0.7286389733198244 0.5265596046942557 0.2110773387369132 0.21618282890673254
10 0.1259709557581898 0.8892835083384806 0.022289766970618033 0.028103767757875233
10 0.7939885173927728 0.7058369363804817 0.26815265113137454 0.1695491043854231
0 0.5663627152988855 0.4159975293390982 0.11617696724079703 0.15935762816553428
7 0.8103681188787571 0.634342186534898 0.13610266801756163 0.04941321803582458
7 0.7286389733198244 0.5265596046942557 0.2110773387369132 0.21618282890673254
10 0.792806484295846 0.6900864731315627 0.25092874029044243 0.2936998147004324
7 0.820499831138129 0.596201358863496 0.11651469098277609 0.10407659048795553
