13 0.6567270992366412 0.20391613924050633 0.12452290076335878 0.16020569620253164
13 0.7836354961832062 0.35324367088607594 0.13501908396946566 0.09177215189873418
11 0.0870706106870229 0.9020965189873418 0.04150763358778626 0.05261075949367089
7 0.23831106870229007 0.19679588607594936 0.030057251908396948 0.028876582278481014
10 0.0870706106870229 0.9020965189873418 0.04150763358778626 0.05261075949367089
13 0.6645992366412213 0.20787183544303797 0.12404580152671756 0.12539556962025317
9 0.8055820610687023 0.3560126582278481 0.0892175572519084 0.09572784810126582
8 0.7836354961832062 0.35324367088607594 0.13501908396946566 0.09177215189873418
11 0.3583015267175573 0.13409810126582278 0.05152671755725191 0.021360759493670885
11 0.8711832061068703 0.9173259493670886 0.06202290076335878 0.05617088607594937
10 0.8711832061068703 0.9173259493670886 0.06202290076335878 0.05617088607594937
8 0.7917461832061069 0.24189082278481014 0.014790076335877863 0.011471518987341773
13 0.8055820610687023 0.3560126582278481 0.0892175572519084 0.09572784810126582
