11 0.6947513812154696 0.09738372093023256 0.1111878453038674 0.07978036175710594
13 0.6301795580110497 0.12532299741602068 0.07044198895027624 0.07751937984496124
13 0.6446823204419889 0.15035529715762275 0.04765193370165746 0.08817829457364341
11 0.29782458563535913 0.07768087855297158 0.14468232044198895 0.044896640826873384
13 0.16902624309392264 0.34463824289405687 0.10738950276243094 0.03940568475452196
11 0.6982044198895028 0.10739664082687339 0.13535911602209943 0.08753229974160207
11 0.6902624309392266 0.09593023255813954 0.09461325966850828 0.06589147286821706
8 0.81353591160221 0.37419250645994834 0.023480662983425413 0.02099483204134367
11 0.3083563535911602 0.08042635658914729 0.15193370165745856 0.04909560723514212
11 0.30662983425414364 0.08010335917312661 0.13535911602209943 0.0355297157622739
8 0.7536256906077348 0.24047157622739018 0.02244475138121547 0.02099483204134367
