11 0.2758246527777778 0.21163194444444444 0.1193576388888889 0.03090277777777778
11 0.2547743055555556 0.21579861111111112 0.09461805555555555 0.03923611111111111
11 0.5041232638888888 0.20520833333333333 0.09071180555555555 0.021527777777777778
11 0.5177951388888888 0.20798611111111112 0.11284722222222222 0.034722222222222224
11 0.2458767361111111 0.21336805555555555 0.11675347222222222 0.025347222222222222
3 0.4772135416666667 0.6241319444444444 0.4136284722222222 0.1232638888888889
11 0.4819878472222222 0.21319444444444444 0.10633680555555555 0.05277777777777778
0 0.4594184027777778 0.37916666666666665 0.11328125 0.10416666666666667
0 0.390625 0.43246527777777777 0.22916666666666666 0.2065972222222222
3 0.4713541666666667 0.6310763888888888 0.3940972222222222 0.0920138888888889
3 0.4806857638888889 0.6256944444444444 0.3919270833333333 0.12013888888888889
0 0.4476996527777778 0.3842013888888889 0.1332465277777778 0.12048611111111111
