10 0.14597661623108665 0.8845561035758323 0.05123796423658872 0.04469790382244143
5 0.782668500687758 0.6367139334155364 0.16506189821182943 0.4978421701602959
11 0.328232462173315 0.14503699136868065 0.09731774415405778 0.05086313193588163
11 0.14597661623108665 0.8845561035758323 0.05123796423658872 0.04469790382244143
10 0.1592159559834938 0.8873304562268804 0.04401650618982118 0.053329223181257705
10 0.8572902338376891 0.9150739827373613 0.028198074277854195 0.04593094944512947
9 0.7687414030261348 0.689118372379778 0.18259972489683632 0.3406288532675709
11 0.1592159559834938 0.8873304562268804 0.04401650618982118 0.053329223181257705
5 0.2218019257221458 0.5998766954377311 0.1623108665749656 0.46115906288532676
11 0.8572902338376891 0.9150739827373613 0.028198074277854195 0.04593094944512947
5 0.26788170563961483 0.6323982737361282 0.19601100412654746 0.3153514180024661
9 0.26788170563961483 0.6323982737361282 0.19601100412654746 0.3153514180024661
11 0.15044704264099037 0.8850184956843403 0.049174690508940855 0.06041923551171394
10 0.15044704264099037 0.8850184956843403 0.049174690508940855 0.06041923551171394
5 0.7687414030261348 0.689118372379778 0.18259972489683632 0.3406288532675709
