0 0.5290798611111112 0.32100694444444444 0.12413194444444445 0.10243055555555555
8 0.09505208333333333 0.7496527777777777 0.029513888888888888 0.01875
0 0.5375434027777778 0.3237847222222222 0.0959201388888889 0.103125
11 0.2784288194444444 0.16996527777777778 0.12630208333333334 0.021875
13 0.19835069444444445 0.43038194444444444 0.06684027777777778 0.05243055555555556
8 0.09657118055555555 0.7505208333333333 0.020399305555555556 0.017013888888888887
8 0.09700520833333333 0.7494791666666667 0.016059027777777776 0.017013888888888887
7 0.19661458333333334 0.41909722222222223 0.07552083333333333 0.075
0 0.5258246527777778 0.3295138888888889 0.12109375 0.12430555555555556
13 0.09700520833333333 0.7494791666666667 0.016059027777777776 0.017013888888888887
13 0.19444444444444445 0.42256944444444444 0.0546875 0.059027777777777776
