0 0.5470920138888888 0.3098958333333333 0.10980902777777778 0.11979166666666667
3 0.5538194444444444 0.571875 0.3993055555555556 0.08819444444444445
13 0.2026909722222222 0.43368055555555557 0.06597222222222222 0.019444444444444445
13 0.1851128472222222 0.42743055555555554 0.07769097222222222 0.01875
13 0.7081163194444444 0.29288194444444443 0.06901041666666667 0.024652777777777777
11 0.5696614583333334 0.17899305555555556 0.07335069444444445 0.030208333333333334
13 0.2189670138888889 0.5526041666666667 0.0759548611111111 0.059375
3 0.54296875 0.5616319444444444 0.4175347222222222 0.08784722222222222
0 0.5418836805555556 0.30225694444444445 0.12109375 0.10381944444444445
11 0.3736979166666667 0.17152777777777778 0.058159722222222224 0.009027777777777777
0 0.4802517361111111 0.3607638888888889 0.2443576388888889 0.21597222222222223
