10 0.913330078125 0.6978 0.06103515625 0.0636
11 0.065185546875 0.6476 0.05126953125 0.0696
6 0.345458984375 0.5322 0.19482421875 0.1476
0 0.58251953125 0.3526 0.115234375 0.1004
10 0.065185546875 0.6476 0.05126953125 0.0696
11 0.064697265625 0.658 0.04833984375 0.0528
3 0.627685546875 0.6138 0.47216796875 0.1644
10 0.064697265625 0.658 0.04833984375 0.0528
13 0.320556640625 0.5532 0.07568359375 0.076
11 0.908203125 0.711 0.0888671875 0.0988
11 0.913330078125 0.6978 0.06103515625 0.0636
10 0.908203125 0.711 0.0888671875 0.0988
0 0.591796875 0.3536 0.1005859375 0.0872
13 0.31298828125 0.5608 0.0634765625 0.064
