9 0.09045584045584046 0.5295115332428765 0.12606837606837606 0.7381275440976933
10 0.7288105413105413 0.5598710990502035 0.1477920227920228 0.1346675712347354
9 0.5033831908831908 0.06919945725915876 0.4519230769230769 0.07869742198100407
12 0.6937321937321937 0.32649253731343286 0.23646723646723647 0.3585481682496608
9 0.8810541310541311 0.4353799185888738 0.18233618233618235 0.5559701492537313
12 0.6736111111111112 0.3144504748982361 0.25605413105413105 0.3683853459972863
7 0.6148504273504274 0.3575305291723202 0.19764957264957264 0.30529172320217096
12 0.7240028490028491 0.33921302578018997 0.15384615384615385 0.32903663500678426
9 0.8798076923076923 0.42859565807327 0.21830484330484332 0.5132293080054274
10 0.6825142450142451 0.566146540027137 0.2467948717948718 0.13297150610583447
9 0.21545584045584046 0.148236092265943 0.09401709401709402 0.09362279511533243
3 0.4309116809116809 0.5361261872455902 0.35826210826210825 0.22082767978290366
9 0.10665954415954416 0.4024762550881954 0.1193019943019943 0.560719131614654
7 0.6232193732193733 0.3449796472184532 0.17307692307692307 0.3012211668928087
9 0.3559472934472934 0.045454545454545456 0.17556980056980057 0.08683853459972862
9 0.874465811965812 0.40111940298507465 0.13354700854700854 0.6068521031207599
9 0.7286324786324786 0.062075983717774764 0.30484330484330485 0.12008141112618724
10 0.6632834757834758 0.5810719131614654 0.26673789173789175 0.17503392130257803
9 0.0941951566951567 0.5203527815468114 0.10790598290598291 0.7408412483039348
9 0.35167378917378916 0.5123812754409769 0.20405982905982906 0.25203527815468113
