8 477.5 1427.5 481.0 599.0
8 2409.5 2488.5 499.0 435.0
8 1033.5 1094.0 393.0 520.0
10 471.5 2265.5 537.0 711.0
0 1593.0 948.0 222.0 238.0
8 2507.0 2103.5 268.0 209.0
7 960.5 997.0 595.0 726.0
8 960.5 997.0 595.0 726.0
11 2557.0 2734.5 106.0 211.0
8 498.5 1426.0 493.0 766.0
7 1990.5 1905.0 169.0 248.0
8 845.5 1677.5 163.0 167.0
8 671.5 1836.5 247.0 129.0
7 602.5 2083.5 323.0 231.0
7 2513.0 2093.0 222.0 194.0
7 2121.0 2200.5 494.0 313.0
7 2412.5 2473.0 475.0 294.0
8 1990.5 1905.0 169.0 248.0
8 2520.0 2098.0 244.0 232.0
8 2472.5 2460.5 291.0 321.0
7 2219.5 2243.0 319.0 244.0
10 486.5 2334.5 581.0 489.0
7 476.0 1490.5 406.0 621.0
10 495.0 2393.5 550.0 649.0
8 666.5 1818.5 215.0 191.0
8 2219.5 2243.0 319.0 244.0
8 2513.0 2093.0 222.0 194.0
8 1015.0 2353.5 300.0 293.0
7 575.5 2064.5 467.0 313.0
7 671.5 1836.5 247.0 129.0
8 670.5 1822.0 267.0 226.0
10 2557.0 2734.5 106.0 211.0
8 460.5 1537.5 107.0 109.0
8 597.0 2098.5 344.0 321.0
7 653.5 2188.0 635.0 484.0
7 1033.5 1094.0 393.0 520.0
8 575.5 2064.5 467.0 313.0
7 477.5 1427.5 481.0 599.0
8 476.0 1490.5 406.0 621.0
8 602.5 2083.5 323.0 231.0
7 2409.5 2488.5 499.0 435.0
7 670.5 1822.0 267.0 226.0
8 951.0 1000.5 564.0 747.0
8 2102.0 2181.0 258.0 282.0
8 2266.0 2255.5 250.0 245.0
8 2121.0 2200.5 494.0 313.0
