10 0.14169323414806942 0.7293906810035843 0.06942968473255402 0.12153796024763766
13 0.3010981225646475 0.26865428478331704 0.16082182075805881 0.12153796024763766
0 0.5662415869642224 0.2668621700879765 0.11583421891604676 0.12447051156728577
10 0.8682252922422954 0.8124796350602802 0.06447042153737159 0.0967741935483871
11 0.14009918526390364 0.70772238514174 0.09670563230605739 0.1544477028347996
11 0.8682252922422954 0.8124796350602802 0.06447042153737159 0.0967741935483871
13 0.2934821112291888 0.2966764418377322 0.17747077577045697 0.1704138155751059
10 0.8653914275593341 0.8320299771912675 0.05455189514700673 0.054415118931247966
10 0.14009918526390364 0.70772238514174 0.09670563230605739 0.1544477028347996
7 0.27701027275947576 0.27354187031606386 0.08784980517180305 0.057021831215379605
11 0.8653914275593341 0.8320299771912675 0.05455189514700673 0.054415118931247966
7 0.2639036486007793 0.2541544477028348 0.11689691817215728 0.0931899641577061
10 0.1312433581296493 0.7319973932877158 0.07190931633014523 0.11893124796350603
10 0.8820403825717322 0.8175301401107853 0.06021962451292951 0.07754969045291626
