11 0.20491536458333334 0.6923828125 0.0263671875 0.050130208333333336
10 0.20491536458333334 0.6923828125 0.0263671875 0.050130208333333336
3 0.5467122395833334 0.6018880208333334 0.3147786458333333 0.10286458333333333
0 0.5511067708333334 0.3419596354166667 0.09505208333333333 0.11686197916666667
0 0.5379231770833334 0.3224283854166667 0.09993489583333333 0.09016927083333333
3 0.546875 0.5965169270833334 0.310546875 0.10970052083333333
7 0.22705078125 0.6783854166666666 0.056966145833333336 0.068359375
11 0.3859049479166667 0.18961588541666666 0.0634765625 0.017252604166666668
0 0.5419921875 0.3375651041666667 0.09895833333333333 0.11067708333333333
11 0.6005859375 0.19612630208333334 0.08919270833333333 0.027018229166666668
