7 0.7622863247863247 0.4162775183455637 0.1648860398860399 0.35023348899266177
7 0.7711894586894587 0.4187791861240827 0.18269230769230768 0.37591727818545695
0 0.5822649572649573 0.312374916611074 0.12891737891737892 0.15843895930620414
0 0.5787037037037037 0.31487658438959304 0.15527065527065528 0.16344229486324216
3 0.5427350427350427 0.5420280186791194 0.4373219373219373 0.14543028685790527
3 0.5379273504273504 0.5568712474983322 0.42984330484330485 0.14242828552368245
7 0.23735754985754987 0.404603068712475 0.15633903133903135 0.2801867911941294
7 0.21883903133903135 0.37858572381587724 0.18269230769230768 0.35823882588392264
3 0.5350783475783476 0.5420280186791194 0.4305555555555556 0.1247498332221481
0 0.5726495726495726 0.2813542361574383 0.09188034188034189 0.0877251501000667
