6 0.3513997395833333 0.4348958333333333 0.22493489583333334 0.3385416666666667
4 0.22688802083333334 0.6162109375 0.07096354166666667 0.083984375
10 0.21402994791666666 0.6324869791666666 0.08430989583333333 0.15169270833333334
6 0.34375 0.4391276041666667 0.18098958333333334 0.3203125
13 0.7296549479166666 0.3902994791666667 0.20865885416666666 0.177734375
6 0.7236328125 0.4314778645833333 0.21158854166666666 0.2776692708333333
6 0.72705078125 0.4016927083333333 0.1630859375 0.17317708333333334
6 0.32568359375 0.49365234375 0.2275390625 0.19694010416666666
7 0.21712239583333334 0.6212565104166666 0.052734375 0.07389322916666667
13 0.32568359375 0.49365234375 0.2275390625 0.19694010416666666
6 0.7296549479166666 0.3902994791666667 0.20865885416666666 0.177734375
11 0.19905598958333334 0.6678059895833334 0.0517578125 0.09342447916666667
10 0.19905598958333334 0.6678059895833334 0.0517578125 0.09342447916666667
13 0.3839518229166667 0.3014322916666667 0.07063802083333333 0.076171875
11 0.21402994791666666 0.6324869791666666 0.08430989583333333 0.15169270833333334
