0 0.6577946768060836 0.3411975268467296 0.11863117870722434 0.09469573706475756
11 0.4391634980988593 0.17002928734136025 0.07452471482889733 0.01659616010413277
7 0.8346007604562737 0.5833062154246664 0.1285171102661597 0.10120403514480963
9 0.40665399239543726 0.6589651806052718 0.014828897338403042 0.02082655385616661
9 0.3988593155893536 0.8940774487471527 0.04790874524714829 0.039375203384315
10 0.8480988593155894 0.6511552229092092 0.13269961977186312 0.20305890009762448
9 0.40760456273764256 0.6583143507972665 0.01977186311787072 0.028636511552229092
9 0.2338403041825095 0.7565896518060528 0.022813688212927757 0.024731532704197853
9 0.3102661596958175 0.6680767979173446 0.03193916349809886 0.03514480963228116
9 0.31102661596958175 0.6666124308493329 0.02129277566539924 0.032866905304262936
9 0.2085551330798479 0.9235274975593882 0.04448669201520913 0.05141555483241132
0 0.665019011406844 0.3421737715587374 0.10494296577946768 0.0979498861047836
10 0.8577946768060837 0.6355353075170843 0.12319391634980989 0.10543442889684347
9 0.23212927756653992 0.7570777741620566 0.02547528517110266 0.02570777741620566
10 0.802851711026616 0.6457858769931663 0.18288973384030419 0.22030589000976245
9 0.10152091254752851 0.6425317279531403 0.00988593155893536 0.010087862024080702
