13 0.7361111111111112 0.19251672240802675 0.08974358974358974 0.08152173913043478
13 0.7729700854700855 0.20505852842809363 0.15491452991452992 0.07817725752508362
0 0.6479700854700855 0.2755016722408027 0.13568376068376067 0.13127090301003344
0 0.6346153846153846 0.2817725752508361 0.1388888888888889 0.10785953177257525
0 0.6391559829059829 0.2752926421404682 0.11912393162393162 0.12165551839464883
3 0.6434294871794872 0.6155936454849499 0.45886752136752135 0.10576923076923077
3 0.6455662393162394 0.6143394648829431 0.45886752136752135 0.15760869565217392
2 0.7342414529914529 0.1992056856187291 0.11378205128205128 0.07566889632107024
3 0.6477029914529915 0.5880016722408027 0.44177350427350426 0.15342809364548496
2 0.7729700854700855 0.20505852842809363 0.15491452991452992 0.07817725752508362
2 0.7361111111111112 0.19251672240802675 0.08974358974358974 0.08152173913043478
