13 0.7465361445783133 0.4675762910798122 0.15210843373493976 0.15874413145539906
2 0.32319277108433736 0.27523474178403756 0.20602409638554217 0.18368544600938966
11 0.276355421686747 0.22168427230046947 0.14789156626506025 0.12998826291079812
2 0.3417168674698795 0.6971830985915493 0.11234939759036144 0.09565727699530517
11 0.3305722891566265 0.24354460093896713 0.22801204819277107 0.1255868544600939
13 0.33117469879518074 0.28447769953051644 0.20150602409638554 0.11179577464788733
13 0.3134036144578313 0.25234741784037557 0.1996987951807229 0.15786384976525822
2 0.7495481927710843 0.4586267605633803 0.13765060240963856 0.1742957746478873
13 0.7349397590361446 0.47197769953051644 0.17710843373493976 0.14994131455399062
13 0.3305722891566265 0.6801643192488263 0.13102409638554216 0.15082159624413147
8 0.7465361445783133 0.4675762910798122 0.15210843373493976 0.15874413145539906
13 0.32319277108433736 0.27523474178403756 0.20602409638554217 0.18368544600938966
