2 0.2925347222222222 0.2800347222222222 0.2092013888888889 0.14895833333333333
4 0.7591145833333334 0.5657986111111111 0.2673611111111111 0.209375
4 0.7534722222222222 0.5673611111111111 0.2595486111111111 0.2222222222222222
4 0.11436631944444445 0.5208333333333334 0.046440972222222224 0.04861111111111111
2 0.2743055555555556 0.2607638888888889 0.23350694444444445 0.15416666666666667
8 0.7717013888888888 0.5609375 0.23177083333333334 0.20381944444444444
13 0.2743055555555556 0.2607638888888889 0.23350694444444445 0.15416666666666667
13 0.2727864583333333 0.26944444444444443 0.1818576388888889 0.1673611111111111
13 0.2925347222222222 0.2800347222222222 0.2092013888888889 0.14895833333333333
8 0.3791232638888889 0.4092013888888889 0.11067708333333333 0.10798611111111112
0 0.5633680555555556 0.3380208333333333 0.13368055555555555 0.128125
9 0.3721788194444444 0.40434027777777776 0.06640625 0.10868055555555556
0 0.5740017361111112 0.33125 0.1271701388888889 0.10902777777777778
0 0.5870225694444444 0.3428819444444444 0.12109375 0.14131944444444444
12 0.7105034722222222 0.19791666666666666 0.1996527777777778 0.07569444444444444
4 0.7717013888888888 0.5609375 0.23177083333333334 0.20381944444444444
