10 0.1117706919945726 0.7525918944392083 0.04172320217096336 0.09770656613257933
6 0.27238805970149255 0.6427898209236569 0.1383989145183175 0.10053408733898837
11 0.37720488466757124 0.20782280867106503 0.07666214382632293 0.024819352811812755
6 0.2737449118046133 0.6223688344329249 0.23812754409769335 0.14388941250392712
11 0.1117706919945726 0.7525918944392083 0.04172320217096336 0.09770656613257933
3 0.5885345997286295 0.6591266101162425 0.4131614654002714 0.09362236883443292
0 0.5700474898236092 0.39004084197298144 0.12109905020352782 0.10838831291234684
11 0.6270352781546812 0.20829406220546653 0.07835820895522388 0.027646874018221804
0 0.5868385345997287 0.3792020106817468 0.0780189959294437 0.07728557964184732
3 0.5990502035278155 0.657712849513038 0.42672998643147897 0.09142318567389256
3 0.598202170963365 0.6720075400565504 0.4399592944369064 0.12126924285265472
7 0.6270352781546812 0.20829406220546653 0.07835820895522388 0.027646874018221804
