11 1532.0 2267.5 68.0 123.0
13 1382.0 1450.0 510.0 1364.0
5 1423.0 1574.0 470.0 1114.0
13 416.5 1342.0 249.0 170.0
13 1423.0 1431.5 456.0 1299.0
11 1264.0 560.0 334.0 148.0
13 431.0 1171.0 308.0 474.0
5 431.0 1171.0 308.0 474.0
6 1423.0 1574.0 470.0 1114.0
10 163.5 2118.0 71.0 114.0
6 1423.0 1431.5 456.0 1299.0
5 416.5 1342.0 249.0 170.0
5 1423.0 1431.5 456.0 1299.0
5 513.5 1481.0 467.0 530.0
10 1532.0 2267.5 68.0 123.0
5 1382.0 1450.0 510.0 1364.0
9 1382.0 1450.0 510.0 1364.0
0 1122.0 941.5 210.0 197.0
11 163.5 2118.0 71.0 114.0
