11 0.6369357638888888 0.07621527777777778 0.11241319444444445 0.03159722222222222
3 0.5651041666666666 0.5105902777777778 0.4340277777777778 0.09409722222222222
0 0.5260416666666666 0.2548611111111111 0.13541666666666666 0.09236111111111112
11 0.2419704861111111 0.09930555555555555 0.12022569444444445 0.06666666666666667
3 0.5785590277777778 0.4913194444444444 0.4348958333333333 0.14097222222222222
9 0.21484375 0.5354166666666667 0.1953125 0.11736111111111111
11 0.23914930555555555 0.10520833333333333 0.10416666666666667 0.04583333333333333
0 0.5384114583333334 0.2607638888888889 0.11067708333333333 0.09722222222222222
11 0.6145833333333334 0.07899305555555555 0.1892361111111111 0.04895833333333333
0 0.5451388888888888 0.2621527777777778 0.125 0.10069444444444445
13 0.2868923611111111 0.4449652777777778 0.1701388888888889 0.07534722222222222
3 0.5724826388888888 0.5151041666666667 0.4409722222222222 0.13090277777777778
11 0.271484375 0.10225694444444444 0.1488715277777778 0.04201388888888889
