11 247.0 2085.5 104.0 393.0
11 1771.5 581.0 403.0 210.0
11 251.5 2391.0 185.0 314.0
11 877.0 604.0 530.0 214.0
13 552.0 1433.0 594.0 522.0
13 576.5 1343.5 521.0 477.0
11 233.5 2226.0 117.0 618.0
13 580.0 1432.5 508.0 477.0
10 251.5 2391.0 185.0 314.0
10 233.0 2591.0 316.0 402.0
0 1416.5 1289.0 533.0 716.0
11 1756.5 550.0 521.0 258.0
9 1122.0 935.0 374.0 900.0
0 1494.0 1161.5 346.0 425.0
11 231.0 2096.5 112.0 559.0
13 356.5 2219.5 133.0 509.0
11 810.5 613.5 403.0 267.0
0 1274.5 1384.5 775.0 791.0
7 562.5 2055.5 741.0 707.0
13 366.5 2162.5 159.0 445.0
7 510.0 1895.0 454.0 520.0
