10 0.08889442231075698 0.7447567114093959 0.07320717131474104 0.08934563758389262
7 0.3426294820717131 0.37520973154362414 0.2340637450199203 0.3259228187919463
11 0.08889442231075698 0.7447567114093959 0.07320717131474104 0.08934563758389262
12 0.29282868525896416 0.3496224832214765 0.3605577689243028 0.41401006711409394
10 0.08690239043824702 0.7585989932885906 0.06424302788844621 0.09521812080536912
7 0.3418824701195219 0.3695469798657718 0.2295816733067729 0.3028523489932886
4 0.3426294820717131 0.37520973154362414 0.2340637450199203 0.3259228187919463
7 0.3296812749003984 0.3733221476510067 0.26095617529880477 0.3540268456375839
12 0.3030378486055777 0.3223573825503356 0.3510956175298805 0.3024328859060403
10 0.10258964143426295 0.739513422818792 0.08167330677290836 0.06711409395973154
1 0.3426294820717131 0.37520973154362414 0.2340637450199203 0.3259228187919463
