9 0.28743961352657005 0.08363163032866905 0.18023039762170198 0.11845102505694761
9 0.2655146785581568 0.06394402863651155 0.1742846525455221 0.11031565245688253
7 0.4706428836863619 0.44500488122356 0.8409513192121888 0.628376179629027
12 0.19546636937941286 0.4928408721119427 0.20810107766629507 0.6296778392450374
7 0.7331846897064288 0.4500488122356004 0.3010033444816054 0.5798893589326392
9 0.04477889260497956 0.5748454279205988 0.056112969156447416 0.2450374227139603
9 0.03753251579338536 0.5903026358607224 0.06243032329988852 0.17312072892938496
6 0.7331846897064288 0.4500488122356004 0.3010033444816054 0.5798893589326392
3 0.5903010033444817 0.654246664497234 0.44630248978075066 0.15001627074520013
9 0.6677814938684504 0.08509599739668076 0.11668524712002973 0.13504718516108039
12 0.27350427350427353 0.44533029612756264 0.37160906726124115 0.6635209892613082
9 0.9384986993682646 0.6646599414253173 0.07320698625046451 0.354376830458835
9 0.7264957264957265 0.06980149690855841 0.21553325901151987 0.11096648226488773
3 0.590115198810851 0.6490400260331923 0.4451876625789669 0.13244386592905955
9 0.9357116313638053 0.6535958346892288 0.06391675956893349 0.4103481939472828
0 0.5680044593088072 0.3210218027985682 0.12746191007060573 0.10901399284087211
12 0.27666295057599405 0.4598112593556785 0.3593459680416202 0.6326065733810609
