13 0.6558988764044944 0.3939393939393939 0.08239700374531835 0.2623106060606061
13 0.33614232209737827 0.3662405303030303 0.17415730337078653 0.30445075757575757
6 0.7741104868913857 0.4952651515151515 0.08567415730337079 0.1240530303030303
6 0.7715355805243446 0.36553030303030304 0.07771535580524344 0.06060606060606061
13 0.6996722846441947 0.35203598484848486 0.21769662921348315 0.19554924242424243
11 0.6942883895131086 0.2805397727272727 0.29868913857677903 0.18702651515151514
13 0.2820692883895131 0.2772253787878788 0.18867041198501872 0.15482954545454544
11 0.3000936329588015 0.22182765151515152 0.22284644194756553 0.1415719696969697
11 0.6577715355805244 0.22892992424242425 0.21816479400749064 0.12168560606060606
11 0.27247191011235955 0.21922348484848486 0.1694756554307116 0.12878787878787878
13 0.7083333333333334 0.3728693181818182 0.18071161048689138 0.2324810606060606
1 0.673689138576779 0.24076704545454544 0.27715355805243447 0.16524621212121213
13 0.7621722846441947 0.39086174242424243 0.07865168539325842 0.036458333333333336
13 0.29119850187265917 0.27201704545454547 0.17415730337078653 0.17566287878787878
11 0.3000936329588015 0.2099905303030303 0.20599250936329588 0.12831439393939395
