9 1745.5 729.0 53.0 56.0
11 1654.0 588.0 296.0 64.0
11 577.0 762.0 202.0 200.0
11 319.5 2306.5 145.0 209.0
13 1883.0 808.5 126.0 171.0
10 319.5 2306.5 145.0 209.0
0 1421.0 1082.0 296.0 354.0
2 669.0 881.5 288.0 297.0
10 311.0 2282.0 180.0 162.0
13 669.0 881.5 288.0 297.0
11 906.5 580.0 309.0 60.0
11 304.0 2288.5 116.0 271.0
0 1406.0 1074.5 316.0 355.0
8 1740.0 729.0 54.0 54.0
13 764.0 808.0 542.0 448.0
13 1745.5 729.0 53.0 56.0
11 311.0 2282.0 180.0 162.0
10 304.0 2288.5 116.0 271.0
8 781.5 1007.0 57.0 54.0
11 950.5 564.0 423.0 94.0
2 1735.5 726.0 43.0 48.0
