6 0.31189759036144576 0.3944732297063903 0.1822289156626506 0.3281519861830743
10 0.7245481927710843 0.6383419689119171 0.3225903614457831 0.30189982728842835
10 0.3256024096385542 0.46528497409326425 0.28373493975903613 0.6535405872193437
11 0.33960843373493976 0.2827288428324698 0.2822289156626506 0.3015544041450777
11 0.3349397590361446 0.29533678756476683 0.29397590361445786 0.2804835924006909
10 0.21882530120481927 0.6604490500863558 0.14427710843373495 0.24386873920552676
10 0.29743975903614456 0.6214162348877375 0.252710843373494 0.35785837651122626
10 0.7286144578313253 0.5008635578583766 0.29759036144578316 0.4822107081174439
7 0.3299698795180723 0.6590673575129534 0.1280120481927711 0.2556131260794473
7 0.32274096385542167 0.48151986183074263 0.19909638554216869 0.5354058721934369
10 0.7323795180722892 0.551986183074266 0.2756024096385542 0.5195164075993092
6 0.31746987951807226 0.39516407599309156 0.20060240963855422 0.35164075993091537
7 0.2968373493975904 0.6345423143350605 0.21897590361445782 0.3012089810017271
7 0.33960843373493976 0.2827288428324698 0.2822289156626506 0.3015544041450777
