7 0.31952547646830026 0.6585487077534792 0.20964605211979775 0.2123923127899271
11 0.6789187086736679 0.16053677932405566 0.23142746013224427 0.08648111332007952
11 0.3895371450797355 0.1578860172299536 0.1544146246596655 0.04671968190854871
5 0.25632049786075456 0.4234592445328032 0.2193698949824971 0.26772697150430746
5 0.26837806301050177 0.4171636845593108 0.24737456242707118 0.1988071570576541
11 0.34675223648385844 0.1648442677269715 0.235316997277324 0.07388999337309476
11 0.6859198755348114 0.16583830351225978 0.12096460521197977 0.06394963552021206
9 0.7524309607156748 0.8083167660702452 0.22131466355503696 0.14148442677269715
11 0.38078568650330613 0.16699801192842942 0.1338000777907429 0.0775347912524851
11 0.8842862699338778 0.8573558648111332 0.061065733177751845 0.05864811133200795
9 0.749902761571373 0.8210735586481114 0.21781408012446518 0.09542743538767395
9 0.7720731232983274 0.8018555334658715 0.20692337611824194 0.12988734261100066
7 0.3296382730455076 0.6464546056991385 0.20108907040062232 0.21338634857521538
0 0.5927654609101517 0.3399602385685885 0.11668611435239207 0.1219350563286945
0 0.602489303772851 0.33300198807157055 0.10190587320108907 0.10072895957587806
10 0.8842862699338778 0.8573558648111332 0.061065733177751845 0.05864811133200795
5 0.2742123687281214 0.4226308813783963 0.26059898872034226 0.19715043074884028
