6 0.2990451388888889 0.3289930555555556 0.1753472222222222 0.11284722222222222
7 0.2990451388888889 0.3289930555555556 0.1753472222222222 0.11284722222222222
7 0.6675347222222222 0.2954861111111111 0.1519097222222222 0.12013888888888889
6 0.6655815972222222 0.3362847222222222 0.13151041666666666 0.14479166666666668
6 0.3159722222222222 0.3263888888888889 0.1605902777777778 0.1638888888888889
13 0.3118489583333333 0.32760416666666664 0.1948784722222222 0.16493055555555555
13 0.3159722222222222 0.3263888888888889 0.1605902777777778 0.1638888888888889
13 0.6655815972222222 0.3362847222222222 0.13151041666666666 0.14479166666666668
13 0.6686197916666666 0.3373263888888889 0.21223958333333334 0.20868055555555556
13 0.24522569444444445 0.31354166666666666 0.044270833333333336 0.03611111111111111
