13 0.301556420233463 0.3998552123552124 0.0963035019455253 0.08542471042471042
0 0.5700389105058365 0.35714285714285715 0.13618677042801555 0.18629343629343628
3 0.6123540856031129 0.6332046332046332 0.5155642023346303 0.17277992277992277
10 0.2602140077821012 0.6059362934362934 0.35894941634241245 0.3325289575289575
10 0.24659533073929962 0.5620173745173745 0.35019455252918286 0.24276061776061775
13 0.30544747081712065 0.3885135135135135 0.12840466926070038 0.0945945945945946
13 0.27699416342412453 0.4032335907335907 0.11429961089494163 0.09314671814671814
0 0.5693093385214008 0.35255791505791506 0.13472762645914396 0.15878378378378377
0 0.5680933852140078 0.3298745173745174 0.12159533073929961 0.14044401544401544
10 0.25607976653696496 0.5299227799227799 0.365272373540856 0.6920849420849421
