2 0.14726720647773278 0.4465725806451613 0.029352226720647773 0.020161290322580645
8 0.2735323886639676 0.3971774193548387 0.05819838056680162 0.04435483870967742
9 0.8924595141700404 0.2946068548387097 0.1118421052631579 0.22227822580645162
9 0.1449898785425101 0.3901209677419355 0.08856275303643725 0.14818548387096775
2 0.1680161943319838 0.3467741935483871 0.04959514170040486 0.07459677419354839
9 0.8896761133603239 0.31930443548387094 0.11538461538461539 0.17086693548387097
3 0.6070344129554656 0.6197076612903226 0.4458502024291498 0.11743951612903226
8 0.2770748987854251 0.3979334677419355 0.056174089068825914 0.04586693548387097
9 0.15232793522267207 0.3805443548387097 0.09412955465587045 0.15725806451612903
3 0.6095647773279352 0.5934979838709677 0.4610323886639676 0.08518145161290322
0 0.5632591093117408 0.3238407258064516 0.11842105263157894 0.09022177419354839
11 0.784665991902834 0.23865927419354838 0.03188259109311741 0.04788306451612903
8 0.27808704453441296 0.39768145161290325 0.046052631578947366 0.04334677419354839
0 0.5683198380566802 0.3185483870967742 0.11133603238866396 0.09778225806451613
3 0.6085526315789473 0.5612399193548387 0.43370445344129555 0.1537298387096774
2 0.8894230769230769 0.30670362903225806 0.1027327935222672 0.18901209677419356
0 0.576417004048583 0.34122983870967744 0.1305668016194332 0.1280241935483871
