8 0.38072417465388714 0.6212439903846154 0.028044018459353923 0.030348557692307692
11 0.0997515086971956 0.7552584134615384 0.06886758963436279 0.06099759615384615
8 0.1372026979055733 0.6413762019230769 0.04508342208022719 0.06520432692307693
8 0.24618388356407525 0.5584435096153846 0.03017394391196308 0.02013221153846154
8 0.2955271565495208 0.38716947115384615 0.03727369542066028 0.038161057692307696
8 0.11838835640752574 0.7190504807692307 0.042953496627618035 0.04146634615384615
8 0.21760738374156904 0.6473858173076923 0.04614838480653177 0.038161057692307696
8 0.7183173588924388 0.61328125 0.022364217252396165 0.017427884615384616
2 0.12797302094426696 0.6672175480769231 0.06070287539936102 0.13972355769230768
8 0.2477813276535321 0.5582932692307693 0.027689030883919063 0.022235576923076924
10 0.11501597444089456 0.7381310096153846 0.11430599929002484 0.1180889423076923
9 0.8022719204827831 0.6944110576923077 0.21370252041178558 0.1219951923076923
8 0.13809016684416045 0.6395733173076923 0.039048633297834576 0.07662259615384616
8 0.2944621938232162 0.38852163461538464 0.04011359602413916 0.038461538461538464
9 0.725417110401136 0.7216045673076923 0.35960241391551295 0.10006009615384616
8 0.3784167554135605 0.6215444711538461 0.029818956336528223 0.028545673076923076
8 0.24547390841320554 0.25916466346153844 0.04011359602413916 0.033353365384615384
8 0.21778487752928646 0.6461838942307693 0.05005324813631523 0.035757211538461536
8 0.2463613773517927 0.5590444711538461 0.028399006034788784 0.024939903846153848
8 0.2916222932197373 0.3858173076923077 0.04508342208022719 0.03545673076923077
11 0.11501597444089456 0.7381310096153846 0.11430599929002484 0.1180889423076923
8 0.12282570110046148 0.7173978365384616 0.04401845935392261 0.038161057692307696
8 0.213880014199503 0.6482872596153846 0.042953496627618035 0.03395432692307692
