3 0.6153980446927374 0.6031292059219381 0.45635474860335196 0.16184387617765814
13 0.8420041899441341 0.3583445491251682 0.05761173184357542 0.02086137281292059
0 0.5940991620111732 0.2949192462987887 0.0939245810055866 0.10868102288021535
9 0.375 0.47240915208613726 0.11312849162011174 0.1971736204576043
0 0.5944483240223464 0.30400403768506057 0.10649441340782123 0.12079407806191117
0 0.5928770949720671 0.29004037685060563 0.09497206703910614 0.09623149394347241
3 0.6274441340782123 0.5642664872139973 0.44622905027932963 0.13055181695827725
13 0.82018156424581 0.36002691790040375 0.09706703910614525 0.0370121130551817
7 0.375 0.47240915208613726 0.11312849162011174 0.1971736204576043
3 0.6236033519553073 0.5942126514131898 0.4476256983240223 0.1285329744279946
