13 0.2091346153846154 0.6093247588424437 0.18653846153846154 0.04340836012861737
3 0.5463942307692308 0.717443729903537 0.5177884615384616 0.16639871382636656
3 0.5507211538461538 0.7001607717041801 0.5033653846153846 0.17363344051446947
13 0.2709134615384615 0.6241961414790996 0.32548076923076924 0.08762057877813505
8 0.45576923076923076 0.2558279742765273 0.08076923076923077 0.08078778135048231
8 0.45264423076923077 0.25060289389067525 0.08413461538461539 0.0912379421221865
3 0.5403846153846154 0.7210610932475884 0.49615384615384617 0.15112540192926044
7 0.2709134615384615 0.6241961414790996 0.32548076923076924 0.08762057877813505
9 0.4704326923076923 0.257435691318328 0.11201923076923077 0.09686495176848875
7 0.21346153846153845 0.6167604501607717 0.21634615384615385 0.08721864951768489
13 0.8742788461538461 0.7626607717041801 0.055288461538461536 0.0430064308681672
