11 0.33772619984264357 0.13262910798122066 0.14358772619984264 0.03990610328638498
8 0.11841070023603462 0.715962441314554 0.03855232100708104 0.024061032863849766
11 0.7171518489378442 0.142018779342723 0.13139260424862312 0.04870892018779343
9 0.758654602675059 0.5032276995305164 0.35444531864673484 0.7922535211267606
5 0.18568056648308418 0.5671948356807511 0.18174665617623917 0.15492957746478872
11 0.3422501966955153 0.12030516431924883 0.15656963021243114 0.05516431924882629
9 0.2584579071597168 0.48606220657276994 0.37214791502753736 0.8025234741784038
5 0.8202202989771833 0.5670481220657277 0.13060582218725414 0.11883802816901408
11 0.71066089693155 0.1443661971830986 0.08064516129032258 0.05046948356807512
8 0.11821400472069236 0.7174295774647887 0.035798583792289534 0.029342723004694836
8 0.11900078678206137 0.7166960093896714 0.036585365853658534 0.027875586854460094
11 0.7027930763178599 0.1311619718309859 0.11526357199055862 0.03755868544600939
9 0.48210070810385525 0.47021713615023475 0.21754523996852873 0.5390258215962441
11 0.3518882769472856 0.12294600938967136 0.17348544453186468 0.02992957746478873
9 0.49468922108575925 0.5033744131455399 0.23013375295043273 0.5184859154929577
