11 0.2645399305555556 0.29739583333333336 0.1948784722222222 0.128125
7 0.3402777777777778 0.32048611111111114 0.2013888888888889 0.12708333333333333
4 0.6631944444444444 0.3861111111111111 0.3324652777777778 0.28541666666666665
7 0.224609375 0.50625 0.15928819444444445 0.09513888888888888
7 0.2358940972222222 0.49461805555555555 0.1506076388888889 0.12118055555555556
6 0.7256944444444444 0.6079861111111111 0.2621527777777778 0.3736111111111111
7 0.2862413194444444 0.7180555555555556 0.1254340277777778 0.07013888888888889
8 0.2819010416666667 0.7177083333333333 0.12977430555555555 0.06111111111111111
8 0.66015625 0.390625 0.3012152777777778 0.27569444444444446
4 0.6712239583333334 0.4071180555555556 0.3146701388888889 0.2503472222222222
5 0.7254774305555556 0.6510416666666666 0.2547743055555556 0.2611111111111111
7 0.6631944444444444 0.3861111111111111 0.3324652777777778 0.28541666666666665
11 0.2766927083333333 0.2842013888888889 0.20616319444444445 0.10173611111111111
6 0.7296006944444444 0.6767361111111111 0.2517361111111111 0.24305555555555555
7 0.2879774305555556 0.7171875 0.1618923611111111 0.06909722222222223
4 0.66015625 0.390625 0.3012152777777778 0.27569444444444446
7 0.2730034722222222 0.32309027777777777 0.14583333333333334 0.09965277777777778
7 0.6712239583333334 0.4071180555555556 0.3146701388888889 0.2503472222222222
7 0.2319878472222222 0.49722222222222223 0.1480034722222222 0.11458333333333333
