13 0.3728841145833333 0.138671875 0.0947265625 0.06966145833333333
2 0.67236328125 0.2810872395833333 0.14225260416666666 0.3486328125
7 0.64453125 0.3216145833333333 0.21223958333333334 0.34375
2 0.6751302083333334 0.2897135416666667 0.16080729166666666 0.3216145833333333
11 0.6746419270833334 0.3248697916666667 0.13248697916666666 0.390625
7 0.6588541666666666 0.3230794270833333 0.20963541666666666 0.4436848958333333
2 0.6746419270833334 0.3248697916666667 0.13248697916666666 0.390625
13 0.3694661458333333 0.13509114583333334 0.09309895833333333 0.053385416666666664
11 0.67236328125 0.2810872395833333 0.14225260416666666 0.3486328125
9 0.36474609375 0.1376953125 0.0732421875 0.061848958333333336
7 0.6383463541666666 0.3211263020833333 0.244140625 0.4580078125
13 0.36474609375 0.1376953125 0.0732421875 0.061848958333333336
8 0.7106119791666666 0.4871419270833333 0.061197916666666664 0.058919270833333336
