7 0.2860243055555556 0.2947916666666667 0.2230902777777778 0.1951388888888889
11 0.17513020833333334 0.23472222222222222 0.11848958333333333 0.1638888888888889
8 0.2578125 0.31649305555555557 0.09722222222222222 0.07604166666666666
10 0.2228732638888889 0.46857638888888886 0.3450520833333333 0.2482638888888889
11 0.6137152777777778 0.1482638888888889 0.19791666666666666 0.043055555555555555
8 0.2669270833333333 0.3133680555555556 0.08940972222222222 0.07881944444444444
11 0.20182291666666666 0.24375 0.2248263888888889 0.19444444444444445
10 0.21592881944444445 0.5017361111111112 0.34765625 0.31180555555555556
8 0.2957899305555556 0.3050347222222222 0.15321180555555555 0.11979166666666667
10 0.2328559027777778 0.3909722222222222 0.4127604166666667 0.5048611111111111
7 0.2710503472222222 0.2894097222222222 0.2573784722222222 0.21215277777777777
