7 0.3862204724409449 0.45654296875 0.1047244094488189 0.20475260416666666
11 0.1279527559055118 0.7625325520833334 0.03937007874015748 0.049153645833333336
8 0.29153543307086616 0.2970377604166667 0.09409448818897638 0.08561197916666667
6 0.2874015748031496 0.2972005208333333 0.10236220472440945 0.0859375
11 0.8440944881889764 0.8245442708333334 0.04566929133858268 0.050130208333333336
10 0.1279527559055118 0.74755859375 0.05354330708661417 0.044596354166666664
7 0.2874015748031496 0.2972005208333333 0.10236220472440945 0.0859375
7 0.2437007874015748 0.59912109375 0.026771653543307086 0.034830729166666664
11 0.1279527559055118 0.74755859375 0.05354330708661417 0.044596354166666664
11 0.8513779527559056 0.8313802083333334 0.03031496062992126 0.031901041666666664
10 0.8440944881889764 0.8245442708333334 0.04566929133858268 0.050130208333333336
9 0.3862204724409449 0.45654296875 0.1047244094488189 0.20475260416666666
8 0.2875984251968504 0.29541015625 0.10354330708661418 0.0830078125
