11 0.36760513186029936 0.1240234375 0.12009978617248752 0.033203125
13 0.2777975766215253 0.3404947916666667 0.06379187455452602 0.043619791666666664
11 0.7899144689950107 0.8396809895833334 0.02601568068424804 0.0634765625
11 0.18745545260156807 0.7900390625 0.041339985744832504 0.083984375
11 0.1936920883820385 0.7926432291666666 0.05808980755523877 0.08072916666666667
5 0.6632216678545972 0.3359375 0.2074126870990734 0.4075520833333333
6 0.6794369208838203 0.28759765625 0.18068424803991448 0.3238932291666667
10 0.1936920883820385 0.7926432291666666 0.05808980755523877 0.08072916666666667
10 0.7899144689950107 0.8396809895833334 0.02601568068424804 0.0634765625
5 0.6591233071988596 0.3214518229166667 0.19208838203848896 0.4384765625
13 0.6794369208838203 0.28759765625 0.18068424803991448 0.3238932291666667
13 0.33018531717747684 0.37744140625 0.2134711332858161 0.10123697916666667
11 0.36760513186029936 0.12858072916666666 0.12152530292230934 0.029947916666666668
10 0.18745545260156807 0.7900390625 0.041339985744832504 0.083984375
11 0.610655737704918 0.12613932291666666 0.05737704918032787 0.025065104166666668
