13 0.27874015748031494 0.22884114583333334 0.14881889763779527 0.11393229166666667
11 0.19625984251968503 0.2021484375 0.10511811023622047 0.10416666666666667
13 0.699015748031496 0.20556640625 0.09173228346456692 0.0966796875
13 0.2921259842519685 0.23030598958333334 0.14015748031496064 0.12467447916666667
11 0.2200787401574803 0.18359375 0.08818897637795275 0.07942708333333333
11 0.7458661417322835 0.158203125 0.08543307086614173 0.068359375
13 0.30688976377952754 0.2589518229166667 0.1594488188976378 0.15592447916666666
11 0.7738188976377953 0.18115234375 0.07677165354330709 0.0537109375
13 0.7127952755905512 0.20963541666666666 0.0673228346456693 0.068359375
11 0.7582677165354331 0.16796875 0.1125984251968504 0.08854166666666667
