8 0.4133207368918281 0.22470014992503748 0.0273972602739726 0.009370314842578711
3 0.6761927255550307 0.642616191904048 0.5087387812942844 0.19002998500749624
0 0.6575342465753424 0.37275112443778113 0.14926783183750592 0.12481259370314843
2 0.4156825696740671 0.222263868065967 0.0273972602739726 0.013493253373313344
3 0.6743032593292395 0.6577961019490255 0.5200755786490316 0.15667166416791603
3 0.6615493623051488 0.6559220389805097 0.5219650448748229 0.15367316341829085
0 0.6516296646197449 0.36169415292353824 0.15729806329711857 0.0952023988005997
9 0.41379310344827586 0.22057721139430284 0.026452527161076995 0.013118440779610194
7 0.41379310344827586 0.22057721139430284 0.026452527161076995 0.013118440779610194
0 0.6497401983939537 0.3881184407796102 0.15729806329711857 0.14655172413793102
