0 0.6076771653543307 0.21598307291666666 0.10748031496062992 0.11751302083333333
13 0.28523622047244096 0.5314127604166666 0.10826771653543307 0.053059895833333336
0 0.5982283464566929 0.21598307291666666 0.12086614173228347 0.11360677083333333
5 0.7356299212598425 0.3660481770833333 0.24921259842519686 0.4892578125
9 0.4797244094488189 0.3668619791666667 0.12952755905511812 0.2981770833333333
6 0.7356299212598425 0.3660481770833333 0.24921259842519686 0.4892578125
11 0.6687007874015748 0.08675130208333333 0.1594488188976378 0.038736979166666664
10 0.8395669291338582 0.619140625 0.0515748031496063 0.048177083333333336
6 0.2874015748031496 0.39111328125 0.3362204724409449 0.5016276041666666
10 0.8582677165354331 0.6158854166666666 0.025984251968503937 0.07096354166666667
6 0.7234251968503937 0.3445638020833333 0.297244094488189 0.5524088541666666
13 0.7169291338582677 0.3084309895833333 0.26614173228346455 0.3876953125
11 0.6864173228346456 0.09326171875 0.16181102362204725 0.036783854166666664
5 0.26614173228346455 0.4150390625 0.31338582677165355 0.4173177083333333
3 0.6025590551181103 0.53125 0.39881889763779527 0.13411458333333334
0 0.5942913385826771 0.22672526041666666 0.134251968503937 0.14615885416666666
10 0.1515748031496063 0.6394856770833334 0.05275590551181102 0.09016927083333333
13 0.26614173228346455 0.4150390625 0.31338582677165355 0.4173177083333333
3 0.606496062992126 0.5607096354166666 0.41692913385826774 0.12076822916666667
6 0.26614173228346455 0.4150390625 0.31338582677165355 0.4173177083333333
11 0.8395669291338582 0.619140625 0.0515748031496063 0.048177083333333336
6 0.7169291338582677 0.3084309895833333 0.26614173228346455 0.3876953125
9 0.5118110236220472 0.3720703125 0.17559055118110237 0.5625
5 0.2874015748031496 0.39111328125 0.3362204724409449 0.5016276041666666
11 0.6690944881889764 0.08821614583333333 0.1594488188976378 0.0390625
6 0.29783464566929135 0.38037109375 0.32559055118110236 0.4788411458333333
11 0.8582677165354331 0.6158854166666666 0.025984251968503937 0.07096354166666667
7 0.2950787401574803 0.23307291666666666 0.10748031496062992 0.14192708333333334
11 0.1515748031496063 0.6394856770833334 0.05275590551181102 0.09016927083333333
13 0.27263779527559057 0.33447265625 0.21771653543307087 0.1826171875
