11 0.8341471354166666 0.7259114583333334 0.048502604166666664 0.05859375
13 0.3971354166666667 0.2911783854166667 0.17447916666666666 0.17350260416666666
13 0.7576497395833334 0.3665364583333333 0.1357421875 0.14973958333333334
13 0.396484375 0.2999674479166667 0.15169270833333334 0.14485677083333334
13 0.7233072916666666 0.34033203125 0.212890625 0.2548828125
11 0.751953125 0.24658203125 0.107421875 0.10970052083333333
11 0.8299153645833334 0.703125 0.0517578125 0.095703125
13 0.7556966145833334 0.32275390625 0.18522135416666666 0.2659505208333333
13 0.3797200520833333 0.2897135416666667 0.1513671875 0.16927083333333334
1 0.7335611979166666 0.23551432291666666 0.16438802083333334 0.1005859375
13 0.3173828125 0.5680338541666666 0.09049479166666667 0.068359375
11 0.8312174479166666 0.7141927083333334 0.051106770833333336 0.09375
1 0.7556966145833334 0.32275390625 0.18522135416666666 0.2659505208333333
