3 0.5911251980982567 0.7254392971246006 0.41362916006339145 0.1625399361022364
8 0.2125594294770206 0.7274361022364217 0.032091917591125195 0.03793929712460064
13 0.7737717908082409 0.24241214057507987 0.05229793977812995 0.05591054313099041
8 0.751782884310618 0.224241214057508 0.02733755942947702 0.02036741214057508
8 0.7543581616481775 0.22364217252396165 0.022187004754358162 0.018370607028753993
13 0.7717908082408875 0.2246405750798722 0.07448494453248812 0.08266773162939298
8 0.7541600633914421 0.22563897763578275 0.022583201267828843 0.01597444089456869
11 0.7925911251980983 0.19728434504792333 0.04635499207606973 0.06469648562300319
9 0.7717908082408875 0.2246405750798722 0.07448494453248812 0.08266773162939298
8 0.21394611727416799 0.7302316293929713 0.03407290015847861 0.043530351437699684
2 0.3890649762282092 0.19109424920127796 0.017432646592709985 0.019568690095846646
13 0.7858557844690967 0.224241214057508 0.03922345483359747 0.05950479233226837
0 0.5980586370839936 0.3726038338658147 0.12242472266244057 0.15575079872204473
0 0.5362519809825673 0.4047523961661342 0.2373217115689382 0.18170926517571884
