11 0.8326822916666666 0.634375 0.04123263888888889 0.07430555555555556
0 0.5447048611111112 0.32274305555555555 0.09722222222222222 0.11215277777777778
10 0.8311631944444444 0.6407986111111111 0.0546875 0.046875
10 0.20985243055555555 0.6057291666666667 0.1332465277777778 0.07673611111111112
11 0.8311631944444444 0.6407986111111111 0.0546875 0.046875
10 0.8344184027777778 0.6440972222222222 0.04470486111111111 0.04722222222222222
10 0.2584635416666667 0.6210069444444445 0.2565104166666667 0.10034722222222223
10 0.16861979166666666 0.6145833333333334 0.06901041666666667 0.09583333333333334
10 0.8326822916666666 0.634375 0.04123263888888889 0.07430555555555556
11 0.8344184027777778 0.6440972222222222 0.04470486111111111 0.04722222222222222
