9 0.2812727272727273 0.3703836500537827 0.06872727272727273 0.13624955181068482
10 0.87 0.7807457870204374 0.07672727272727273 0.09286482610254572
10 0.28709090909090906 0.6590175690211545 0.3501818181818182 0.2681964861957691
10 0.8730909090909091 0.7708856220867695 0.07272727272727272 0.1082825385442811
13 0.2812727272727273 0.3703836500537827 0.06872727272727273 0.13624955181068482
7 0.26836363636363636 0.5614915740408749 0.21818181818181817 0.06955898171387594
10 0.25581818181818183 0.5982430978845464 0.2847272727272727 0.19110792398709214
11 0.87 0.7807457870204374 0.07672727272727273 0.09286482610254572
10 0.8781818181818182 0.7820007171029043 0.08072727272727273 0.14557188956615275
10 0.25545454545454543 0.6626030835424883 0.25781818181818184 0.35066332018644675
7 0.27490909090909094 0.5632843313015418 0.19636363636363635 0.0702760846181427
7 0.3130909090909091 0.5247400501972033 0.2807272727272727 0.11366081032628182
