11 0.640625 0.19340277777777778 0.1597222222222222 0.04027777777777778
10 0.0881076388888889 0.7899305555555556 0.04861111111111111 0.07708333333333334
10 0.08919270833333333 0.8097222222222222 0.06727430555555555 0.03819444444444445
11 0.6278211805555556 0.20364583333333333 0.17491319444444445 0.06354166666666666
11 0.8075086805555556 0.8088541666666667 0.0724826388888889 0.07048611111111111
13 0.6458333333333334 0.6991319444444445 0.10416666666666667 0.14479166666666668
12 0.2960069444444444 0.23072916666666668 0.296875 0.1545138888888889
8 0.669921875 0.5053819444444444 0.018663194444444444 0.014930555555555556
10 0.8218315972222222 0.8022569444444444 0.048177083333333336 0.049652777777777775
0 0.5336371527777778 0.39288194444444446 0.12977430555555555 0.14548611111111112
13 0.2456597222222222 0.4088541666666667 0.2508680555555556 0.16909722222222223
13 0.7502170138888888 0.5638888888888889 0.16102430555555555 0.05625
11 0.0881076388888889 0.7899305555555556 0.04861111111111111 0.07708333333333334
13 0.7315538194444444 0.5585069444444445 0.15321180555555555 0.07881944444444444
13 0.6573350694444444 0.3345486111111111 0.14539930555555555 0.24479166666666666
11 0.6484375 0.19114583333333332 0.21354166666666666 0.028819444444444446
11 0.0857204861111111 0.8012152777777778 0.04210069444444445 0.051041666666666666
13 0.6794704861111112 0.384375 0.10980902777777778 0.12916666666666668
10 0.8049045138888888 0.8157986111111111 0.061197916666666664 0.04756944444444444
13 0.2131076388888889 0.40243055555555557 0.1918402777777778 0.12013888888888889
13 0.681640625 0.6588541666666666 0.1037326388888889 0.08576388888888889
10 0.8075086805555556 0.8088541666666667 0.0724826388888889 0.07048611111111111
10 0.0857204861111111 0.8012152777777778 0.04210069444444445 0.051041666666666666
0 0.5325520833333334 0.3706597222222222 0.12239583333333333 0.109375
11 0.8218315972222222 0.8022569444444444 0.048177083333333336 0.049652777777777775
13 0.6979166666666666 0.3873263888888889 0.11805555555555555 0.090625
13 0.22916666666666666 0.3954861111111111 0.2170138888888889 0.22777777777777777
