10 0.852755905511811 0.5519205729166666 0.051181102362204724 0.0849609375
10 0.835236220472441 0.5419921875 0.08937007874015748 0.0859375
0 0.5659448818897638 0.2529296875 0.09566929133858268 0.111328125
5 0.30118110236220474 0.3815104166666667 0.16929133858267717 0.228515625
5 0.28169291338582675 0.4111328125 0.2248031496062992 0.23763020833333334
0 0.5643700787401574 0.2527669270833333 0.08858267716535433 0.10514322916666667
5 0.7561023622047244 0.42431640625 0.1673228346456693 0.21516927083333334
10 0.8344488188976378 0.5660807291666666 0.08307086614173229 0.11263020833333333
11 0.852755905511811 0.5519205729166666 0.051181102362204724 0.0849609375
5 0.7444881889763779 0.4192708333333333 0.2125984251968504 0.25390625
0 0.5610236220472441 0.23763020833333334 0.11811023622047244 0.08463541666666667
