9 0.8704427083333334 0.4609375 0.06553819444444445 0.4690972222222222
13 0.1525607638888889 0.5017361111111112 0.06987847222222222 0.029166666666666667
11 0.7313368055555556 0.2300347222222222 0.109375 0.08645833333333333
12 0.6401909722222222 0.20729166666666668 0.1918402777777778 0.05555555555555555
12 0.8385416666666666 0.7630208333333334 0.05295138888888889 0.06076388888888889
8 0.6751302083333334 0.36944444444444446 0.17838541666666666 0.12916666666666668
9 0.8736979166666666 0.4501736111111111 0.19618055555555555 0.5399305555555556
13 0.2545572916666667 0.3890625 0.07161458333333333 0.03090277777777778
13 0.1664496527777778 0.5043402777777778 0.0724826388888889 0.030208333333333334
8 0.6710069444444444 0.36128472222222224 0.15364583333333334 0.11493055555555555
13 0.1664496527777778 0.5015625 0.06553819444444445 0.017708333333333333
9 0.7144097222222222 0.09270833333333334 0.2682291666666667 0.17916666666666667
8 0.6729600694444444 0.36440972222222223 0.1896701388888889 0.12395833333333334
9 0.7884114583333334 0.35885416666666664 0.41796875 0.715625
11 0.8385416666666666 0.7630208333333334 0.05295138888888889 0.06076388888888889
