11 0.25732421875 0.623046875 0.0341796875 0.037760416666666664
9 0.5286458333333334 0.3714192708333333 0.07682291666666667 0.263671875
9 0.5094401041666666 0.5419921875 0.17643229166666666 0.6002604166666666
5 0.7384440104166666 0.39306640625 0.10188802083333333 0.1513671875
3 0.6018880208333334 0.5594075520833334 0.361328125 0.0849609375
3 0.6292317708333334 0.5302734375 0.283203125 0.13606770833333334
9 0.5048828125 0.4700520833333333 0.15625 0.3580729166666667
3 0.5994466145833334 0.5279947916666666 0.3512369791666667 0.18359375
6 0.3518880208333333 0.5411783854166666 0.19140625 0.16048177083333334
10 0.25732421875 0.623046875 0.0341796875 0.037760416666666664
13 0.3518880208333333 0.5411783854166666 0.19140625 0.16048177083333334
