0 0.5585883171070932 0.3427852348993289 0.1213490959666203 0.12986577181208053
13 0.25869262865090403 0.6060402684563758 0.11543810848400557 0.07516778523489932
11 0.11317802503477052 0.7291946308724833 0.04415855354659249 0.0436241610738255
3 0.5398122392211405 0.6243288590604027 0.4259388038942976 0.13187919463087247
11 0.3398817802503477 0.18993288590604027 0.17002781641168288 0.06241610738255034
11 0.5709318497913769 0.17416107382550336 0.06328233657858136 0.05167785234899329
3 0.5417246175243393 0.6347315436241611 0.4429763560500695 0.12718120805369126
10 0.11317802503477052 0.7291946308724833 0.04415855354659249 0.0436241610738255
0 0.5490264255910987 0.325 0.12100139082058414 0.10906040268456375
3 0.538769123783032 0.6503355704697986 0.4210709318497914 0.17181208053691274
0 0.5547635605006954 0.33238255033557046 0.1241307371349096 0.12315436241610739
