10 0.1299342105263158 0.861198243412798 0.06103801169590643 0.04987452948557089
11 0.7262426900584795 0.13456712672521956 0.18567251461988304 0.07528230865746549
11 0.391812865497076 0.12139272271016312 0.19298245614035087 0.06273525721455459
11 0.3839546783625731 0.11088456712672522 0.16045321637426901 0.049247176913425346
11 0.7130847953216374 0.13472396486825597 0.17251461988304093 0.06242158092848181
11 0.13212719298245615 0.8800188205771644 0.04203216374269006 0.06681304893350062
13 0.8682383040935673 0.39993726474278546 0.0720029239766082 0.05897114178168131
10 0.13212719298245615 0.8800188205771644 0.04203216374269006 0.06681304893350062
11 0.1299342105263158 0.861198243412798 0.06103801169590643 0.04987452948557089
11 0.7021198830409356 0.12390213299874529 0.1783625730994152 0.05520702634880803
11 0.38377192982456143 0.12421580928481807 0.15789473684210525 0.030112923462986198
10 0.12335526315789473 0.8809598494353826 0.05299707602339181 0.05865746549560853
11 0.12335526315789473 0.8809598494353826 0.05299707602339181 0.05865746549560853
