11 0.7942708333333334 0.6500651041666666 0.050130208333333336 0.06380208333333333
10 0.7942708333333334 0.6500651041666666 0.050130208333333336 0.06380208333333333
13 0.7286783854166666 0.5476888020833334 0.06477864583333333 0.015950520833333332
3 0.5393880208333334 0.5421549479166666 0.4095052083333333 0.17610677083333334
0 0.5533854166666666 0.30517578125 0.115234375 0.12076822916666667
0 0.5517578125 0.3292643229166667 0.12825520833333334 0.16243489583333334
3 0.5403645833333334 0.5833333333333334 0.4140625 0.09505208333333333
13 0.72216796875 0.5457356770833334 0.0595703125 0.0185546875
0 0.552734375 0.3024088541666667 0.12044270833333333 0.12434895833333333
3 0.5379231770833334 0.5777994791666666 0.4124348958333333 0.087890625
13 0.7057291666666666 0.560546875 0.11458333333333333 0.048828125
