0 0.576036866359447 0.25262605042016806 0.11136712749615975 0.109593837535014
3 0.5710445468509985 0.5232843137254902 0.5284178187403994 0.15371148459383754
8 0.3083717357910906 0.26698179271708683 0.020737327188940093 0.016456582633053222
13 0.24865591397849462 0.5602240896358543 0.13248847926267282 0.23879551820728293
3 0.5675883256528418 0.5409663865546218 0.5360983102918587 0.16806722689075632
9 0.3083717357910906 0.26698179271708683 0.020737327188940093 0.016456582633053222
8 0.3062596006144393 0.2657563025210084 0.02880184331797235 0.03081232492997199
5 0.8571428571428571 0.44730392156862747 0.1259600614439324 0.3644957983193277
5 0.1499615975422427 0.3693977591036415 0.13095238095238096 0.37254901960784315
3 0.5702764976958525 0.5141806722689075 0.489247311827957 0.19222689075630253
