11 0.37140287769784175 0.18476903870162298 0.12697841726618705 0.033083645443196
13 0.3920863309352518 0.20880149812734083 0.046762589928057555 0.033707865168539325
11 0.3528776978417266 0.1766541822721598 0.13237410071942446 0.035580524344569285
0 0.5987410071942446 0.37312734082397003 0.10035971223021582 0.12827715355805244
11 0.360431654676259 0.18867041198501872 0.13741007194244603 0.05774032459425718
0 0.5890287769784173 0.3725031210986267 0.110431654676259 0.12078651685393259
0 0.5829136690647482 0.3684456928838951 0.12050359712230216 0.12390761548064919
13 0.30683453237410074 0.28948189762796506 0.09712230215827339 0.04962546816479401
11 0.6597122302158274 0.1896067415730337 0.08129496402877698 0.02153558052434457
13 0.36312949640287767 0.2546816479400749 0.12553956834532373 0.10424469413233459
