0 0.5718315972222222 0.3449652777777778 0.0802951388888889 0.10798611111111112
0 0.5492621527777778 0.3564236111111111 0.12369791666666667 0.12395833333333334
13 0.2172309027777778 0.38350694444444444 0.024739583333333332 0.013541666666666667
3 0.5794270833333334 0.5527777777777778 0.4053819444444444 0.12083333333333333
13 0.2265625 0.3067708333333333 0.026041666666666668 0.010069444444444445
13 0.2144097222222222 0.33211805555555557 0.022569444444444444 0.016319444444444445
13 0.2191840277777778 0.34618055555555555 0.033854166666666664 0.09236111111111112
3 0.5826822916666666 0.5595486111111111 0.4118923611111111 0.0920138888888889
11 0.1840277777777778 0.28715277777777776 0.042534722222222224 0.04027777777777778
0 0.5590277777777778 0.33975694444444443 0.08506944444444445 0.09965277777777778
