9 0.239501953125 0.6554 0.35009765625 0.1836
4 0.272216796875 0.419 0.18603515625 0.1924
3 0.53564453125 0.5804 0.41796875 0.2464
0 0.50390625 0.2876 0.0888671875 0.1032
3 0.5400390625 0.5814 0.4248046875 0.2628
8 0.286376953125 0.402 0.16162109375 0.1504
13 0.240478515625 0.4688 0.18017578125 0.0552
9 0.2060546875 0.6196 0.3203125 0.148
13 0.213623046875 0.4586 0.15869140625 0.0716
8 0.2822265625 0.3916 0.1396484375 0.1192
0 0.501708984375 0.2968 0.11279296875 0.12
7 0.2822265625 0.3916 0.1396484375 0.1192
8 0.272216796875 0.419 0.18603515625 0.1924
1 0.2822265625 0.3916 0.1396484375 0.1192
