13 0.2497829861111111 0.48975694444444445 0.13151041666666666 0.10590277777777778
11 0.8315972222222222 0.5994791666666667 0.06163194444444445 0.06354166666666666
6 0.669921875 0.3762152777777778 0.10894097222222222 0.078125
3 0.55078125 0.5552083333333333 0.4479166666666667 0.09305555555555556
10 0.8315972222222222 0.5994791666666667 0.06163194444444445 0.06354166666666666
0 0.5516493055555556 0.30972222222222223 0.11979166666666667 0.11666666666666667
6 0.24305555555555555 0.4248263888888889 0.2760416666666667 0.284375
9 0.24305555555555555 0.4248263888888889 0.2760416666666667 0.284375
3 0.5577256944444444 0.5510416666666667 0.4166666666666667 0.12222222222222222
11 0.591796875 0.17100694444444445 0.1427951388888889 0.04826388888888889
3 0.5533854166666666 0.5458333333333333 0.4409722222222222 0.11180555555555556
0 0.5438368055555556 0.2875 0.1076388888888889 0.07777777777777778
0 0.5492621527777778 0.28368055555555555 0.08897569444444445 0.07013888888888889
7 0.6623263888888888 0.3715277777777778 0.14149305555555555 0.07152777777777777
6 0.2497829861111111 0.48975694444444445 0.13151041666666666 0.10590277777777778
13 0.669921875 0.3762152777777778 0.10894097222222222 0.078125
11 0.3446180555555556 0.14947916666666666 0.12152777777777778 0.02673611111111111
