13 0.2902330743618202 0.20224378411158278 0.06400295967443581 0.03395997574287447
11 0.39382167961524234 0.12947240751970893 0.15871254162042175 0.0430563978168587
13 0.6453940066592675 0.17313523347483323 0.031446540880503145 0.03214069132807762
7 0.2526822049574547 0.5151607034566403 0.23159452460229374 0.21406913280776227
13 0.2898631150573437 0.20042449969678594 0.06918238993710692 0.038811400848999394
11 0.4056603773584906 0.12871437234687688 0.10839807621161672 0.04881746513038205
13 0.2909729929707732 0.2036082474226804 0.06400295967443581 0.03668890236506974
11 0.6864594894561599 0.15221346270466948 0.17055123936367 0.04063068526379624
0 0.599149093599704 0.27880533656761675 0.1076581576026637 0.09126743480897513
0 0.596189419163892 0.28835657974530016 0.1128375878653348 0.12431776834445118
13 0.7323344432112467 0.2653123104912068 0.08546059933407325 0.11400848999393572
