13 0.2769156159068865 0.4261058981233244 0.07662463627546072 0.04121983914209115
11 0.6820239249919172 0.10841152815013405 0.09020368574199807 0.043230563002680966
13 0.7963142580019399 0.4281166219839142 0.03427093436792758 0.037198391420911525
13 0.27432913029421274 0.42828418230563003 0.060459101196249594 0.04289544235924933
11 0.3777885548011639 0.13840482573726542 0.0921435499515034 0.024128686327077747
13 0.3118331716779825 0.48642761394101874 0.01713546718396379 0.013739946380697051
11 0.8249272550921436 0.26089142091152817 0.028128031037827354 0.05596514745308311
13 0.744099579696088 0.24212466487935658 0.09602327837051407 0.12768096514745308
13 0.3040737148399612 0.43917560321715815 0.16650501131587456 0.11159517426273459
13 0.7570320077594569 0.30261394101876676 0.15939217588102167 0.2727882037533512
11 0.6946330423537019 0.11511394101876675 0.07856450048496605 0.037868632707774796
13 0.7339152925961849 0.3113270777479893 0.20239249919172325 0.2734584450402145
8 0.3118331716779825 0.48642761394101874 0.01713546718396379 0.013739946380697051
