10 0.8880046583850931 0.7267488076311606 0.0764751552795031 0.10771065182829889
11 0.8845108695652174 0.7223767885532592 0.060947204968944096 0.07352941176470588
0 0.5751164596273292 0.31875993640699524 0.12305900621118013 0.15262321144674085
3 0.5642468944099379 0.704093799682035 0.43361801242236025 0.11724960254372019
10 0.8845108695652174 0.7223767885532592 0.060947204968944096 0.07352941176470588
0 0.5822981366459627 0.3026629570747218 0.10559006211180125 0.12201907790143084
11 0.90722049689441 0.7108505564387917 0.06521739130434782 0.08227344992050874
11 0.8880046583850931 0.7267488076311606 0.0764751552795031 0.10771065182829889
0 0.5830745341614907 0.2953100158982512 0.11568322981366459 0.10492845786963434
10 0.90722049689441 0.7108505564387917 0.06521739130434782 0.08227344992050874
