11 0.3589420654911839 0.21565189671660823 0.23569629363080244 0.08128785463818936
13 0.801547319179561 0.5030283710551482 0.1644476430370637 0.2728721708638827
13 0.33807124865059374 0.36595473382212307 0.15221302626844188 0.1472744660503666
2 0.31324217344368477 0.35049410264583997 0.17092479309103994 0.1775581766018489
13 0.3164807484706729 0.7143767931144406 0.10687297589060814 0.21549250876633727
8 0.8096437567470313 0.4905961109340134 0.18064051817200433 0.2575709276378706
13 0.8096437567470313 0.4905961109340134 0.18064051817200433 0.2575709276378706
13 0.3261964735516373 0.36786738922537454 0.16732637639438647 0.1389862926362767
11 0.3243972652033105 0.2303155881415365 0.23281756027347966 0.12209116990755499
13 0.8118028067650234 0.503984698756774 0.17632241813602015 0.22186802677717565
13 0.31324217344368477 0.35049410264583997 0.17092479309103994 0.1775581766018489
7 0.3589420654911839 0.21565189671660823 0.23569629363080244 0.08128785463818936
2 0.8118028067650234 0.503984698756774 0.17632241813602015 0.22186802677717565
11 0.31324217344368477 0.35049410264583997 0.17092479309103994 0.1775581766018489
0 0.5750269881252249 0.37392413133567104 0.11442965095358043 0.12814791201785145
