11 0.3079028395484092 0.19370199692780338 0.08005473828258639 0.03840245775729647
13 0.6799521040027369 0.31797235023041476 0.1542935340403695 0.19293394777265746
0 0.5759493670886076 0.37480798771121354 0.09544988026000684 0.12165898617511521
6 0.325350667122819 0.24408602150537634 0.09852890865549094 0.0912442396313364
0 0.5660280533698255 0.3861751152073733 0.12008210742387958 0.1443932411674347
11 0.7112555593568252 0.1932411674347158 0.10126582278481013 0.05837173579109063
13 0.3359562093739309 0.2966205837173579 0.15874101950051317 0.1490015360983103
11 0.6850838179952105 0.19016897081413212 0.09887102292165584 0.04546850998463902
3 0.5595278823126925 0.6625192012288786 0.4047211768730756 0.13179723502304147
0 0.5797126240164214 0.3956989247311828 0.09818679438932604 0.12903225806451613
11 0.6905576462538487 0.20629800307219662 0.1515566199110503 0.08325652841781873
7 0.325350667122819 0.24408602150537634 0.09852890865549094 0.0912442396313364
11 0.23041395826205952 0.26328725038402456 0.0749230242901129 0.08786482334869432
7 0.2682175846732809 0.23778801843317973 0.11973999315771468 0.12043010752688173
13 0.7220321587410194 0.2447004608294931 0.10434485118029421 0.03655913978494624
