5 0.21223958333333334 0.4930555555555556 0.2934027777777778 0.4583333333333333
5 0.6783854166666666 0.5182291666666666 0.16927083333333334 0.19270833333333334
0 0.5234375 0.3392361111111111 0.10590277777777778 0.08125
13 0.6727430555555556 0.5133680555555555 0.1779513888888889 0.16701388888888888
13 0.2074652777777778 0.5486111111111112 0.2222222222222222 0.2604166666666667
9 0.2074652777777778 0.5486111111111112 0.2222222222222222 0.2604166666666667
3 0.5123697916666666 0.6706597222222223 0.42578125 0.159375
13 0.1931423611111111 0.3828125 0.13020833333333334 0.09270833333333334
0 0.5203993055555556 0.3685763888888889 0.12152777777777778 0.121875
13 0.1968315972222222 0.3515625 0.1427951388888889 0.16354166666666667
5 0.6764322916666666 0.5515625 0.20963541666666666 0.34270833333333334
5 0.2074652777777778 0.5486111111111112 0.2222222222222222 0.2604166666666667
9 0.6783854166666666 0.5182291666666666 0.16927083333333334 0.19270833333333334
13 0.2013888888888889 0.5960069444444445 0.2586805555555556 0.28229166666666666
0 0.5227864583333334 0.3519097222222222 0.11328125 0.09618055555555556
13 0.6783854166666666 0.5182291666666666 0.16927083333333334 0.19270833333333334
13 0.19661458333333334 0.33125 0.12586805555555555 0.13541666666666666
