8 0.21520719311962472 0.5814123673618734 0.1583268178264269 0.27588730332967437
8 0.7658326817826427 0.5517746066593487 0.019546520719311962 0.01756311745334797
13 0.22146207974980453 0.5541529454811562 0.07623143080531665 0.031833150384193196
8 0.849687255668491 0.5058543724844493 0.016810007818608287 0.03476033662641786
9 0.7734558248631743 0.526344676180022 0.08483189992181392 0.07939992682034394
9 0.21579358874120408 0.5876326381266008 0.15559030492572323 0.287596048298573
2 0.7804925723221267 0.5250640321990486 0.09343236903831117 0.06439809732894256
11 0.10281469898358092 0.8602268569337724 0.02501954652071931 0.04903036955726308
11 0.826817826426896 0.9390779363336992 0.03127443315089914 0.05378704720087816
10 0.09831899921813918 0.8686425173801683 0.05981235340109461 0.08708379070618368
11 0.7933932759968726 0.7934504207830223 0.06841282251759187 0.10281741675814124
10 0.8313135261923378 0.9185876326381266 0.07232212666145427 0.09623124771313575
9 0.7930023455824863 0.7941822173435785 0.07857701329163409 0.10135382363702891
11 0.7930023455824863 0.7941822173435785 0.07857701329163409 0.10135382363702891
10 0.826817826426896 0.9390779363336992 0.03127443315089914 0.05378704720087816
9 0.19761532447224395 0.8016831320892792 0.1872556684910086 0.11928283937065495
2 0.7734558248631743 0.526344676180022 0.08483189992181392 0.07939992682034394
9 0.7896794370602033 0.7885107939992682 0.08053166536356529 0.1119648737650933
11 0.09831899921813918 0.8686425173801683 0.05981235340109461 0.08708379070618368
8 0.8131352619233776 0.5336626417855836 0.008600469116497263 0.012074643249176729
2 0.21579358874120408 0.5876326381266008 0.15559030492572323 0.287596048298573
2 0.18901485535574666 0.5503110135382364 0.10672400312744332 0.27661909989023054
11 0.8313135261923378 0.9185876326381266 0.07232212666145427 0.09623124771313575
8 0.7382720875684128 0.5047566776436151 0.01524628616106333 0.014270032930845226
10 0.10281469898358092 0.8602268569337724 0.02501954652071931 0.04903036955726308
2 0.5691946833463644 0.314123673618734 0.03205629397967162 0.05378704720087816
8 0.21833463643471462 0.3402854006586169 0.012118842845973418 0.012440541529454811
11 0.10594214229867084 0.871203805342115 0.05707584050039093 0.06586169045005488
