0 1743.0 877.5 314.0 343.0
13 2286.5 1080.5 45.0 115.0
8 2045.0 1155.0 30.0 24.0
8 2255.0 1630.0 56.0 56.0
8 1110.5 1707.5 59.0 43.0
8 1326.0 433.0 12.0 18.0
8 2268.0 1699.5 62.0 51.0
8 2067.0 1778.0 42.0 50.0
8 1989.0 477.0 34.0 32.0
8 2071.5 1785.5 25.0 25.0
8 1988.0 472.5 16.0 39.0
2 2246.5 1738.5 89.0 47.0
8 2048.5 1155.0 31.0 28.0
11 1842.5 394.5 95.0 83.0
8 1897.5 633.5 29.0 53.0
0 1770.0 829.5 256.0 209.0
13 2402.5 1552.0 55.0 130.0
2 2403.5 1545.0 71.0 144.0
8 2365.0 1794.0 38.0 30.0
2 2246.5 1742.5 109.0 49.0
8 1448.0 1509.0 42.0 44.0
2 2241.5 1742.0 85.0 32.0
8 2021.5 1295.5 61.0 49.0
8 1895.0 635.5 38.0 49.0
8 1900.0 1672.0 32.0 74.0
11 1312.0 380.5 160.0 43.0
13 1367.5 867.5 61.0 293.0
8 2263.0 1698.0 62.0 76.0
8 1381.5 1533.5 37.0 31.0
8 2183.5 1317.0 45.0 48.0
8 2258.5 1627.0 67.0 56.0
8 2185.0 1318.0 42.0 52.0
8 2262.0 1662.0 72.0 128.0
2 2416.5 1556.0 67.0 168.0
8 1991.0 481.5 38.0 51.0
8 900.0 1463.0 58.0 70.0
2 1722.5 841.0 157.0 226.0
8 1906.5 765.5 55.0 49.0
0 1760.0 898.5 284.0 379.0
