10 0.10935302390998594 0.8026695526695526 0.057665260196905765 0.08080808080808081
10 0.8150492264416315 0.8547979797979798 0.052742616033755275 0.07900432900432901
5 0.35390295358649787 0.31385281385281383 0.1860056258790436 0.3268398268398268
10 0.8189170182841069 0.8686868686868687 0.04430379746835443 0.05194805194805195
10 0.12078059071729957 0.8234126984126984 0.07067510548523206 0.0891053391053391
0 0.584915611814346 0.3208874458874459 0.1149789029535865 0.10786435786435787
11 0.11761603375527427 0.8071789321789322 0.061533052039381156 0.05519480519480519
13 0.40594233473980307 0.17243867243867245 0.13959212376933897 0.08585858585858586
9 0.4623769338959212 0.5102813852813853 0.19479606188466947 0.5068542568542569
11 0.8150492264416315 0.8547979797979798 0.052742616033755275 0.07900432900432901
9 0.4947257383966245 0.4375901875901876 0.23769338959212377 0.6031746031746031
10 0.8106540084388185 0.8701298701298701 0.06645569620253164 0.07215007215007214
11 0.12078059071729957 0.8234126984126984 0.07067510548523206 0.0891053391053391
10 0.11761603375527427 0.8071789321789322 0.061533052039381156 0.05519480519480519
11 0.8189170182841069 0.8686868686868687 0.04430379746835443 0.05194805194805195
11 0.10935302390998594 0.8026695526695526 0.057665260196905765 0.08080808080808081
11 0.8106540084388185 0.8701298701298701 0.06645569620253164 0.07215007215007214
