10 0.903871248368856 0.8246539222148979 0.03653762505437146 0.05669083717864205
11 0.6628969117007395 0.20319709953856296 0.275772074815137 0.15524060646011867
1 0.6889952153110048 0.43655240606460116 0.34797738147020446 0.6133816743572841
11 0.6615919965202262 0.19924192485168096 0.28621139625924313 0.16974291364535268
1 0.7292301000434972 0.36733684904416614 0.293605915615485 0.3015820698747528
7 0.6889952153110048 0.43655240606460116 0.34797738147020446 0.6133816743572841
13 0.7270552414093084 0.31789716545814106 0.26750761200521966 0.1961107448912327
1 0.7270552414093084 0.31789716545814106 0.26750761200521966 0.1961107448912327
10 0.8925619834710744 0.8197099538562953 0.05741626794258373 0.08042188529993408
11 0.8925619834710744 0.8197099538562953 0.05741626794258373 0.08042188529993408
13 0.7292301000434972 0.36733684904416614 0.293605915615485 0.3015820698747528
11 0.903871248368856 0.8246539222148979 0.03653762505437146 0.05669083717864205
