11 0.3679465776293823 0.2209964412811388 0.16026711185308848 0.07686832740213523
3 0.5904841402337229 0.6955516014234876 0.41969949916527544 0.11281138790035587
11 0.647245409015025 0.21921708185053382 0.19265442404006677 0.0804270462633452
3 0.5889816360601001 0.6903914590747331 0.4020033388981636 0.13238434163701068
3 0.5791318864774624 0.7101423487544484 0.41836393989983306 0.14483985765124555
0 0.5691151919866444 0.398932384341637 0.09782971619365609 0.11814946619217082
11 0.6432387312186978 0.20053380782918148 0.14257095158597663 0.051601423487544484
11 0.3717863105175292 0.20836298932384342 0.12654424040066778 0.03665480427046263
0 0.5547579298831385 0.3925266903914591 0.1358931552587646 0.1423487544483986
0 0.5734557595993323 0.40320284697508896 0.12053422370617696 0.1501779359430605
