13 497.5 1244.0 699.0 1640.0
5 529.5 962.5 473.0 373.0
8 1587.0 937.5 14.0 19.0
8 1567.5 1027.5 21.0 27.0
13 702.0 564.0 140.0 170.0
11 670.0 433.0 244.0 148.0
6 1507.0 1261.5 370.0 667.0
13 529.5 962.5 473.0 373.0
13 1456.0 1713.0 350.0 616.0
13 227.0 2255.5 64.0 171.0
11 1246.5 393.5 261.0 81.0
8 1585.5 937.0 23.0 28.0
8 1580.0 986.5 20.0 19.0
6 497.5 1244.0 699.0 1640.0
6 1456.0 1713.0 350.0 616.0
6 466.0 1527.0 456.0 692.0
11 1676.0 2215.0 94.0 286.0
6 449.5 1531.5 427.0 629.0
13 515.0 781.0 452.0 776.0
13 1560.5 1739.5 339.0 265.0
5 466.0 1527.0 456.0 692.0
8 1560.5 1739.5 339.0 265.0
13 449.5 1531.5 427.0 629.0
11 1616.5 2246.5 119.0 131.0
6 1503.5 1549.0 495.0 990.0
11 679.5 428.5 205.0 105.0
10 1676.0 2215.0 94.0 286.0
8 1578.5 980.0 15.0 12.0
8 1564.5 1026.5 11.0 19.0
5 1503.5 1549.0 495.0 990.0
13 1400.0 633.5 80.0 163.0
13 1424.0 613.5 126.0 171.0
