11 0.9065040650406504 0.5987745098039216 0.05894308943089431 0.0769607843137255
11 0.1252540650406504 0.6279411764705882 0.05030487804878049 0.08725490196078431
10 0.1252540650406504 0.6279411764705882 0.05030487804878049 0.08725490196078431
0 0.6209349593495935 0.28137254901960784 0.15447154471544716 0.1784313725490196
7 0.15040650406504066 0.5975490196078431 0.06605691056910569 0.08529411764705883
10 0.9065040650406504 0.5987745098039216 0.05894308943089431 0.0769607843137255
10 0.8869410569105691 0.578921568627451 0.10315040650406504 0.14215686274509803
7 0.90625 0.6061274509803921 0.05233739837398374 0.09558823529411764
0 0.6300813008130082 0.2767156862745098 0.1483739837398374 0.15343137254901962
0 0.6059451219512195 0.28627450980392155 0.1559959349593496 0.1480392156862745
3 0.616869918699187 0.5816176470588236 0.4573170731707317 0.12598039215686274
3 0.6227134146341463 0.5612745098039216 0.46189024390243905 0.1627450980392157
