5 0.2234251968503937 0.3680013020833333 0.2043307086614173 0.1337890625
1 0.1769685039370079 0.390625 0.14763779527559054 0.1171875
6 0.2438976377952756 0.4427083333333333 0.3232283464566929 0.3704427083333333
4 0.23858267716535433 0.4640299479166667 0.28346456692913385 0.2913411458333333
4 0.2234251968503937 0.3680013020833333 0.2043307086614173 0.1337890625
6 0.7645669291338583 0.384765625 0.24566929133858267 0.4850260416666667
7 0.7553149606299212 0.3841145833333333 0.2358267716535433 0.48828125
4 0.7437007874015747 0.23323567708333334 0.16299212598425197 0.1943359375
13 0.24783464566929134 0.4695638020833333 0.30275590551181103 0.3779296875
4 0.8011811023622047 0.4651692708333333 0.15433070866141732 0.119140625
4 0.1769685039370079 0.390625 0.14763779527559054 0.1171875
3 0.5635826771653544 0.5569661458333334 0.44763779527559056 0.15234375
8 0.1769685039370079 0.390625 0.14763779527559054 0.1171875
4 0.7553149606299212 0.3841145833333333 0.2358267716535433 0.48828125
3 0.5683070866141732 0.5673828125 0.44212598425196853 0.16276041666666666
13 0.7592519685039371 0.43310546875 0.255511811023622 0.4046223958333333
7 0.23858267716535433 0.4640299479166667 0.28346456692913385 0.2913411458333333
