11 0.2126736111111111 0.30746527777777777 0.20399305555555555 0.25590277777777776
10 0.2183159722222222 0.48541666666666666 0.2821180555555556 0.4638888888888889
0 0.5590277777777778 0.38229166666666664 0.15711805555555555 0.15347222222222223
13 0.216796875 0.5300347222222223 0.07335069444444445 0.051041666666666666
7 0.2523871527777778 0.5324652777777777 0.1228298611111111 0.059375
13 0.2189670138888889 0.5222222222222223 0.07421875 0.09027777777777778
7 0.267578125 0.5725694444444445 0.2261284722222222 0.15486111111111112
13 0.267578125 0.5810763888888889 0.2131076388888889 0.06493055555555556
10 0.162109375 0.5848958333333333 0.22526041666666666 0.2795138888888889
0 0.5698784722222222 0.3993055555555556 0.1484375 0.17708333333333334
0 0.5631510416666666 0.38350694444444444 0.1462673611111111 0.153125
9 0.3687065972222222 0.2923611111111111 0.0959201388888889 0.25416666666666665
3 0.5460069444444444 0.6329861111111111 0.4609375 0.17083333333333334
10 0.1994357638888889 0.5607638888888888 0.23133680555555555 0.41041666666666665
