4 0.6578758521707929 0.3707865168539326 0.19842124147829207 0.2389513108614232
3 0.5444922856117689 0.7172284644194756 0.46968066020810906 0.19250936329588014
10 0.8580911374237531 0.7780898876404494 0.06279153211338356 0.08127340823970038
7 0.6578758521707929 0.3707865168539326 0.19842124147829207 0.2389513108614232
8 0.6469321851453176 0.38108614232209737 0.21528525296017223 0.2842696629213483
10 0.8717258701112307 0.7926966292134832 0.03839253677789738 0.07153558052434457
10 0.11589522784355938 0.7891385767790262 0.06099748833871547 0.0853932584269663
7 0.25834230355220666 0.7215355805243445 0.14998205956225333 0.1441947565543071
11 0.11589522784355938 0.7891385767790262 0.06099748833871547 0.0853932584269663
10 0.8107283817725153 0.8140449438202247 0.1496232508073197 0.05355805243445693
11 0.8580911374237531 0.7780898876404494 0.06279153211338356 0.08127340823970038
10 0.11338356655902404 0.800936329588015 0.05956225331898098 0.1052434456928839
10 0.18299246501614638 0.8172284644194756 0.19232149264442053 0.07565543071161049
8 0.637064944384643 0.39194756554307114 0.2565482597775386 0.2812734082397004
7 0.22138500179404377 0.753558052434457 0.077502691065662 0.08389513108614233
11 0.8717258701112307 0.7926966292134832 0.03839253677789738 0.07153558052434457
7 0.6469321851453176 0.38108614232209737 0.21528525296017223 0.2842696629213483
