13 800.5 939.5 331.0 353.0
1 721.5 781.0 529.0 520.0
13 768.5 879.5 405.0 413.0
11 1670.0 489.5 428.0 127.0
13 571.0 1139.5 324.0 91.0
11 331.5 2543.0 145.0 268.0
11 2204.5 2279.0 123.0 334.0
0 1406.0 1107.0 350.0 434.0
13 721.5 781.0 529.0 520.0
10 331.5 2543.0 145.0 268.0
11 333.0 2525.5 132.0 287.0
13 554.5 1135.5 291.0 83.0
13 651.5 1994.5 269.0 237.0
11 2219.0 2252.0 148.0 470.0
11 833.5 696.0 677.0 426.0
11 358.0 2552.5 168.0 291.0
11 789.0 589.0 298.0 220.0
11 1649.5 563.5 579.0 211.0
10 2187.5 2217.0 171.0 246.0
13 1923.0 1326.0 546.0 334.0
1 1680.0 512.5 372.0 139.0
13 583.5 1140.0 345.0 84.0
6 661.5 2015.5 241.0 215.0
13 1976.5 1329.0 535.0 360.0
11 2187.5 2217.0 171.0 246.0
13 1920.5 1390.5 581.0 489.0
