7 0.2560763888888889 0.3897569444444444 0.1484375 0.10798611111111112
8 0.2306857638888889 0.3836805555555556 0.1948784722222222 0.13680555555555557
7 0.2072482638888889 0.5196180555555555 0.2052951388888889 0.15381944444444445
4 0.2521701388888889 0.3873263888888889 0.15364583333333334 0.090625
13 0.2306857638888889 0.3836805555555556 0.1948784722222222 0.13680555555555557
4 0.2560763888888889 0.3897569444444444 0.1484375 0.10798611111111112
10 0.1950954861111111 0.5692708333333333 0.33203125 0.30520833333333336
10 0.1929253472222222 0.5522569444444444 0.2973090277777778 0.19756944444444444
10 0.185546875 0.5475694444444444 0.2825520833333333 0.23055555555555557
7 0.19835069444444445 0.5164930555555556 0.2508680555555556 0.11701388888888889
