9 0.3053385416666667 0.6837565104166666 0.08854166666666667 0.06673177083333333
10 0.23665364583333334 0.7669270833333334 0.039713541666666664 0.0625
11 0.23665364583333334 0.7669270833333334 0.039713541666666664 0.0625
11 0.23193359375 0.7779947916666666 0.033528645833333336 0.054036458333333336
3 0.55908203125 0.5994466145833334 0.3818359375 0.1240234375
0 0.56787109375 0.3444010416666667 0.11295572916666667 0.134765625
0 0.5693359375 0.341796875 0.11002604166666667 0.12109375
11 0.8017578125 0.7049153645833334 0.038411458333333336 0.06803385416666667
11 0.7998046875 0.7156575520833334 0.041015625 0.058268229166666664
10 0.7998046875 0.7156575520833334 0.041015625 0.058268229166666664
3 0.56787109375 0.6018880208333334 0.3883463541666667 0.119140625
3 0.576171875 0.59228515625 0.404296875 0.14485677083333334
0 0.5681966145833334 0.3284505208333333 0.1083984375 0.10611979166666667
