7 0.2507142857142857 0.492152466367713 0.16142857142857142 0.06374119154388212
8 0.4282142857142857 0.31758488148622677 0.11428571428571428 0.12716207559256887
6 0.22857142857142856 0.36739269698910954 0.20857142857142857 0.30557335041639977
11 0.9255357142857142 0.856181934657271 0.023928571428571428 0.04548366431774504
7 0.2425 0.48814862267777065 0.16785714285714284 0.07046764894298527
8 0.4325 0.31598334401024986 0.10785714285714286 0.12395900064061499
11 0.41035714285714286 0.1675208199871877 0.15142857142857144 0.033311979500320305
8 0.4348214285714286 0.31550288276745675 0.11321428571428571 0.12556053811659193
10 0.9255357142857142 0.856181934657271 0.023928571428571428 0.04548366431774504
10 0.25339285714285714 0.5757527226137091 0.2975 0.29564381806534273
6 0.8430357142857143 0.6873798846893018 0.1225 0.1185137732222934
0 0.6191071428571429 0.3659513132607303 0.13607142857142857 0.12331838565022421
9 0.26571428571428574 0.6478219090326713 0.3335714285714286 0.24311338885329917
11 0.6807142857142857 0.17648942985265856 0.12642857142857142 0.021780909673286355
10 0.26517857142857143 0.5978539397821909 0.3460714285714286 0.24887892376681614
