11 0.6260850694444444 0.1795138888888889 0.1323784722222222 0.03611111111111111
13 0.7003038194444444 0.5338541666666666 0.038628472222222224 0.042708333333333334
11 0.4071180555555556 0.18524305555555556 0.10243055555555555 0.02673611111111111
13 0.2465277777777778 0.3527777777777778 0.08159722222222222 0.03125
9 0.2647569444444444 0.35347222222222224 0.06076388888888889 0.03194444444444444
0 0.59765625 0.34565972222222224 0.1171875 0.14548611111111112
0 0.5920138888888888 0.3342013888888889 0.1111111111111111 0.13020833333333334
13 0.2621527777777778 0.35746527777777776 0.07899305555555555 0.03298611111111111
0 0.5818142361111112 0.32274305555555555 0.1384548611111111 0.11284722222222222
13 0.2966579861111111 0.4913194444444444 0.07942708333333333 0.07013888888888889
8 0.3741319444444444 0.4276041666666667 0.021701388888888888 0.016319444444444445
