7 0.7584576209530739 0.40578539107950873 0.2204437977446344 0.2763413057530705
13 0.7584576209530739 0.40578539107950873 0.2204437977446344 0.2763413057530705
9 0.7442706438704983 0.6814802844214609 0.2830120043652237 0.11473820297349709
12 0.714623499454347 0.18859082094376212 0.2768279374317934 0.15287653522947642
12 0.7162604583484904 0.20782159017453136 0.2306293197526373 0.14544279250161604
13 0.7890141869770826 0.3369424692954105 0.12295380138232084 0.11926308985132515
13 0.7260822117133503 0.4204912734324499 0.22699163332120773 0.07433742727860375
11 0.6907966533284831 0.16548157724628312 0.1840669334303383 0.0691661279896574
13 0.7535467442706438 0.3867162249515191 0.205529283375773 0.18067226890756302
12 0.7048017460894871 0.22010342598577892 0.21134958166606038 0.17129928894634777
