3 0.62548828125 0.5875651041666666 0.3590494791666667 0.10872395833333333
13 0.390625 0.4786783854166667 0.18098958333333334 0.11360677083333333
7 0.404296875 0.4609375 0.13802083333333334 0.095703125
0 0.63134765625 0.2942708333333333 0.08365885416666667 0.07161458333333333
6 0.390625 0.4786783854166667 0.18098958333333334 0.11360677083333333
13 0.3767903645833333 0.4599609375 0.16959635416666666 0.103515625
3 0.6204427083333334 0.5751953125 0.3619791666666667 0.07877604166666667
5 0.3767903645833333 0.4599609375 0.16959635416666666 0.103515625
0 0.62744140625 0.2978515625 0.0908203125 0.07096354166666667
6 0.3767903645833333 0.4599609375 0.16959635416666666 0.103515625
