13 0.6414930555555556 0.2829861111111111 0.2222222222222222 0.25625
9 0.3999565972222222 0.46475694444444443 0.1636284722222222 0.5010416666666667
13 0.6404079861111112 0.28125 0.21484375 0.20555555555555555
11 0.7463107638888888 0.5857638888888889 0.08550347222222222 0.10277777777777777
0 0.5529513888888888 0.29670138888888886 0.13975694444444445 0.1607638888888889
6 0.7228732638888888 0.5258680555555556 0.15494791666666666 0.17118055555555556
6 0.6414930555555556 0.2829861111111111 0.2222222222222222 0.25625
3 0.5219184027777778 0.5866319444444444 0.3884548611111111 0.1371527777777778
0 0.5542534722222222 0.2760416666666667 0.1284722222222222 0.1111111111111111
13 0.6519097222222222 0.2838541666666667 0.16927083333333334 0.215625
10 0.7463107638888888 0.5857638888888889 0.08550347222222222 0.10277777777777777
0 0.5523003472222222 0.2791666666666667 0.13585069444444445 0.10208333333333333
