10 0.7319266055045871 0.5997242647058824 0.30495412844036696 0.7245710784313726
9 0.3543119266055046 0.08854166666666667 0.08110091743119266 0.14399509803921567
12 0.7211009174311926 0.3056066176470588 0.258348623853211 0.19638480392156862
10 0.09100917431192661 0.8468137254901961 0.04477064220183486 0.06495098039215687
7 0.7757798165137615 0.5793504901960784 0.19596330275229357 0.2113970588235294
12 0.724954128440367 0.30575980392156865 0.27706422018348625 0.20833333333333334
9 0.7161467889908257 0.15471813725490197 0.12660550458715597 0.06862745098039216
7 0.7207339449541285 0.32643995098039214 0.25027522935779817 0.16513480392156862
9 0.9108256880733945 0.6600796568627451 0.12330275229357798 0.6142769607843137
9 0.7111926605504587 0.5456495098039216 0.32 0.3431372549019608
9 0.9411009174311926 0.6905637254901961 0.08990825688073395 0.5300245098039216
7 0.8157798165137614 0.8465073529411765 0.14972477064220183 0.20036764705882354
7 0.7794495412844037 0.6089154411764706 0.19669724770642202 0.15900735294117646
9 0.6089908256880734 0.1485906862745098 0.5471559633027523 0.10661764705882353
9 0.703302752293578 0.10248161764705882 0.16110091743119265 0.19209558823529413
11 0.09100917431192661 0.8468137254901961 0.04477064220183486 0.06495098039215687
9 0.9359633027522936 0.7892156862745098 0.09577981651376147 0.3272058823529412
7 0.7111926605504587 0.5456495098039216 0.32 0.3431372549019608
