4 0.3595993322203673 0.30016806722689077 0.12220367278797997 0.1438655462184874
13 0.7889816360601002 0.5329411764705883 0.08480801335559265 0.1146218487394958
11 0.3976627712854758 0.22605042016806723 0.09282136894824708 0.20672268907563024
10 0.2734557595993322 0.4998319327731092 0.3252086811352254 0.7529411764705882
7 0.31986644407345577 0.25949579831932773 0.18163606010016695 0.20840336134453782
9 0.7863105175292153 0.514453781512605 0.07345575959933222 0.06285714285714286
7 0.30767946577629385 0.2852100840336134 0.1626043405676127 0.19126050420168067
0 0.584474123539232 0.3492436974789916 0.1018363939899833 0.09949579831932773
13 0.7918196994991653 0.5134453781512605 0.09515859766277128 0.08571428571428572
10 0.29031719532554257 0.4616806722689076 0.36293823038397327 0.704873949579832
10 0.2989983305509182 0.5684033613445378 0.2948247078464107 0.48
11 0.26510851419031717 0.22436974789915967 0.1682804674457429 0.2080672268907563
0 0.5791318864774624 0.35394957983193276 0.1318864774624374 0.133781512605042
