0 0.5581123244929798 0.3506666666666667 0.15834633385335414 0.17
13 0.6893525741029641 0.31466666666666665 0.07839313572542901 0.06933333333333333
13 0.7273790951638065 0.2876666666666667 0.18642745709828393 0.108
9 0.43525741029641185 0.30333333333333334 0.15912636505460218 0.3426666666666667
6 0.2716458658346334 0.3515 0.24141965678627145 0.271
6 0.265990639625585 0.369 0.16380655226209048 0.3453333333333333
11 0.3264430577223089 0.1845 0.16614664586583464 0.039
7 0.26774570982839313 0.6208333333333333 0.12207488299531981 0.10033333333333333
0 0.547386895475819 0.35583333333333333 0.14235569422776911 0.165
4 0.30635725429017163 0.608 0.06981279251170047 0.08133333333333333
13 0.7381045241809673 0.3248333333333333 0.1797971918876755 0.109
13 0.2749609984399376 0.5913333333333334 0.18408736349453977 0.23866666666666667
0 0.5446567862714509 0.35283333333333333 0.16965678627145087 0.159
7 0.2749609984399376 0.5913333333333334 0.18408736349453977 0.23866666666666667
11 0.36173946957878317 0.17683333333333334 0.19305772230889234 0.073
1 0.2716458658346334 0.3515 0.24141965678627145 0.271
13 0.265990639625585 0.369 0.16380655226209048 0.3453333333333333
13 0.7919266770670826 0.3 0.09945397815912636 0.08266666666666667
13 0.2716458658346334 0.3515 0.24141965678627145 0.271
13 0.28627145085803435 0.3323333333333333 0.24570982839313574 0.26266666666666666
