0 0.608132530120482 0.2595363849765258 0.09879518072289156 0.10768779342723005
0 0.5975903614457831 0.252787558685446 0.10903614457831326 0.10534037558685445
7 0.3481927710843373 0.47857981220657275 0.21385542168674698 0.07687793427230047
11 0.7075301204819278 0.07453051643192488 0.06626506024096386 0.02699530516431925
0 0.6018072289156626 0.24354460093896713 0.08313253012048193 0.08039906103286384
9 0.37003012048192774 0.47124413145539906 0.188855421686747 0.036384976525821594
13 0.39487951807228916 0.3141138497652582 0.0391566265060241 0.019072769953051644
10 0.24924698795180722 0.49061032863849763 0.03283132530120482 0.08685446009389672
3 0.6200301204819277 0.49017018779342725 0.34126506024096387 0.09536384976525822
11 0.24924698795180722 0.49061032863849763 0.03283132530120482 0.08685446009389672
7 0.37003012048192774 0.47124413145539906 0.188855421686747 0.036384976525821594
10 0.26506024096385544 0.45994718309859156 0.06144578313253012 0.10123239436619719
11 0.26506024096385544 0.45994718309859156 0.06144578313253012 0.10123239436619719
