3 0.5282118055555556 0.5223958333333333 0.4470486111111111 0.13923611111111112
11 0.5516493055555556 0.10729166666666666 0.1892361111111111 0.04236111111111111
11 0.24739583333333334 0.11388888888888889 0.1328125 0.027083333333333334
3 0.5173611111111112 0.5074652777777777 0.4236111111111111 0.13993055555555556
0 0.4592013888888889 0.26927083333333335 0.1232638888888889 0.10381944444444445
0 0.453125 0.265625 0.15104166666666666 0.1125
3 0.5190972222222222 0.5354166666666667 0.4383680555555556 0.11319444444444444
0 0.4646267361111111 0.2760416666666667 0.11241319444444445 0.09236111111111112
11 0.2578125 0.12361111111111112 0.16666666666666666 0.041666666666666664
11 0.537109375 0.11215277777777778 0.13932291666666666 0.03819444444444445
