13 0.7965 0.6564542483660131 0.148 0.0784313725490196
9 0.708 0.7075163398692811 0.335 0.14215686274509803
13 0.78025 0.6315359477124183 0.0935 0.025326797385620915
3 0.5275 0.7113970588235294 0.457 0.1948529411764706
13 0.84575 0.6711601307189542 0.0475 0.05310457516339869
11 0.8665 0.7538807189542484 0.067 0.09109477124183006
11 0.75575 0.6323529411764706 0.1565 0.03676470588235294
13 0.21 0.5545343137254902 0.159 0.05269607843137255
13 0.2185 0.5602532679738562 0.17 0.06740196078431372
10 0.8665 0.7538807189542484 0.067 0.09109477124183006
13 0.224 0.5492238562091504 0.168 0.06658496732026144
11 0.83325 0.6756535947712419 0.0495 0.04330065359477124
