10 0.3120659722222222 0.3637152777777778 0.3350694444444444 0.5489583333333333
10 0.9214409722222222 0.5814236111111111 0.051215277777777776 0.0642361111111111
3 0.6061197916666666 0.4328125 0.4544270833333333 0.203125
11 0.9214409722222222 0.5814236111111111 0.051215277777777776 0.0642361111111111
7 0.3350694444444444 0.33229166666666665 0.15364583333333334 0.15416666666666667
10 0.9233940972222222 0.5829861111111111 0.06293402777777778 0.08888888888888889
13 0.8665364583333334 0.4461805555555556 0.07682291666666667 0.11388888888888889
6 0.3246527777777778 0.30625 0.18055555555555555 0.21180555555555555
3 0.630859375 0.4517361111111111 0.3962673611111111 0.25277777777777777
10 0.3075086805555556 0.3026041666666667 0.3355034722222222 0.465625
7 0.8665364583333334 0.4461805555555556 0.07682291666666667 0.11388888888888889
11 0.9233940972222222 0.5829861111111111 0.06293402777777778 0.08888888888888889
7 0.3246527777777778 0.30625 0.18055555555555555 0.21180555555555555
10 0.3231336805555556 0.33697916666666666 0.3459201388888889 0.5350694444444445
7 0.3138020833333333 0.36163194444444446 0.18489583333333334 0.14270833333333333
