0 1344.5 1192.5 367.0 523.0
0 1289.0 1189.0 502.0 564.0
11 381.0 2073.0 88.0 414.0
11 413.0 2197.5 108.0 205.0
13 1617.5 640.0 241.0 220.0
1 772.0 683.5 470.0 383.0
5 1796.0 1478.0 442.0 1358.0
7 683.0 1986.0 360.0 440.0
13 1756.0 908.0 366.0 430.0
13 661.0 1312.0 516.0 1126.0
13 628.5 1083.5 495.0 673.0
7 607.0 1760.0 492.0 866.0
9 1617.5 640.0 241.0 220.0
11 390.0 2209.0 178.0 218.0
11 810.5 685.5 565.0 303.0
10 413.0 2197.5 108.0 205.0
13 596.0 1401.5 418.0 1345.0
10 390.0 2209.0 178.0 218.0
11 696.0 1258.0 822.0 1434.0
0 1326.5 1173.0 399.0 486.0
