7 0.28530884808013357 0.2488547120418848 0.10450751252086811 0.10700261780104713
6 0.6984974958263773 0.2418193717277487 0.15559265442404008 0.11910994764397906
13 0.6858096828046745 0.23854712041884818 0.1275459098497496 0.0693717277486911
0 0.5580968280467445 0.3849803664921466 0.1031719532554257 0.10569371727748691
6 0.3131886477462437 0.28893979057591623 0.18363939899833054 0.1531413612565445
13 0.3131886477462437 0.28893979057591623 0.18363939899833054 0.1531413612565445
13 0.2978297161936561 0.26407068062827227 0.18230383973288813 0.17146596858638743
0 0.5637729549248748 0.39070680628272253 0.09849749582637729 0.11649214659685864
13 0.6984974958263773 0.2418193717277487 0.15559265442404008 0.11910994764397906
0 0.5537562604340568 0.387598167539267 0.10651085141903172 0.11420157068062828
11 0.6529215358931553 0.162630890052356 0.11385642737896494 0.05366492146596859
