2 0.8196975571927103 0.4447348767737117 0.09073284218689415 0.2867811799850635
13 0.8390849166343544 0.5399551904406273 0.05816207832493214 0.07542942494398805
13 0.7097712291585886 0.25485436893203883 0.0670802636680884 0.0847647498132935
13 0.6965878247382706 0.30489171023151607 0.053896859247770455 0.09372666168782674
2 0.8357890655292749 0.5390216579536968 0.05234587049243893 0.07505601194921584
13 0.7237301279565723 0.27408513816280805 0.08259015122140365 0.070201643017177
0 0.6081814656843738 0.35268857356236 0.09732454439705313 0.1340552651232263
13 0.841993020550601 0.4275578790141897 0.07095773555641721 0.07318894697535475
9 0.7097712291585886 0.25485436893203883 0.0670802636680884 0.0847647498132935
0 0.6163241566498643 0.3347647498132935 0.09034509499806126 0.09746079163554892
2 0.8293912369135323 0.42419716206123975 0.0550601008142691 0.05451829723674384
13 0.8196975571927103 0.4447348767737117 0.09073284218689415 0.2867811799850635
2 0.7097712291585886 0.25485436893203883 0.0670802636680884 0.0847647498132935
3 0.6099263280341217 0.7154592979835698 0.4017060876308647 0.15832710978342046
