9 0.2879746835443038 0.64375 0.0938818565400844 0.047685185185185185
2 0.2858649789029536 0.6456018518518518 0.09177215189873418 0.0375
0 0.5986286919831224 0.33055555555555555 0.1371308016877637 0.12222222222222222
9 0.13897679324894516 0.18217592592592594 0.2610759493670886 0.2569444444444444
11 0.3512658227848101 0.1701388888888889 0.1571729957805907 0.06157407407407407
0 0.5944092827004219 0.3194444444444444 0.14135021097046413 0.09722222222222222
3 0.614451476793249 0.638425925925926 0.4472573839662447 0.125
9 0.2858649789029536 0.6456018518518518 0.09177215189873418 0.0375
9 0.15348101265822786 0.15324074074074073 0.30168776371308015 0.1638888888888889
11 0.3681434599156118 0.1701388888888889 0.1518987341772152 0.06898148148148148
9 0.23945147679324894 0.13773148148148148 0.2563291139240506 0.1375
13 0.2708333333333333 0.6460648148148148 0.1260548523206751 0.05787037037037037
