7 0.13822115384615385 0.7794505080918329 0.1346153846153846 0.10237109522017313
1 0.30248397435897434 0.6249529544599172 0.22916666666666666 0.26533684606699287
11 0.28205128205128205 0.3400451637184795 0.20112179487179488 0.3383515242754987
4 0.3082932692307692 0.6277756868648852 0.250400641025641 0.2499059089198344
7 0.14302884615384615 0.7835905156191193 0.14342948717948717 0.12796386902521642
3 0.6324118589743589 0.7404968009032744 0.4499198717948718 0.23598042905532557
7 0.13581730769230768 0.7728641324802409 0.11858974358974358 0.10048927361686112
11 0.2676282051282051 0.3304478735415883 0.17147435897435898 0.32593150169363944
9 0.23918269230769232 0.34851336093338353 0.12419871794871795 0.2747459540835529
4 0.31971153846153844 0.6307866014301844 0.2668269230769231 0.23409860745201355
3 0.6316105769230769 0.7510350018818216 0.45232371794871795 0.22468949943545352
