3 0.5778405524168236 0.6886493341788206 0.4118016321406152 0.22257450856055802
11 0.16211550533584432 0.7025998731769182 0.05053358443188952 0.09067850348763475
0 0.5842749529190208 0.38823715916296764 0.11833019460138104 0.12270133164235891
6 0.7366603892027621 0.5594483195941662 0.1807909604519774 0.13982244768547875
7 0.3352165725047081 0.4819277108433735 0.2755806654111739 0.5123652504755866
4 0.3248587570621469 0.4792327203551046 0.26239799121155055 0.5285351934051997
3 0.5875706214689266 0.6846861128725428 0.39296924042686754 0.23493975903614459
11 0.38261142498430634 0.22209892200380468 0.10546139359698682 0.03836398224476855
4 0.30524168236032645 0.47114774889029803 0.26710608913998746 0.4438807863031072
4 0.3352165725047081 0.4819277108433735 0.2755806654111739 0.5123652504755866
11 0.1553672316384181 0.744134432466709 0.05775266792215945 0.17121116043119847
7 0.3248587570621469 0.4792327203551046 0.26239799121155055 0.5285351934051997
7 0.30524168236032645 0.47114774889029803 0.26710608913998746 0.4438807863031072
7 0.7366603892027621 0.5594483195941662 0.1807909604519774 0.13982244768547875
10 0.2768361581920904 0.734147114774889 0.3113622096672944 0.13348129359543437
10 0.16211550533584432 0.7025998731769182 0.05053358443188952 0.09067850348763475
10 0.1553672316384181 0.744134432466709 0.05775266792215945 0.17121116043119847
