11 823.5 886.5 207.0 1071.0
5 1032.0 1044.0 638.0 1350.0
11 2314.5 2124.0 93.0 198.0
11 2317.5 2155.5 145.0 191.0
13 2007.5 1026.5 609.0 1215.0
10 2347.0 2103.0 118.0 188.0
13 1032.0 1044.0 638.0 1350.0
11 1918.0 309.5 444.0 261.0
10 780.5 2108.0 155.0 216.0
10 806.5 2101.0 123.0 158.0
6 1066.5 1069.0 663.0 1520.0
5 2007.5 1026.5 609.0 1215.0
6 2016.0 1144.0 614.0 1616.0
6 1561.5 1080.5 1641.0 1935.0
11 1206.5 254.0 433.0 172.0
11 780.5 2108.0 155.0 216.0
11 780.0 2117.5 106.0 191.0
11 2347.0 2103.0 118.0 188.0
11 1884.5 222.5 443.0 241.0
1 2007.5 1026.5 609.0 1215.0
11 2214.0 638.5 292.0 489.0
10 2317.5 2155.5 145.0 191.0
9 1032.0 1044.0 638.0 1350.0
9 2007.5 1026.5 609.0 1215.0
13 1058.0 1146.5 598.0 411.0
11 806.5 2101.0 123.0 158.0
