11 0.2568493150684932 0.226827276439363 0.14888248017303532 0.08452429563086974
13 0.28172314347512617 0.29930583911800734 0.10922855082912761 0.09146590445079625
0 0.5603821196827685 0.360963658636178 0.11932227829848593 0.13556553695385873
13 0.7433309300648883 0.34054716210698244 0.09228550829127613 0.053082890975908535
13 0.7408074981975487 0.3407513270722744 0.09228550829127613 0.049407921600653326
13 0.7501802451333814 0.3615761535320539 0.11463590483056957 0.08779093507554103
11 0.2600937274693583 0.24111882400979992 0.0955299206921413 0.0518579011841568
0 0.5636265320836338 0.3630053082890976 0.11571737563085796 0.14373213556553696
0 0.5722782984859409 0.36831359738668845 0.09192501802451333 0.14291547570436913
13 0.6678082191780822 0.4505920783993467 0.07317952415284787 0.08779093507554103
2 0.5998558038932948 0.37750102082482645 0.03460706560922855 0.06655777868517762
