11 0.3916015625 0.14029947916666666 0.10416666666666667 0.0234375
11 0.20947265625 0.7189127604166666 0.06803385416666667 0.07975260416666667
10 0.20947265625 0.7189127604166666 0.06803385416666667 0.07975260416666667
11 0.21663411458333334 0.7190755208333334 0.07454427083333333 0.07421875
11 0.3893229166666667 0.14029947916666666 0.08333333333333333 0.022135416666666668
11 0.19547526041666666 0.7078450520833334 0.07454427083333333 0.14680989583333334
11 0.6433919270833334 0.15738932291666666 0.0751953125 0.0283203125
10 0.19547526041666666 0.7078450520833334 0.07454427083333333 0.14680989583333334
11 0.39599609375 0.13362630208333334 0.10579427083333333 0.025065104166666668
10 0.21663411458333334 0.7190755208333334 0.07454427083333333 0.07421875
11 0.6365559895833334 0.15576171875 0.1318359375 0.047200520833333336
