9 0.23847517730496454 0.1698047419804742 0.041666666666666664 0.030683403068340307
7 0.7752659574468085 0.5346931659693166 0.14184397163120568 0.2200139470013947
3 0.6050531914893617 0.647489539748954 0.475177304964539 0.18619246861924685
3 0.6163563829787234 0.6223849372384938 0.4782801418439716 0.16178521617852162
13 0.23847517730496454 0.1698047419804742 0.041666666666666664 0.030683403068340307
0 0.5811170212765957 0.3075313807531381 0.11613475177304965 0.09693165969316597
6 0.23847517730496454 0.1698047419804742 0.041666666666666664 0.030683403068340307
0 0.5649379432624113 0.3066596931659693 0.14671985815602837 0.1105299860529986
6 0.7752659574468085 0.5346931659693166 0.14184397163120568 0.2200139470013947
9 0.7752659574468085 0.5346931659693166 0.14184397163120568 0.2200139470013947
