8 0.21293634496919916 0.6973737373737374 0.16057494866529773 0.1511111111111111
8 0.39856262833675565 0.6094949494949495 0.10718685831622177 0.1191919191919192
10 0.20924024640657085 0.6826262626262626 0.1589322381930185 0.15151515151515152
7 0.2562628336755647 0.5032323232323233 0.04188911704312115 0.03434343434343434
7 0.3860369609856263 0.6143434343434343 0.11088295687885011 0.12161616161616162
8 0.3860369609856263 0.6143434343434343 0.11088295687885011 0.12161616161616162
8 0.2026694045174538 0.2903030303030303 0.019301848049281315 0.021414141414141413
8 0.3371663244353183 0.31696969696969696 0.0673511293634497 0.06262626262626263
7 0.1995893223819302 0.6919191919191919 0.1593429158110883 0.15636363636363637
0 0.5731006160164271 0.3466666666666667 0.0997946611909651 0.138989898989899
7 0.20924024640657085 0.6826262626262626 0.1589322381930185 0.15151515151515152
8 0.33552361396303904 0.3244444444444444 0.06899383983572896 0.07434343434343435
8 0.33572895277207393 0.31676767676767675 0.08008213552361396 0.06222222222222222
8 0.3973305954825462 0.6141414141414141 0.09486652977412731 0.11717171717171718
8 0.2562628336755647 0.5032323232323233 0.04188911704312115 0.03434343434343434
8 0.25503080082135526 0.49575757575757573 0.04188911704312115 0.04686868686868687
8 0.25831622176591373 0.4995959595959596 0.03367556468172485 0.04
0 0.5720739219712526 0.343030303030303 0.10924024640657085 0.13090909090909092
7 0.33572895277207393 0.31676767676767675 0.08008213552361396 0.06222222222222222
