11 0.8868421052631579 0.8258164852255054 0.03684210526315789 0.049144634525660966
13 0.28 0.49875583203732504 0.047017543859649125 0.03639191290824261
10 0.8868421052631579 0.8258164852255054 0.03684210526315789 0.049144634525660966
0 0.5717543859649122 0.2643856920684292 0.1056140350877193 0.11073094867807154
6 0.7177192982456141 0.24805598755832037 0.20456140350877192 0.23421461897356144
0 0.5714035087719298 0.2849144634525661 0.11263157894736842 0.14992223950233283
11 0.7136842105263158 0.17262830482115085 0.11719298245614035 0.08833592534992224
13 0.7235087719298245 0.23779160186625195 0.20771929824561403 0.2006220839813375
13 0.21719298245614035 0.30451010886469676 0.06526315789473684 0.06780715396578538
13 0.7071929824561404 0.2228615863141524 0.15543859649122807 0.1514774494556765
8 0.28 0.49875583203732504 0.047017543859649125 0.03639191290824261
9 0.28 0.49875583203732504 0.047017543859649125 0.03639191290824261
13 0.7177192982456141 0.24805598755832037 0.20456140350877192 0.23421461897356144
