3 1692.5 1603.0 1227.0 244.0
0 1657.5 844.5 391.0 487.0
9 1376.0 772.5 346.0 771.0
3 1685.5 1661.0 1221.0 380.0
11 349.5 1660.0 123.0 420.0
11 2486.5 1729.5 219.0 253.0
11 383.0 1702.5 170.0 221.0
10 383.0 1702.5 170.0 221.0
11 400.5 1688.5 147.0 265.0
11 2527.0 1789.0 156.0 186.0
10 400.5 1688.5 147.0 265.0
0 1687.5 813.5 319.0 497.0
10 2527.0 1789.0 156.0 186.0
10 2486.5 1729.5 219.0 253.0
10 349.5 1660.0 123.0 420.0
0 1660.0 769.0 390.0 338.0
11 2501.0 1805.0 166.0 276.0
11 1019.0 431.5 430.0 155.0
10 2501.0 1805.0 166.0 276.0
