8 0.6572834645669291 0.22884114583333334 0.03503937007874016 0.03515625
9 0.7710629921259843 0.265625 0.022440944881889763 0.0234375
9 0.2531496062992126 0.4778645833333333 0.024409448818897637 0.014322916666666666
9 0.9248031496062992 0.267578125 0.01732283464566929 0.022786458333333332
9 0.3303149606299213 0.13948567708333334 0.030708661417322834 0.013997395833333334
9 0.2547244094488189 0.4765625 0.03622047244094488 0.016927083333333332
9 0.914763779527559 0.3977864583333333 0.043700787401574806 0.2942708333333333
9 0.65748031496063 0.22623697916666666 0.03700787401574803 0.041015625
9 0.6572834645669291 0.22884114583333334 0.03503937007874016 0.03515625
9 0.3311023622047244 0.13883463541666666 0.03700787401574803 0.027669270833333332
9 0.09862204724409449 0.2731119791666667 0.016929133858267716 0.022135416666666668
9 0.6523622047244094 0.22721354166666666 0.026771653543307086 0.033203125
9 0.09015748031496063 0.55517578125 0.05196850393700787 0.1318359375
9 0.09192913385826772 0.5525716145833334 0.045275590551181105 0.13053385416666666
9 0.7683070866141732 0.2657877604166667 0.023228346456692913 0.0302734375
9 0.9013779527559055 0.4757486979166667 0.016929133858267716 0.1416015625
9 0.25393700787401574 0.4786783854166667 0.026771653543307086 0.013997395833333334
11 0.22618110236220473 0.18668619791666666 0.08937007874015748 0.06998697916666667
9 0.7651574803149607 0.2664388020833333 0.021653543307086614 0.021158854166666668
9 0.09940944881889764 0.2727864583333333 0.014566929133858268 0.018229166666666668
9 0.09173228346456692 0.5535481770833334 0.04015748031496063 0.12532552083333334
