0 0.5542534722222222 0.3043402777777778 0.11805555555555555 0.10798611111111112
0 0.5538194444444444 0.31840277777777776 0.13194444444444445 0.11805555555555555
3 0.5279947916666666 0.53125 0.4717881944444444 0.12777777777777777
3 0.5277777777777778 0.5498263888888889 0.484375 0.17881944444444445
11 0.8832465277777778 0.48975694444444445 0.0763888888888889 0.10798611111111112
10 0.8832465277777778 0.48975694444444445 0.0763888888888889 0.10798611111111112
0 0.5551215277777778 0.315625 0.13020833333333334 0.12291666666666666
3 0.5416666666666666 0.5133680555555555 0.4973958333333333 0.11284722222222222
9 0.7680121527777778 0.5203125 0.3546006944444444 0.0920138888888889
9 0.8151041666666666 0.4970486111111111 0.1996527777777778 0.1295138888888889
