9 1051.5 881.5 137.0 203.0
2 1275.5 911.5 99.0 125.0
2 1481.5 918.0 37.0 54.0
2 1404.5 851.0 87.0 78.0
3 1426.0 1733.5 1160.0 459.0
3 1434.0 1826.0 1176.0 332.0
8 1449.0 384.5 62.0 55.0
0 1370.5 743.5 437.0 405.0
9 1275.5 911.5 99.0 125.0
9 1549.5 993.5 65.0 95.0
2 1189.5 902.5 57.0 87.0
9 1189.5 902.5 57.0 87.0
9 1281.0 913.5 604.0 263.0
2 1549.5 993.5 65.0 95.0
9 1481.5 918.0 37.0 54.0
0 1419.0 823.0 452.0 512.0
9 1404.5 851.0 87.0 78.0
0 1427.5 836.5 469.0 545.0
3 1438.0 1744.5 1152.0 423.0
2 1051.5 881.5 137.0 203.0
