11 0.6923828125 0.20621744791666666 0.18815104166666666 0.17154947916666666
7 0.3759765625 0.2550455729166667 0.20768229166666666 0.1435546875
13 0.3798828125 0.24641927083333334 0.208984375 0.125
13 0.7298177083333334 0.2991536458333333 0.20638020833333334 0.224609375
11 0.6189778645833334 0.19140625 0.060221354166666664 0.12044270833333333
13 0.3502604166666667 0.23030598958333334 0.15364583333333334 0.1376953125
1 0.7298177083333334 0.2991536458333333 0.20638020833333334 0.224609375
11 0.6839192708333334 0.16731770833333334 0.19010416666666666 0.08463541666666667
13 0.73291015625 0.2978515625 0.19108072916666666 0.24739583333333334
13 0.3759765625 0.2550455729166667 0.20768229166666666 0.1435546875
6 0.3502604166666667 0.23030598958333334 0.15364583333333334 0.1376953125
13 0.7320963541666666 0.2664388020833333 0.16731770833333334 0.22819010416666666
