8 0.14955686853766617 0.5691833137485312 0.04357459379615953 0.02144535840188014
9 0.09970457902511078 0.6289659224441834 0.025110782865583457 0.03290246768507638
7 0.3020679468242245 0.5381903642773208 0.23855243722304284 0.26439482961222094
7 0.15048005908419498 0.5652173913043478 0.04985228951255539 0.03760282021151586
8 0.6209379615952733 0.5308460634547592 0.20199409158050222 0.1627497062279671
8 0.2972673559822747 0.5349588719153937 0.21787296898079764 0.2626321974148061
8 0.09970457902511078 0.6289659224441834 0.025110782865583457 0.03290246768507638
8 0.8242245199409158 0.44300822561692127 0.0310192023633678 0.02526439482961222
8 0.3072378138847858 0.5872502937720329 0.23190546528803546 0.17156286721504113
7 0.20365583456425407 0.3663337250293772 0.10228951255539143 0.058166862514688604
8 0.7723412112259971 0.6577555816686251 0.18353028064992616 0.14159811985898943
7 0.3072378138847858 0.5872502937720329 0.23190546528803546 0.17156286721504113
7 0.7723412112259971 0.6577555816686251 0.18353028064992616 0.14159811985898943
8 0.2712333825701625 0.4712103407755582 0.1554652880354505 0.1245593419506463
0 0.5788404726735599 0.28980611045828436 0.10081240768094535 0.07961222091656875
8 0.6357090103397341 0.5352526439482961 0.21824224519940916 0.18566392479435959
8 0.3020679468242245 0.5381903642773208 0.23855243722304284 0.26439482961222094
8 0.20993353028064993 0.36574618096357225 0.09268833087149188 0.08578143360752057
8 0.21030280649926145 0.3689776733254994 0.11410635155096012 0.08343125734430082
8 0.7319054652880355 0.6452702702702703 0.09527326440177253 0.11016451233842538
8 0.20365583456425407 0.3663337250293772 0.10228951255539143 0.058166862514688604
7 0.6209379615952733 0.5308460634547592 0.20199409158050222 0.1627497062279671
8 0.6410635155096012 0.5414218566392479 0.16912850812407682 0.14864864864864866
9 0.14955686853766617 0.5691833137485312 0.04357459379615953 0.02144535840188014
8 0.7789881831610044 0.6465922444183314 0.20199409158050222 0.15393654524089306
8 0.7350443131462334 0.6346944770857814 0.11262924667651403 0.11075205640423032
8 0.7950516986706057 0.668331374853114 0.1831610044313146 0.09224441833137485
7 0.7789881831610044 0.6465922444183314 0.20199409158050222 0.15393654524089306
