10 524.5 1817.5 413.0 471.0
11 485.5 1385.5 237.0 1133.0
11 1833.0 446.5 602.0 287.0
6 811.5 1307.0 599.0 914.0
7 2140.5 1514.5 455.0 833.0
11 1992.0 487.0 304.0 246.0
10 2177.0 1536.5 304.0 747.0
4 860.5 1506.0 295.0 340.0
11 955.5 487.0 565.0 368.0
4 728.0 994.5 194.0 155.0
7 2096.5 1483.5 283.0 507.0
7 713.5 1409.5 669.0 1113.0
6 834.0 1270.0 628.0 796.0
10 803.5 1169.0 833.0 1728.0
3 1589.5 1677.5 1055.0 455.0
4 2170.5 1526.5 287.0 579.0
3 1571.0 1585.0 1070.0 456.0
7 811.5 1307.0 599.0 914.0
4 2096.5 1483.5 283.0 507.0
11 888.5 556.5 729.0 521.0
6 713.5 1409.5 669.0 1113.0
