8 1314.5 1139.0 89.0 154.0
7 1488.0 556.0 332.0 194.0
8 1367.5 1574.0 75.0 104.0
2 1323.0 1555.0 170.0 372.0
2 793.0 1337.0 78.0 96.0
8 1120.0 628.0 40.0 40.0
13 1492.5 679.5 439.0 337.0
8 1309.0 1407.5 70.0 65.0
8 1121.0 630.5 42.0 47.0
8 1365.0 1570.5 74.0 95.0
9 1120.0 628.0 40.0 40.0
0 1145.5 937.0 389.0 372.0
2 1339.0 1137.0 154.0 170.0
0 1179.0 1010.5 318.0 491.0
8 1300.5 1405.5 77.0 63.0
13 377.0 1810.5 132.0 107.0
8 1394.0 1113.5 50.0 49.0
2 1191.5 921.0 73.0 108.0
8 1303.0 1674.5 94.0 137.0
