3 0.5933070866141732 0.498046875 0.39763779527559057 0.12890625
11 0.35236220472440943 0.12581380208333334 0.11968503937007874 0.045247395833333336
0 0.5765748031496063 0.2609049479166667 0.12952755905511812 0.10904947916666667
9 0.2344488188976378 0.4412434895833333 0.03818897637795276 0.036783854166666664
3 0.5885826771653543 0.5026041666666666 0.384251968503937 0.0859375
11 0.6877952755905512 0.13232421875 0.08031496062992126 0.0517578125
0 0.5820866141732284 0.2683919270833333 0.12086614173228347 0.1298828125
11 0.3159448818897638 0.13167317708333334 0.08858267716535433 0.050455729166666664
2 0.5826771653543307 0.2613932291666667 0.051181102362204724 0.024088541666666668
0 0.5781496062992126 0.2527669270833333 0.11929133858267717 0.08365885416666667
