1 0.263671875 0.45364583333333336 0.2747395833333333 0.346875
7 0.2588975694444444 0.46475694444444443 0.24609375 0.3371527777777778
11 0.14322916666666666 0.4840277777777778 0.10677083333333333 0.41805555555555557
11 0.14735243055555555 0.5440972222222222 0.10633680555555555 0.28888888888888886
6 0.2588975694444444 0.46475694444444443 0.24609375 0.3371527777777778
12 0.3172743055555556 0.25625 0.24479166666666666 0.17777777777777778
10 0.13802083333333334 0.5657986111111111 0.07552083333333333 0.25243055555555555
12 0.3155381944444444 0.2144097222222222 0.2526041666666667 0.17256944444444444
9 0.03407118055555555 0.7477430555555555 0.0681423611111111 0.2607638888888889
4 0.2588975694444444 0.46475694444444443 0.24609375 0.3371527777777778
11 0.13802083333333334 0.5657986111111111 0.07552083333333333 0.25243055555555555
6 0.3012152777777778 0.4925347222222222 0.2829861111111111 0.2545138888888889
3 0.5399305555555556 0.5958333333333333 0.3229166666666667 0.27291666666666664
