0 0.5906203288490284 0.40144927536231884 0.15209267563527654 0.17318840579710146
11 0.07716741405082213 0.7480072463768116 0.03624813153961136 0.09456521739130434
10 0.07716741405082213 0.7480072463768116 0.03624813153961136 0.09456521739130434
3 0.5670777279521674 0.7110507246376812 0.44730941704035876 0.09818840579710145
9 0.19824364723467863 0.6985507246376812 0.15732436472346786 0.07536231884057971
3 0.5652092675635276 0.6976449275362319 0.4435724962630792 0.12717391304347825
11 0.8542600896860987 0.6969202898550725 0.0343796711509716 0.09746376811594203
0 0.5840807174887892 0.41394927536231885 0.15695067264573992 0.21340579710144927
3 0.5653961136023916 0.7291666666666666 0.4491778774289985 0.11992753623188405
0 0.601644245142003 0.38623188405797104 0.13228699551569506 0.15144927536231884
