13 0.2505813953488372 0.2806603773584906 0.07325581395348837 0.09397677793904209
6 0.7430232558139535 0.3530478955007257 0.262015503875969 0.5341074020319303
11 0.2961240310077519 0.07293178519593614 0.1930232558139535 0.0602322206095791
13 0.7593023255813953 0.47641509433962265 0.31550387596899226 0.7060957910014514
13 0.7430232558139535 0.3530478955007257 0.262015503875969 0.5341074020319303
0 0.5715116279069767 0.24002177068214803 0.11976744186046512 0.1113933236574746
7 0.6027131782945736 0.3339985486211901 0.08449612403100776 0.09760522496371553
11 0.6401162790697674 0.10413642960812772 0.23992248062015503 0.11030478955007257
11 0.6517441860465116 0.12010159651669086 0.30426356589147285 0.12844702467343977
6 0.7728682170542636 0.5092525399129173 0.35891472868217056 0.7209724238026125
6 0.8484496124031008 0.7481857764876633 0.16899224806201552 0.1937590711175617
8 0.6027131782945736 0.3339985486211901 0.08449612403100776 0.09760522496371553
6 0.7593023255813953 0.47641509433962265 0.31550387596899226 0.7060957910014514
0 0.5612403100775194 0.24310595065312046 0.11085271317829458 0.12409288824383163
6 0.24612403100775193 0.2714078374455733 0.09689922480620156 0.10304789550072568
1 0.6494186046511627 0.10159651669085631 0.3631782945736434 0.14876632801161102
4 0.7430232558139535 0.3530478955007257 0.262015503875969 0.5341074020319303
13 0.24748062015503877 0.2790275761973875 0.1065891472868217 0.09433962264150944
