7 1650.5 1128.5 631.0 957.0
7 1609.5 1680.5 167.0 209.0
7 1613.5 1216.5 691.0 1165.0
3 1418.0 2041.0 1084.0 470.0
7 1551.5 858.5 571.0 403.0
3 1383.5 2114.0 987.0 508.0
10 1884.5 2119.0 295.0 388.0
13 1654.5 1040.5 459.0 191.0
10 1953.5 2124.0 141.0 334.0
13 1650.5 1128.5 631.0 957.0
9 1544.5 857.0 489.0 448.0
9 512.0 2302.0 320.0 158.0
7 1722.5 1376.0 571.0 710.0
4 1650.5 1128.5 631.0 957.0
11 1953.5 2124.0 141.0 334.0
8 1609.5 1680.5 167.0 209.0
6 1650.5 1128.5 631.0 957.0
9 529.5 2429.0 909.0 396.0
