0 0.5401475694444444 0.36336805555555557 0.10807291666666667 0.103125
4 0.2977430555555556 0.5427083333333333 0.16493055555555555 0.19722222222222222
13 0.294921875 0.3355902777777778 0.16710069444444445 0.121875
0 0.5373263888888888 0.3529513888888889 0.11631944444444445 0.09131944444444444
11 0.294921875 0.2512152777777778 0.2269965277777778 0.09618055555555556
7 0.3101128472222222 0.5402777777777777 0.13932291666666666 0.1625
13 0.6456163194444444 0.23958333333333334 0.09331597222222222 0.03125
13 0.2940538194444444 0.3338541666666667 0.16883680555555555 0.14479166666666668
4 0.30078125 0.5015625 0.1423611111111111 0.234375
13 0.7612847222222222 0.36666666666666664 0.1909722222222222 0.05694444444444444
11 0.6382378472222222 0.23819444444444443 0.12803819444444445 0.02361111111111111
8 0.3101128472222222 0.5402777777777777 0.13932291666666666 0.1625
8 0.30078125 0.5015625 0.1423611111111111 0.234375
0 0.5390625 0.3619791666666667 0.11024305555555555 0.10868055555555556
11 0.2751736111111111 0.2484375 0.17881944444444445 0.11076388888888888
13 0.3005642361111111 0.3032986111111111 0.23914930555555555 0.1795138888888889
