11 0.1565115500502176 0.7878787878787878 0.06796116504854369 0.0707070707070707
11 0.16605289588215602 0.7570346320346321 0.04954804151322397 0.09126984126984126
13 0.3332775359892869 0.2831890331890332 0.19785738198861735 0.22655122655122656
10 0.1565115500502176 0.7878787878787878 0.06796116504854369 0.0707070707070707
13 0.7182792099096083 0.3791486291486291 0.18580515567458988 0.3658008658008658
13 0.33746233679276866 0.2270923520923521 0.20488784733846668 0.17352092352092352
3 0.5686307331771008 0.7184343434343434 0.3699363910277871 0.12950937950937952
7 0.7541011047874121 0.48683261183261184 0.06126548376297288 0.08261183261183261
13 0.2802142618011383 0.23033910533910534 0.020087043856712422 0.022727272727272728
13 0.2698359558085035 0.5176767676767676 0.024774020756611986 0.05411255411255411
11 0.883495145631068 0.8555194805194806 0.02946099765651155 0.046536796536796536
10 0.16253766320723134 0.7664141414141414 0.057917643120187476 0.09704184704184704
0 0.5855373284231671 0.2898629148629149 0.10980917308336123 0.12950937950937952
8 0.2802142618011383 0.23033910533910534 0.020087043856712422 0.022727272727272728
13 0.35470371610311346 0.23755411255411255 0.1128222296618681 0.15981240981240982
11 0.3170405088717777 0.15836940836940838 0.1452962838968865 0.06349206349206349
7 0.6893203883495146 0.30627705627705626 0.06829594911282223 0.18037518037518038
13 0.25744894543019753 0.29274891774891776 0.03013056578506863 0.029942279942279944
11 0.16253766320723134 0.7664141414141414 0.057917643120187476 0.09704184704184704
13 0.7120857047204553 0.3760822510822511 0.18480080348175426 0.3336940836940837
8 0.25744894543019753 0.29274891774891776 0.03013056578506863 0.029942279942279944
