13 0.3673228346456693 0.18505859375 0.13622047244094487 0.13639322916666666
6 0.3673228346456693 0.18505859375 0.13622047244094487 0.13639322916666666
10 0.8844488188976378 0.74609375 0.02637795275590551 0.08138020833333333
10 0.1344488188976378 0.7345377604166666 0.05708661417322835 0.07649739583333333
13 0.7218503937007874 0.1767578125 0.09330708661417322 0.08528645833333333
11 0.38070866141732285 0.154296875 0.1141732283464567 0.029296875
13 0.375 0.18603515625 0.1484251968503937 0.11360677083333333
11 0.8844488188976378 0.74609375 0.02637795275590551 0.08138020833333333
11 0.1344488188976378 0.7345377604166666 0.05708661417322835 0.07649739583333333
13 0.7285433070866142 0.15983072916666666 0.10118110236220472 0.08138020833333333
11 0.7285433070866142 0.15983072916666666 0.10118110236220472 0.08138020833333333
