10 1766.5 1692.5 459.0 505.0
8 332.0 1357.5 122.0 121.0
8 1730.0 1593.0 174.0 154.0
8 1569.0 1474.5 108.0 105.0
13 1409.0 998.5 296.0 475.0
6 1442.5 971.5 237.0 397.0
10 1701.0 1762.5 630.0 719.0
10 1747.5 1653.0 509.0 492.0
4 1397.5 1014.0 307.0 516.0
9 1409.0 998.5 296.0 475.0
8 343.0 1364.0 132.0 124.0
8 1397.5 1014.0 307.0 516.0
8 1546.5 1310.0 87.0 86.0
13 1651.0 1354.5 502.0 139.0
8 1531.5 1298.5 89.0 85.0
8 1748.5 1607.0 161.0 158.0
7 1409.0 998.5 296.0 475.0
8 642.0 1186.0 168.0 142.0
8 349.5 1369.0 113.0 124.0
13 1778.0 1369.0 272.0 194.0
8 1706.5 1571.5 113.0 101.0
8 1542.0 1461.0 134.0 122.0
