7 0.4561631944444444 0.25677083333333334 0.08506944444444445 0.13159722222222223
9 0.5078125 0.2899305555555556 0.1605902777777778 0.41597222222222224
3 0.6039496527777778 0.4144097222222222 0.4171006944444444 0.078125
13 0.3821614583333333 0.1453125 0.10546875 0.078125
3 0.5993923611111112 0.41961805555555554 0.4366319444444444 0.12604166666666666
0 0.6401909722222222 0.20381944444444444 0.0859375 0.0625
9 0.3821614583333333 0.1453125 0.10546875 0.078125
9 0.4561631944444444 0.25677083333333334 0.08506944444444445 0.13159722222222223
0 0.6282552083333334 0.21215277777777777 0.10807291666666667 0.07569444444444444
6 0.3821614583333333 0.1453125 0.10546875 0.078125
3 0.6019965277777778 0.4282986111111111 0.4192708333333333 0.10173611111111111
