8 0.7200520833333334 0.3486111111111111 0.026909722222222224 0.02013888888888889
2 0.6803385416666666 0.3798611111111111 0.17491319444444445 0.09791666666666667
2 0.6801215277777778 0.3697916666666667 0.1753472222222222 0.06041666666666667
13 0.22395833333333334 0.4762152777777778 0.11979166666666667 0.09479166666666666
13 0.22265625 0.47899305555555555 0.0703125 0.06284722222222222
2 0.2248263888888889 0.46649305555555554 0.13368055555555555 0.0954861111111111
2 0.22395833333333334 0.4762152777777778 0.11979166666666667 0.09479166666666666
4 0.3020833333333333 0.6227430555555555 0.1032986111111111 0.07395833333333333
2 0.6006944444444444 0.2484375 0.08680555555555555 0.07881944444444444
13 0.6803385416666666 0.3798611111111111 0.17491319444444445 0.09791666666666667
13 0.6006944444444444 0.2484375 0.08680555555555555 0.07881944444444444
2 0.751953125 0.3602430555555556 0.015190972222222222 0.013541666666666667
13 0.6768663194444444 0.3489583333333333 0.05946180555555555 0.03333333333333333
13 0.6004774305555556 0.2467013888888889 0.0681423611111111 0.08784722222222222
