13 0.3139491398653702 0.17615062761506275 0.062453253552729994 0.058577405857740586
11 0.1918474195961107 0.8734309623430963 0.06731488406881077 0.0799163179916318
11 0.8795811518324608 0.7711297071129707 0.048616305160807775 0.05774058577405858
0 0.5626402393418101 0.29351464435146446 0.10359012715033658 0.16359832635983262
0 0.5654450261780105 0.26631799163179914 0.09648466716529544 0.09581589958158995
0 0.5652580403889305 0.28410041841004186 0.09760658189977561 0.1489539748953975
11 0.6194839192221391 0.09832635983263599 0.11780104712041885 0.07196652719665272
10 0.1918474195961107 0.8734309623430963 0.06731488406881077 0.0799163179916318
10 0.18792071802543006 0.8728033472803347 0.0661929693343306 0.08786610878661087
10 0.18268511593118922 0.8650627615062761 0.05721765145848916 0.14184100418410042
11 0.18268511593118922 0.8650627615062761 0.05721765145848916 0.14184100418410042
9 0.3139491398653702 0.17615062761506275 0.062453253552729994 0.058577405857740586
