13 0.6287434895833334 0.2745768229166667 0.0595703125 0.0791015625
13 0.3582356770833333 0.2594401041666667 0.06868489583333333 0.10221354166666667
13 0.6334635416666666 0.2672526041666667 0.057291666666666664 0.08528645833333333
11 0.3221028645833333 0.19352213541666666 0.14225260416666666 0.0771484375
10 0.16097005208333334 0.6595052083333334 0.054361979166666664 0.08854166666666667
2 0.64208984375 0.2801106770833333 0.041341145833333336 0.053059895833333336
13 0.64208984375 0.2801106770833333 0.041341145833333336 0.053059895833333336
11 0.31689453125 0.19759114583333334 0.12141927083333333 0.06770833333333333
13 0.3562825520833333 0.2599283854166667 0.051106770833333336 0.1064453125
11 0.31201171875 0.19417317708333334 0.1318359375 0.0712890625
11 0.16097005208333334 0.6595052083333334 0.054361979166666664 0.08854166666666667
