8 2175.5 1594.5 93.0 101.0
8 2041.5 1690.0 95.0 88.0
8 1962.0 1452.0 128.0 110.0
8 478.5 1929.5 91.0 107.0
8 638.5 1679.0 115.0 88.0
6 752.0 1311.5 944.0 1735.0
8 1898.0 1372.0 774.0 1380.0
8 795.5 1618.0 135.0 128.0
8 874.5 1462.0 123.0 134.0
8 730.5 1384.0 815.0 1698.0
10 2337.5 2007.5 289.0 495.0
11 2337.5 2007.5 289.0 495.0
6 1890.0 1321.5 964.0 1677.0
10 330.0 2076.5 244.0 519.0
8 467.5 1464.0 85.0 92.0
10 441.5 2237.0 393.0 582.0
11 330.0 2076.5 244.0 519.0
10 495.5 2200.0 471.0 272.0
10 2269.5 1974.5 353.0 483.0
8 1752.0 1674.5 184.0 157.0
8 725.0 1281.5 98.0 79.0
3 1528.0 2001.5 1210.0 501.0
8 1115.5 1613.0 181.0 172.0
8 1682.5 1178.5 117.0 127.0
8 1900.5 1173.0 103.0 106.0
0 1460.5 1089.5 325.0 319.0
