11 0.14539930555555555 0.5347222222222222 0.0625 0.06041666666666667
10 0.14539930555555555 0.5347222222222222 0.0625 0.06041666666666667
0 0.5249565972222222 0.23975694444444445 0.0959201388888889 0.08784722222222222
3 0.5431857638888888 0.5138888888888888 0.3971354166666667 0.06041666666666667
0 0.5297309027777778 0.2342013888888889 0.08637152777777778 0.06840277777777778
11 0.609375 0.11666666666666667 0.07899305555555555 0.03263888888888889
9 0.3033854166666667 0.4935763888888889 0.1267361111111111 0.051041666666666666
10 0.1579861111111111 0.5328125 0.0642361111111111 0.08645833333333333
3 0.5462239583333334 0.5019097222222222 0.3728298611111111 0.10520833333333333
3 0.5481770833333334 0.5130208333333334 0.3854166666666667 0.071875
7 0.3033854166666667 0.4935763888888889 0.1267361111111111 0.051041666666666666
11 0.1579861111111111 0.5328125 0.0642361111111111 0.08645833333333333
11 0.6121961805555556 0.11944444444444445 0.09244791666666667 0.03194444444444444
10 0.1644965277777778 0.5366319444444444 0.0920138888888889 0.08298611111111111
