4 0.28015873015873016 0.2728960396039604 0.2119047619047619 0.2233910891089109
11 0.2787698412698413 0.1745049504950495 0.2726190476190476 0.12376237623762376
7 0.2646825396825397 0.3135829207920792 0.22936507936507936 0.22679455445544555
10 0.25515873015873014 0.4347153465346535 0.3007936507936508 0.36386138613861385
7 0.2988095238095238 0.25696163366336633 0.2523809523809524 0.307240099009901
10 0.2640873015873016 0.4240408415841584 0.37103174603174605 0.4155321782178218
6 0.2988095238095238 0.25696163366336633 0.2523809523809524 0.307240099009901
4 0.2646825396825397 0.3135829207920792 0.22936507936507936 0.22679455445544555
10 0.26091269841269843 0.3864480198019802 0.3416666666666667 0.5
7 0.7628968253968254 0.4854579207920792 0.22023809523809523 0.29764851485148514
