2 0.8148584905660378 0.7320429104477612 0.09669811320754718 0.13292910447761194
13 0.8245283018867925 0.7157182835820896 0.08962264150943396 0.18050373134328357
2 0.7280660377358491 0.4137126865671642 0.24575471698113208 0.2667910447761194
13 0.7375 0.3941231343283582 0.2259433962264151 0.28451492537313433
2 0.30306603773584906 0.2908115671641791 0.2268867924528302 0.25699626865671643
2 0.30212264150943396 0.2947761194029851 0.2787735849056604 0.29757462686567165
2 0.7375 0.3941231343283582 0.2259433962264151 0.28451492537313433
8 0.7599056603773585 0.4253731343283582 0.19528301886792454 0.2994402985074627
13 0.30141509433962266 0.2798507462686567 0.27169811320754716 0.2789179104477612
13 0.7280660377358491 0.4137126865671642 0.24575471698113208 0.2667910447761194
2 0.8245283018867925 0.7157182835820896 0.08962264150943396 0.18050373134328357
13 0.30212264150943396 0.2947761194029851 0.2787735849056604 0.29757462686567165
2 0.30141509433962266 0.2798507462686567 0.27169811320754716 0.2789179104477612
13 0.30306603773584906 0.2908115671641791 0.2268867924528302 0.25699626865671643
2 0.7754716981132076 0.37430037313432835 0.07264150943396226 0.03311567164179104
13 0.7599056603773585 0.4253731343283582 0.19528301886792454 0.2994402985074627
