11 0.22786458333333334 0.5183919270833334 0.10416666666666667 0.06477864583333333
13 0.3455403645833333 0.45361328125 0.09733072916666667 0.11165364583333333
11 0.203125 0.5222981770833334 0.07682291666666667 0.07845052083333333
6 0.3095703125 0.326171875 0.15885416666666666 0.07486979166666667
13 0.3046875 0.3235677083333333 0.16796875 0.07486979166666667
13 0.3095703125 0.326171875 0.15885416666666666 0.07486979166666667
13 0.6985677083333334 0.36865234375 0.08333333333333333 0.0419921875
10 0.203125 0.5222981770833334 0.07682291666666667 0.07845052083333333
11 0.18961588541666666 0.51611328125 0.0673828125 0.07194010416666667
13 0.69775390625 0.3693033854166667 0.08040364583333333 0.025716145833333332
10 0.18961588541666666 0.51611328125 0.0673828125 0.07194010416666667
0 0.5486653645833334 0.2820638020833333 0.0947265625 0.1435546875
10 0.22786458333333334 0.5183919270833334 0.10416666666666667 0.06477864583333333
13 0.3050130208333333 0.3273111979166667 0.154296875 0.0439453125
7 0.7023111979166666 0.3699544270833333 0.07649739583333333 0.0224609375
