11 0.8706597222222222 0.79375 0.050347222222222224 0.05694444444444444
0 0.5310329861111112 0.30190972222222223 0.10807291666666667 0.09618055555555556
13 0.21006944444444445 0.615625 0.12152777777777778 0.10416666666666667
11 0.10850694444444445 0.7817708333333333 0.043402777777777776 0.06284722222222222
11 0.11979166666666667 0.7498263888888889 0.0798611111111111 0.08298611111111111
10 0.8621961805555556 0.7829861111111112 0.03342013888888889 0.05763888888888889
13 0.6825086805555556 0.4765625 0.06293402777777778 0.03784722222222222
11 0.10199652777777778 0.7638888888888888 0.04079861111111111 0.05694444444444444
11 0.8621961805555556 0.7829861111111112 0.03342013888888889 0.05763888888888889
13 0.6612413194444444 0.3706597222222222 0.15321180555555555 0.12604166666666666
11 0.8639322916666666 0.7928819444444445 0.037760416666666664 0.04826388888888889
11 0.3114149305555556 0.1111111111111111 0.1037326388888889 0.03819444444444445
10 0.10199652777777778 0.7638888888888888 0.04079861111111111 0.05694444444444444
