3 0.5288511076764555 0.4993163172288058 0.4611025244719217 0.12716499544211485
9 0.3441524987120041 0.4826800364630811 0.080370942812983 0.1422060164083865
9 0.18572900566718187 0.08659981768459435 0.24471921689850593 0.1731996353691887
9 0.6754250386398764 0.0581130355515041 0.15971148892323545 0.11440291704649043
9 0.27485832045337455 0.08637192342752963 0.28490468830499743 0.16818596171376482
9 0.36888201957753736 0.5606198723792161 0.17001545595054096 0.03919781221513218
9 0.20401854714064915 0.08568824065633546 0.2029881504379186 0.16955332725615316
9 0.5409582689335394 0.5622151321786691 0.42967542503863987 0.05241567912488605
9 0.6352395672333848 0.06130355515041021 0.2699639361154044 0.10437556973564266
9 0.5404430705821741 0.5685961713764813 0.431736218444101 0.0633546034639927
3 0.527047913446677 0.5100273473108478 0.4657393096342092 0.1349134001823154
9 0.7161257083977332 0.6207839562443026 0.3256053580628542 0.097538742023701
9 0.6561051004636785 0.06130355515041021 0.2241112828438949 0.1089334548769371
9 0.6313755795981453 0.365542388331814 0.16846986089644514 0.15587967183226983
