13 0.31957773512476007 0.29061049625133883 0.25758157389635317 0.31917172438414854
11 0.8525911708253359 0.9319885755087469 0.05911708253358925 0.0567654409139593
10 0.8525911708253359 0.9319885755087469 0.05911708253358925 0.0567654409139593
6 0.7126679462571976 0.4046769011067476 0.2506717850287908 0.48875401642270616
10 0.1276391554702495 0.8973580863977151 0.08330134357005758 0.09460906818993217
5 0.32149712092130517 0.2611567297393788 0.24299424184261037 0.23098893252409852
6 0.7103646833013436 0.42163513031060335 0.2690978886756238 0.4505533737950732
10 0.11132437619961612 0.8777222420564085 0.049136276391554705 0.04248482684755445
6 0.32149712092130517 0.2611567297393788 0.24299424184261037 0.23098893252409852
11 0.11132437619961612 0.8777222420564085 0.049136276391554705 0.04248482684755445
13 0.3074856046065259 0.34737593716529813 0.21190019193857965 0.3355944305605141
11 0.2667946257197697 0.2317029632274188 0.09904030710172745 0.10282042127811496
6 0.7345489443378119 0.41395930024991073 0.28598848368522073 0.48875401642270616
5 0.7103646833013436 0.42163513031060335 0.2690978886756238 0.4505533737950732
6 0.3074856046065259 0.34737593716529813 0.21190019193857965 0.3355944305605141
6 0.31957773512476007 0.29061049625133883 0.25758157389635317 0.31917172438414854
13 0.7345489443378119 0.41395930024991073 0.28598848368522073 0.48875401642270616
7 0.7345489443378119 0.41395930024991073 0.28598848368522073 0.48875401642270616
13 0.7126679462571976 0.4046769011067476 0.2506717850287908 0.48875401642270616
11 0.1276391554702495 0.8973580863977151 0.08330134357005758 0.09460906818993217
11 0.10863723608445297 0.8898607640128525 0.03761996161228407 0.0317743662977508
