13 0.2584963954685891 0.5085513078470825 0.09955372468245795 0.02448021462105969
0 0.5484037075180227 0.3271294433266264 0.1314795743220048 0.12843729040912139
3 0.5576725025746653 0.5311871227364185 0.36560247167868176 0.08718980549966465
13 0.7674219018194302 0.5375586854460094 0.058015791280466876 0.012072434607645875
13 0.2452797802952283 0.5063715627095908 0.11500171644352901 0.03085177733065057
13 0.761071060762101 0.5358819584171697 0.0789564023343632 0.030181086519114688
0 0.5544112598695503 0.3205902079141516 0.10779265362169585 0.11334674714956405
13 0.2554067971163749 0.5068745808182428 0.10779265362169585 0.025821596244131457
3 0.5564709921043598 0.5254862508383635 0.3570202540336423 0.10127431254191818
0 0.561963611397185 0.33417169684775316 0.10230003432887058 0.1431924882629108
