3 0.5670180722891566 0.6700063613231552 0.4661144578313253 0.11354961832061068
3 0.5596762048192772 0.6938613231552163 0.45745481927710846 0.21278625954198474
0 0.5559111445783133 0.3346055979643766 0.14118975903614459 0.11450381679389313
7 0.3685993975903614 0.5426208651399491 0.16716867469879518 0.14631043256997456
0 0.53125 0.3285623409669211 0.16415662650602408 0.13358778625954199
8 0.3685993975903614 0.5426208651399491 0.16716867469879518 0.14631043256997456
9 0.35768072289156627 0.5036577608142494 0.14457831325301204 0.18352417302798982
11 0.34487951807228917 0.14010814249363868 0.15512048192771086 0.03975826972010178
0 0.453125 0.42270992366412213 0.34525602409638556 0.31361323155216286
11 0.3482680722891566 0.1364503816793893 0.2003012048192771 0.05152671755725191
11 0.3102409638554217 0.14996819338422393 0.12048192771084337 0.06393129770992366
3 0.5641942771084337 0.6531488549618321 0.44917168674698793 0.1275445292620865
