7 0.2759789156626506 0.39249525015832804 0.22966867469879518 0.30810639645345156
7 0.3117469879518072 0.4506016466117796 0.26957831325301207 0.38568714376187463
4 0.29819277108433734 0.39914502849905004 0.17996987951807228 0.19854338188727041
10 0.2341867469879518 0.5829639012032932 0.3064759036144578 0.26472450918302726
10 0.2567771084337349 0.5481317289423686 0.3546686746987952 0.3229892336922103
7 0.29819277108433734 0.39914502849905004 0.17996987951807228 0.19854338188727041
0 0.6054216867469879 0.314914502849905 0.1280120481927711 0.10101329955668144
10 0.22703313253012047 0.5584230525649145 0.24021084337349397 0.19284357188093731
0 0.6074924698795181 0.30478150728309056 0.11257530120481928 0.08771374287523749
7 0.28256777108433734 0.548606713109563 0.22477409638554216 0.06111462951234959
