11 0.12239672243086377 0.7777777777777778 0.06316148856264937 0.18828282828282827
13 0.2524752475247525 0.7672727272727272 0.2099692727893479 0.08323232323232323
10 0.13229771252987368 0.7830303030303031 0.1300785250938887 0.2868686868686869
3 0.5633321952884943 0.7703030303030303 0.39399112325025604 0.15313131313131312
10 0.12239672243086377 0.7777777777777778 0.06316148856264937 0.18828282828282827
7 0.25520655513827245 0.7670707070707071 0.1888016387845681 0.08767676767676767
0 0.5414817343803345 0.45474747474747473 0.11812905428473881 0.141010101010101
10 0.23677022874701265 0.7890909090909091 0.2884943666780471 0.18666666666666668
7 0.24632980539433252 0.7709090909090909 0.2079207920792079 0.09858585858585858
6 0.2524752475247525 0.7672727272727272 0.2099692727893479 0.08323232323232323
