9 0.20442708333333334 0.3390625 0.3706597222222222 0.3329861111111111
9 0.6525607638888888 0.07951388888888888 0.2964409722222222 0.15902777777777777
9 0.6236979166666666 0.06736111111111111 0.21180555555555555 0.13402777777777777
7 0.3402777777777778 0.18715277777777778 0.1449652777777778 0.09861111111111111
9 0.3101128472222222 0.0703125 0.17578125 0.12534722222222222
9 0.1755642361111111 0.3220486111111111 0.3372395833333333 0.18854166666666666
8 0.3728298611111111 0.31666666666666665 0.08072916666666667 0.07291666666666667
0 0.5303819444444444 0.25972222222222224 0.11371527777777778 0.10486111111111111
9 0.0818142361111111 0.5411458333333333 0.1636284722222222 0.553125
9 0.291015625 0.0763888888888889 0.19140625 0.13055555555555556
7 0.3009982638888889 0.20833333333333334 0.07508680555555555 0.052083333333333336
9 0.7515190972222222 0.3897569444444444 0.2183159722222222 0.22534722222222223
3 0.5492621527777778 0.46684027777777776 0.3832465277777778 0.090625
9 0.5034722222222222 0.0720486111111111 0.4557291666666667 0.12256944444444444
9 0.712890625 0.34357638888888886 0.23046875 0.090625
9 0.1154513888888889 0.690625 0.1076388888888889 0.37083333333333335
0 0.52734375 0.2708333333333333 0.11197916666666667 0.12083333333333333
8 0.71875 0.3706597222222222 0.016493055555555556 0.012152777777777778
11 0.2521701388888889 0.2359375 0.20572916666666666 0.25104166666666666
9 0.1174045138888889 0.6387152777777778 0.10286458333333333 0.3684027777777778
