1 0.7309715889161698 0.3437815975733064 0.1957207997193967 0.22649140546006066
13 0.7309715889161698 0.3437815975733064 0.1957207997193967 0.22649140546006066
11 0.6853735531392494 0.22093023255813954 0.175377060680463 0.10481968318166499
13 0.30357769203788143 0.3235591506572295 0.16099614170466503 0.11526794742163801
13 0.7518414591371448 0.3690596562184024 0.1729217818309365 0.15234243343444556
13 0.31778323395299896 0.3176609369733738 0.14451069800070152 0.11156049882035726
11 0.7067695545422659 0.23120997640714527 0.18519817607856892 0.11257162116616111
11 0.31304805331462643 0.26862150320188743 0.2346545071904595 0.19817997977755308
13 0.3190108733777622 0.28345129760701043 0.07891967730620834 0.05999325918436131
1 0.732199228340933 0.354566902595214 0.2051911609961417 0.2655881361644759
9 0.09873728516310067 0.14779238287832827 0.015082427218519818 0.015840916750926862
13 0.732199228340933 0.354566902595214 0.2051911609961417 0.2655881361644759
11 0.888635566467906 0.8523761375126391 0.05085934759733427 0.13549039433771487
13 0.2567520168361978 0.3667003707448601 0.06243423360224483 0.045837546343107514
11 0.6781830936513504 0.2226154364678126 0.21501227639424764 0.10616784630940344
