11 0.7827977315689981 0.5441176470588235 0.07069943289224953 0.042232277526395176
13 0.2896030245746692 0.39328808446455504 0.1330812854442344 0.09954751131221719
11 0.33780718336483934 0.13329562594268476 0.062381852551984876 0.026018099547511313
8 0.40812854442344043 0.1510180995475113 0.04574669187145557 0.06221719457013575
9 0.5204158790170132 0.23453996983408748 0.09565217391304348 0.10784313725490197
0 0.5175803402646503 0.222473604826546 0.11947069943289225 0.11463046757164404
9 0.5508506616257088 0.32975113122171945 0.0446124763705104 0.0471342383107089
9 0.40812854442344043 0.1510180995475113 0.04574669187145557 0.06221719457013575
3 0.5748582230623819 0.5674962292609351 0.43289224952741023 0.11990950226244344
3 0.5792060491493384 0.5199849170437406 0.431758034026465 0.15309200603318251
0 0.5376181474480152 0.2611236802413273 0.13005671077504727 0.16704374057315233
13 0.3054820415879017 0.417420814479638 0.09376181474480151 0.07390648567119155
3 0.57882797731569 0.5388386123680241 0.4325141776937618 0.15761689291101055
0 0.5183364839319471 0.23717948717948717 0.13686200378071833 0.12594268476621417
8 0.5204158790170132 0.23453996983408748 0.09565217391304348 0.10784313725490197
8 0.5508506616257088 0.32975113122171945 0.0446124763705104 0.0471342383107089
13 0.23648393194706993 0.4726621417797888 0.13043478260869565 0.08031674208144797
13 0.26427221172022686 0.34558823529411764 0.0551984877126654 0.0471342383107089
