13 0.32831325301204817 0.45789319248826293 0.09819277108433735 0.11120892018779342
13 0.7317771084337349 0.2879988262910798 0.11114457831325301 0.1329225352112676
11 0.8262048192771084 0.30134976525821594 0.03674698795180723 0.046948356807511735
2 0.32831325301204817 0.45789319248826293 0.09819277108433735 0.11120892018779342
11 0.826355421686747 0.29680164319248825 0.025 0.04958920187793427
2 0.31385542168674696 0.4364730046948357 0.06325301204819277 0.07188967136150234
11 0.6829819277108434 0.17136150234741784 0.09186746987951808 0.03169014084507042
13 0.7185240963855422 0.32922535211267606 0.10692771084337349 0.25
13 0.39653614457831327 0.3105927230046948 0.06355421686746988 0.09653755868544601
13 0.3230421686746988 0.45980046948356806 0.10993975903614457 0.11561032863849766
13 0.31385542168674696 0.4364730046948357 0.06325301204819277 0.07188967136150234
13 0.7581325301204819 0.34419014084507044 0.16566265060240964 0.21889671361502347
