0 0.5635113268608414 0.3424865229110512 0.14401294498381878 0.13443396226415094
3 0.5584546925566343 0.5367250673854448 0.4534789644012945 0.14285714285714285
3 0.5665453074433657 0.558288409703504 0.4761326860841424 0.10040431266846361
3 0.5590614886731392 0.5845687331536388 0.48220064724919093 0.1293800539083558
0 0.5800970873786407 0.3340633423180593 0.1156957928802589 0.11084905660377359
13 0.20449029126213591 0.4828167115902965 0.12014563106796117 0.02358490566037736
13 0.2139967637540453 0.48837601078167114 0.1343042071197411 0.023921832884097036
0 0.5625 0.33827493261455527 0.1581715210355987 0.12668463611859837
5 0.23948220064724918 0.39049865229110514 0.29854368932038833 0.38477088948787064
13 0.21986245954692557 0.48517520215633425 0.15250809061488674 0.024932614555256066
