1 0.6792660550458716 0.244324525493115 0.2436697247706422 0.15444733903982136
11 0.8477064220183487 0.7177149237067362 0.03963302752293578 0.07108299218459248
7 0.68 0.25418682545589877 0.2546788990825688 0.1741719389653889
1 0.6741284403669725 0.22608857461853368 0.25541284403669723 0.0971343505768515
11 0.7622018348623854 0.6793822106438407 0.06825688073394495 0.0472646073688128
2 0.6245871559633027 0.21790100483810942 0.04477064220183486 0.0323781168589505
11 0.68 0.25418682545589877 0.2546788990825688 0.1741719389653889
13 0.6855045871559633 0.29810197245999254 0.0689908256880734 0.03423892817268329
8 0.6022018348623853 0.41477484183103835 0.032293577981651375 0.021213248976553776
10 0.8477064220183487 0.7177149237067362 0.03963302752293578 0.07108299218459248
8 0.7805504587155964 0.6678451804986975 0.01761467889908257 0.03386676590993673
11 0.8497247706422019 0.7247860066989207 0.05100917431192661 0.059173799776702646
3 0.6137614678899083 0.6680312616300708 0.35559633027522936 0.11685895050241905
10 0.8497247706422019 0.7247860066989207 0.05100917431192661 0.059173799776702646
2 0.7622018348623854 0.6793822106438407 0.06825688073394495 0.0472646073688128
13 0.6913761467889908 0.34815779679940456 0.08880733944954128 0.10755489393375511
3 0.6168807339449541 0.6116486788239672 0.3581651376146789 0.18868626721250464
8 0.7456880733944954 0.6929661332340901 0.03963302752293578 0.027540007443245255
