13 0.7096354166666666 0.4588541666666667 0.1519097222222222 0.096875
11 0.3257378472222222 0.40208333333333335 0.1896701388888889 0.26319444444444445
6 0.3420138888888889 0.3451388888888889 0.09461805555555555 0.16111111111111112
13 0.7144097222222222 0.4432291666666667 0.1267361111111111 0.034375
1 0.3391927083333333 0.32743055555555556 0.08116319444444445 0.12430555555555556
13 0.3391927083333333 0.32743055555555556 0.08116319444444445 0.12430555555555556
1 0.3062065972222222 0.46927083333333336 0.1723090277777778 0.115625
13 0.7057291666666666 0.44600694444444444 0.1449652777777778 0.05798611111111111
13 0.3420138888888889 0.3451388888888889 0.09461805555555555 0.16111111111111112
13 0.2990451388888889 0.4765625 0.18836805555555555 0.09756944444444444
6 0.2990451388888889 0.4765625 0.18836805555555555 0.09756944444444444
0 0.5590277777777778 0.37118055555555557 0.09027777777777778 0.08611111111111111
2 0.3257378472222222 0.40208333333333335 0.1896701388888889 0.26319444444444445
13 0.3062065972222222 0.46927083333333336 0.1723090277777778 0.115625
0 0.541015625 0.37743055555555555 0.12890625 0.10277777777777777
