9 0.545516304347826 0.3098958333333333 0.0973731884057971 0.16964285714285715
0 0.641983695652174 0.33947172619047616 0.08922101449275362 0.09561011904761904
0 0.6286231884057971 0.3510044642857143 0.12681159420289856 0.13206845238095238
7 0.4635416666666667 0.30040922619047616 0.07110507246376811 0.20944940476190477
7 0.4603713768115942 0.2981770833333333 0.11277173913043478 0.22433035714285715
3 0.6252264492753623 0.5684523809523809 0.3999094202898551 0.08035714285714286
3 0.6231884057971014 0.5716145833333334 0.4166666666666667 0.09486607142857142
8 0.36684782608695654 0.2578125 0.014492753623188406 0.012648809523809524
9 0.5577445652173914 0.27529761904761907 0.08831521739130435 0.16964285714285715
0 0.6302083333333334 0.32459077380952384 0.1308876811594203 0.08444940476190477
3 0.6184329710144928 0.5561755952380952 0.40625 0.11160714285714286
