10 0.9306640625 0.8792 0.0849609375 0.0888
0 0.56298828125 0.3682 0.10546875 0.0876
11 0.92236328125 0.8826 0.068359375 0.0716
11 0.070068359375 0.8712 0.07373046875 0.0632
11 0.9306640625 0.8792 0.0849609375 0.0888
11 0.058349609375 0.8802 0.06689453125 0.066
10 0.92236328125 0.8826 0.068359375 0.0716
10 0.061767578125 0.8862 0.08349609375 0.0756
11 0.92138671875 0.874 0.068359375 0.0576
11 0.061767578125 0.8862 0.08349609375 0.0756
10 0.058349609375 0.8802 0.06689453125 0.066
0 0.557861328125 0.3672 0.12451171875 0.0968
