13 0.2371376811594203 0.32215073529411764 0.2554347826086957 0.25275735294117646
1 0.2726449275362319 0.15410539215686275 0.23659420289855074 0.10355392156862746
11 0.2878623188405797 0.16222426470588236 0.22717391304347825 0.09099264705882353
13 0.6344202898550725 0.1878063725490196 0.12608695652173912 0.1053921568627451
13 0.25 0.31433823529411764 0.24057971014492754 0.23713235294117646
11 0.6673913043478261 0.11871936274509803 0.15144927536231884 0.057291666666666664
11 0.6519927536231884 0.11948529411764706 0.12355072463768116 0.04656862745098039
11 0.27210144927536234 0.6913296568627451 0.05 0.040747549019607844
13 0.6552536231884057 0.16528799019607843 0.08659420289855073 0.06464460784313726
11 0.2733695652173913 0.16651348039215685 0.23659420289855074 0.09650735294117647
13 0.25778985507246377 0.3740808823529412 0.275 0.3547794117647059
9 0.4146739130434783 0.23253676470588236 0.1105072463768116 0.22181372549019607
11 0.6668478260869565 0.11780024509803921 0.2394927536231884 0.08547794117647059
