8 0.7080578512396695 0.24107142857142858 0.04338842975206612 0.05053191489361702
8 0.878305785123967 0.3343465045592705 0.05495867768595041 0.02735562310030395
8 0.3747933884297521 0.5976443768996961 0.2206611570247934 0.28343465045592703
8 0.8768595041322315 0.33282674772036475 0.047933884297520664 0.03875379939209726
8 0.39607438016528923 0.603533434650456 0.2516528925619835 0.2731762917933131
7 0.8793388429752066 0.33529635258358664 0.049586776859504134 0.03001519756838906
9 0.8446280991735537 0.22929331306990883 0.08429752066115702 0.07332826747720365
8 0.8793388429752066 0.33529635258358664 0.049586776859504134 0.03001519756838906
8 0.8458677685950413 0.22606382978723405 0.06859504132231405 0.07674772036474165
8 0.7101239669421487 0.23727203647416414 0.05413223140495868 0.05357142857142857
7 0.8483471074380166 0.21219604863221886 0.06776859504132231 0.051291793313069906
7 0.3747933884297521 0.5976443768996961 0.2206611570247934 0.28343465045592703
8 0.7101239669421487 0.24259118541033434 0.06074380165289256 0.04901215805471125
8 0.37086776859504134 0.6041033434650456 0.21694214876033058 0.27887537993920974
