10 0.21988866396761134 0.6474719101123596 0.23228744939271256 0.27715355805243447
10 0.22823886639676114 0.6587078651685393 0.32793522267206476 0.3052434456928839
7 0.7343117408906883 0.3347378277153558 0.3097165991902834 0.3661048689138577
13 0.3729757085020243 0.30758426966292135 0.09716599190283401 0.12172284644194757
6 0.736336032388664 0.3295880149812734 0.305668016194332 0.36329588014981273
7 0.736336032388664 0.3295880149812734 0.305668016194332 0.36329588014981273
4 0.7325404858299596 0.32045880149812733 0.3223684210526316 0.3693820224719101
6 0.7325404858299596 0.32045880149812733 0.3223684210526316 0.3693820224719101
13 0.7343117408906883 0.3347378277153558 0.3097165991902834 0.3661048689138577
10 0.2515182186234818 0.7392322097378277 0.34615384615384615 0.46254681647940077
13 0.736336032388664 0.3295880149812734 0.305668016194332 0.36329588014981273
13 0.7325404858299596 0.32045880149812733 0.3223684210526316 0.3693820224719101
