13 0.22915265635507734 0.31404109589041096 0.13214525891055817 0.19315068493150686
10 0.11533288500336247 0.850513698630137 0.05178211163416274 0.05102739726027397
11 0.11533288500336247 0.850513698630137 0.05178211163416274 0.05102739726027397
7 0.6223940820443846 0.37654109589041096 0.15198386012104909 0.2667808219178082
10 0.1121385339609953 0.8395547945205479 0.05413584398117014 0.06952054794520549
1 0.26227303295225285 0.2748287671232877 0.18964357767316745 0.22842465753424657
7 0.6156691324815063 0.34571917808219177 0.17552118359112306 0.18184931506849314
8 0.6161735036987223 0.36575342465753424 0.1684599865501009 0.22397260273972602
8 0.6156691324815063 0.34571917808219177 0.17552118359112306 0.18184931506849314
11 0.1121385339609953 0.8395547945205479 0.05413584398117014 0.06952054794520549
13 0.2352051109616678 0.3321917808219178 0.12609280430396771 0.1773972602739726
11 0.32246133154001344 0.1327054794520548 0.10558170813718896 0.03732876712328767
