7 0.8615451388888888 0.5137152777777778 0.06770833333333333 0.046875
10 0.935546875 0.6458333333333334 0.06727430555555555 0.05347222222222222
13 0.8695746527777778 0.278125 0.03428819444444445 0.034027777777777775
11 0.94921875 0.6538194444444444 0.0546875 0.05277777777777778
10 0.9479166666666666 0.6449652777777778 0.04513888888888889 0.07465277777777778
11 0.7252604166666666 0.10260416666666666 0.06336805555555555 0.02326388888888889
13 0.8595920138888888 0.38472222222222224 0.18880208333333334 0.07847222222222222
0 0.6981336805555556 0.296875 0.14366319444444445 0.12638888888888888
13 0.853515625 0.34270833333333334 0.14366319444444445 0.16458333333333333
0 0.7018229166666666 0.29965277777777777 0.13194444444444445 0.13402777777777777
11 0.9479166666666666 0.6449652777777778 0.04513888888888889 0.07465277777777778
11 0.935546875 0.6458333333333334 0.06727430555555555 0.05347222222222222
10 0.94921875 0.6538194444444444 0.0546875 0.05277777777777778
0 0.7035590277777778 0.29583333333333334 0.1345486111111111 0.11944444444444445
