6 0.26884312007011396 0.5080367393800229 0.2677475898334794 0.507079984691925
9 0.2883435582822086 0.3333333333333333 0.09114811568799298 0.06046689628779181
2 0.6279579316389132 0.33945656333716034 0.11130587204206836 0.1178721775736701
3 0.6319018404907976 0.6859931113662457 0.6091148115687993 0.4182931496364332
7 0.26884312007011396 0.5080367393800229 0.2677475898334794 0.507079984691925
3 0.6161262050832603 0.6628396479142747 0.567922874671341 0.4561806352851129
3 0.6202892199824716 0.6450440107156525 0.5376862401402279 0.19173363949483352
9 0.8908851884312007 0.330654420206659 0.08150744960560911 0.05893608878683505
7 0.792068361086766 0.3781094527363184 0.22042068361086767 0.2931496364332185
6 0.792068361086766 0.3781094527363184 0.22042068361086767 0.2931496364332185
2 0.6371603856266433 0.34959816303099883 0.1200701139351446 0.09835438193647149
9 0.29316389132340054 0.45484117872177576 0.5775635407537248 0.6739380022962113
