3 0.5262586805555556 0.4739583333333333 0.41015625 0.10972222222222222
8 0.23741319444444445 0.2586805555555556 0.0859375 0.058333333333333334
8 0.3059895833333333 0.16527777777777777 0.03819444444444445 0.029861111111111113
8 0.23914930555555555 0.2581597222222222 0.07725694444444445 0.05659722222222222
8 0.6666666666666666 0.35086805555555556 0.09027777777777778 0.08576388888888889
3 0.5256076388888888 0.4574652777777778 0.4166666666666667 0.08784722222222222
0 0.5256076388888888 0.2390625 0.11024305555555555 0.10520833333333333
8 0.732421875 0.31180555555555556 0.047309027777777776 0.03125
8 0.2378472222222222 0.25763888888888886 0.0798611111111111 0.06597222222222222
3 0.5256076388888888 0.4545138888888889 0.4184027777777778 0.12222222222222222
8 0.7686631944444444 0.40729166666666666 0.035590277777777776 0.02847222222222222
8 0.3435329861111111 0.3177083333333333 0.061197916666666664 0.04652777777777778
8 0.6614583333333334 0.3501736111111111 0.08940972222222222 0.09479166666666666
0 0.5240885416666666 0.25225694444444446 0.11848958333333333 0.13229166666666667
8 0.669921875 0.3550347222222222 0.07942708333333333 0.07465277777777778
7 0.3493923611111111 0.2864583333333333 0.0763888888888889 0.15833333333333333
0 0.5210503472222222 0.21875 0.10286458333333333 0.07013888888888889
8 0.3383246527777778 0.25590277777777776 0.04383680555555555 0.041666666666666664
