13 1178.0 1596.5 342.0 109.0
6 1126.0 2337.0 838.0 828.0
11 1249.5 955.5 439.0 133.0
13 1520.5 1549.0 143.0 418.0
13 1030.5 2336.5 737.0 807.0
13 1163.5 1588.0 335.0 144.0
13 952.5 2250.0 657.0 134.0
13 1126.5 2448.0 741.0 72.0
4 1236.5 2456.5 527.0 545.0
11 2210.5 902.0 437.0 118.0
13 1126.0 2337.0 838.0 828.0
13 1523.0 1536.0 140.0 386.0
13 1037.5 1595.0 245.0 214.0
7 1030.5 2336.5 737.0 807.0
0 1912.0 1579.5 284.0 293.0
7 1226.0 2282.5 626.0 963.0
11 1259.5 949.5 503.0 123.0
11 2211.5 891.5 415.0 97.0
