0 0.5532702591526121 0.32065758884091666 0.13574660633484162 0.08668216539355696
7 0.19498148909913615 0.31534373962138823 0.03619909502262444 0.04284290933244769
13 0.19868366927190456 0.3118565260710727 0.03126285479226656 0.036532713384257724
13 0.18593171534348005 0.3737960810362006 0.09296585767174002 0.15509797409498505
7 0.4002468120115179 0.2517436067751578 0.07239819004524888 0.17270009963467287
10 0.9095022624434389 0.8324476917967453 0.0337309749074455 0.034207904350714045
8 0.7665569724393254 0.27598804383925607 0.024269847799259565 0.04251079375622717
11 0.05183052241875771 0.8478910660909996 0.03948992184286302 0.03520425107937562
13 0.7570958453311395 0.3641647293258054 0.08761826408885233 0.2162072401195616
13 0.7550390785684903 0.36150780471604116 0.06622788975730153 0.2175357024244437
9 0.4002468120115179 0.2517436067751578 0.07239819004524888 0.17270009963467287
10 0.05183052241875771 0.8478910660909996 0.03948992184286302 0.03520425107937562
8 0.7414644179350062 0.32663566921288606 0.023447141094199916 0.028229823978744604
11 0.9095022624434389 0.8324476917967453 0.0337309749074455 0.034207904350714045
