6 0.35780669144981414 0.21254208754208753 0.08271375464684015 0.11026936026936027
8 0.16612453531598512 0.49347643097643096 0.029275092936802975 0.022306397306397305
13 0.8447955390334573 0.4168771043771044 0.10315985130111524 0.07028619528619529
10 0.13173791821561337 0.7788299663299664 0.18726765799256506 0.21506734006734007
6 0.8399163568773235 0.41308922558922556 0.15473977695167287 0.09553872053872053
10 0.09131040892193308 0.7428451178451179 0.12314126394052044 0.117003367003367
13 0.8382899628252788 0.41624579124579125 0.1496282527881041 0.08838383838383838
0 0.5694702602230484 0.3592171717171717 0.11198884758364312 0.10479797979797979
7 0.35223048327137546 0.22664141414141414 0.10037174721189591 0.12163299663299663
10 0.09665427509293681 0.7337962962962963 0.10966542750929369 0.19823232323232323
13 0.8399163568773235 0.41308922558922556 0.15473977695167287 0.09553872053872053
8 0.1654275092936803 0.49915824915824913 0.03066914498141264 0.018518518518518517
7 0.35780669144981414 0.21254208754208753 0.08271375464684015 0.11026936026936027
