9 0.22049356223175964 0.3169424019607843 0.4073676680972818 0.22947303921568626
10 0.14932045779685266 0.6790747549019608 0.08690987124463519 0.1878063725490196
11 0.14932045779685266 0.6790747549019608 0.08690987124463519 0.1878063725490196
6 0.2861230329041488 0.45419730392156865 0.2918454935622318 0.4543504901960784
9 0.07439198855507868 0.6262254901960784 0.12732474964234622 0.7340686274509803
9 0.0867310443490701 0.6504289215686274 0.09907010014306152 0.5582107843137255
7 0.27449928469241774 0.41559436274509803 0.28505007153075823 0.524203431372549
7 0.2666309012875536 0.43504901960784315 0.2814735336194564 0.522671568627451
9 0.10354077253218884 0.555453431372549 0.11266094420600858 0.8449754901960784
10 0.19706723891273248 0.6888786764705882 0.16523605150214593 0.11979166666666667
7 0.2861230329041488 0.45419730392156865 0.2918454935622318 0.4543504901960784
