3 0.5368923611111112 0.5855902777777777 0.3888888888888889 0.1517361111111111
13 0.22960069444444445 0.3987847222222222 0.09895833333333333 0.059375
8 0.3802083333333333 0.33368055555555554 0.026041666666666668 0.029861111111111113
3 0.5251736111111112 0.6131944444444445 0.3932291666666667 0.09791666666666667
10 0.810546875 0.6644097222222223 0.06987847222222222 0.05381944444444445
0 0.5401475694444444 0.3795138888888889 0.1323784722222222 0.1125
11 0.810546875 0.6644097222222223 0.06987847222222222 0.05381944444444445
3 0.5381944444444444 0.6083333333333333 0.4366319444444444 0.09236111111111112
0 0.5579427083333334 0.38559027777777777 0.09244791666666667 0.13993055555555556
0 0.5596788194444444 0.35381944444444446 0.0837673611111111 0.06388888888888888
