11 0.665519877675841 0.1854108635097493 0.1536697247706422 0.045612813370473536
11 0.35741590214067276 0.1733983286908078 0.1712538226299694 0.03690807799442897
11 0.3698394495412844 0.1753133704735376 0.2014525993883792 0.03238161559888579
13 0.6307339449541285 0.20508356545961004 0.09938837920489296 0.04247910863509749
11 0.1014908256880734 0.8041434540389972 0.028669724770642203 0.03447075208913649
13 0.39659785932721714 0.20595403899721448 0.07071865443425077 0.06162952646239554
10 0.889525993883792 0.7872562674094707 0.013761467889908258 0.036211699164345405
10 0.1014908256880734 0.8041434540389972 0.028669724770642203 0.03447075208913649
11 0.6422018348623854 0.1615598885793872 0.11467889908256881 0.04944289693593315
11 0.36123853211009177 0.15964484679665739 0.18042813455657492 0.04979108635097493
11 0.6418195718654435 0.16504178272980502 0.11850152905198777 0.04596100278551532
11 0.889525993883792 0.7872562674094707 0.013761467889908258 0.036211699164345405
