5 2237.5 1608.5 631.0 1687.0
8 2347.5 978.5 113.0 111.0
9 563.0 937.5 134.0 57.0
13 1126.0 1374.5 748.0 1471.0
3 1841.5 2041.5 1029.0 523.0
5 2218.0 1569.0 820.0 1924.0
11 743.0 2160.5 114.0 191.0
11 754.5 2193.5 123.0 239.0
13 2164.0 1578.5 716.0 1839.0
5 1126.0 1374.5 748.0 1471.0
3 1839.5 2014.5 1041.0 583.0
5 1088.0 1388.0 698.0 1546.0
9 1126.0 1374.5 748.0 1471.0
9 858.5 1013.0 63.0 144.0
9 2164.0 1578.5 716.0 1839.0
5 2164.0 1578.5 716.0 1839.0
5 1089.0 1347.5 672.0 1551.0
10 754.5 2193.5 123.0 239.0
3 1833.0 2091.5 1034.0 513.0
10 743.0 2160.5 114.0 191.0
