9 0.17469618055555555 0.44114583333333335 0.15234375 0.05381944444444445
10 0.0896267361111111 0.6475694444444444 0.01953125 0.03263888888888889
0 0.5855034722222222 0.29930555555555555 0.1423611111111111 0.10069444444444445
10 0.85546875 0.5868055555555556 0.203125 0.19444444444444445
13 0.3374565972222222 0.4204861111111111 0.10894097222222222 0.10972222222222222
11 0.3565538194444444 0.08038194444444445 0.06987847222222222 0.01840277777777778
10 0.9175347222222222 0.6138888888888889 0.05295138888888889 0.07777777777777778
10 0.8977864583333334 0.6230902777777778 0.10894097222222222 0.13506944444444444
11 0.0896267361111111 0.6475694444444444 0.01953125 0.03263888888888889
13 0.330078125 0.44513888888888886 0.11067708333333333 0.1701388888888889
0 0.5922309027777778 0.31197916666666664 0.12456597222222222 0.134375
13 0.2677951388888889 0.5003472222222223 0.19010416666666666 0.04375
13 0.3389756944444444 0.4251736111111111 0.10850694444444445 0.11840277777777777
0 0.6017795138888888 0.30538194444444444 0.11328125 0.11006944444444444
