13 0.3059895833333333 0.2932942708333333 0.080078125 0.0390625
5 0.3313802083333333 0.3430989583333333 0.22330729166666666 0.4283854166666667
0 0.5470377604166666 0.2662760416666667 0.0908203125 0.11328125
11 0.3727213541666667 0.09651692708333333 0.1171875 0.027669270833333332
13 0.3167317708333333 0.43359375 0.173828125 0.119140625
13 0.3284505208333333 0.3448893229166667 0.12174479166666667 0.06673177083333333
7 0.2833658854166667 0.44970703125 0.1416015625 0.3238932291666667
3 0.5582682291666666 0.51025390625 0.3151041666666667 0.1103515625
6 0.2833658854166667 0.44970703125 0.1416015625 0.3238932291666667
6 0.701171875 0.3614908854166667 0.20442708333333334 0.4527994791666667
0 0.5476888020833334 0.2706705729166667 0.1083984375 0.12727864583333334
6 0.3167317708333333 0.43359375 0.173828125 0.119140625
5 0.6611328125 0.3513997395833333 0.24674479166666666 0.4397786458333333
11 0.56640625 0.09684244791666667 0.07356770833333333 0.0283203125
7 0.701171875 0.3614908854166667 0.20442708333333334 0.4527994791666667
