10 197.5 2368.5 181.0 295.0
8 793.0 1821.0 390.0 636.0
11 2070.0 2559.5 126.0 115.0
10 214.5 2413.5 169.0 193.0
3 1270.5 2026.0 1345.0 546.0
11 240.0 2348.0 234.0 196.0
4 544.5 1777.5 537.0 745.0
10 2070.0 2559.5 126.0 115.0
11 2088.5 2549.5 123.0 191.0
7 588.5 1762.5 517.0 783.0
9 1576.5 1403.0 207.0 308.0
11 214.5 2413.5 169.0 193.0
10 2088.5 2549.5 123.0 191.0
7 544.5 1777.5 537.0 745.0
10 240.0 2348.0 234.0 196.0
3 1266.0 1947.5 1326.0 765.0
11 197.5 2368.5 181.0 295.0
13 482.5 1842.5 371.0 641.0
