6 0.3440755208333333 0.4523111979166667 0.046875 0.038736979166666664
11 0.3914388020833333 0.14518229166666666 0.058268229166666664 0.013671875
3 0.5680338541666666 0.5421549479166666 0.3372395833333333 0.11946614583333333
3 0.5735677083333334 0.5628255208333334 0.3515625 0.10416666666666667
3 0.5696614583333334 0.5587565104166666 0.349609375 0.11100260416666667
0 0.5611979166666666 0.3356119791666667 0.10807291666666667 0.11197916666666667
0 0.5729166666666666 0.32568359375 0.07877604166666667 0.1064453125
13 0.3610026041666667 0.2626953125 0.045572916666666664 0.050130208333333336
0 0.5690104166666666 0.3248697916666667 0.09895833333333333 0.09309895833333333
7 0.3440755208333333 0.4523111979166667 0.046875 0.038736979166666664
7 0.3453776041666667 0.45654296875 0.057942708333333336 0.052408854166666664
