9 0.5037434895833334 0.3707682291666667 0.13704427083333334 0.3548177083333333
9 0.4900716145833333 0.36279296875 0.043294270833333336 0.3245442708333333
11 0.6258138020833334 0.11539713541666667 0.07975260416666667 0.0263671875
3 0.5633138020833334 0.4952799479166667 0.2998046875 0.1259765625
11 0.44580078125 0.10986328125 0.0986328125 0.0498046875
9 0.4611002604166667 0.232421875 0.0361328125 0.1484375
13 0.7102864583333334 0.3444010416666667 0.10091145833333333 0.203125
2 0.70263671875 0.2858072916666667 0.0849609375 0.08723958333333333
2 0.7102864583333334 0.3444010416666667 0.10091145833333333 0.203125
0 0.5631510416666666 0.23111979166666666 0.076171875 0.080078125
2 0.7071940104166666 0.3282877604166667 0.09928385416666667 0.1650390625
0 0.5657552083333334 0.22509765625 0.07552083333333333 0.07454427083333333
11 0.4347330729166667 0.11832682291666667 0.11295572916666667 0.054361979166666664
13 0.7071940104166666 0.3282877604166667 0.09928385416666667 0.1650390625
