11 2594.0 3039.0 56.0 86.0
10 568.5 2779.0 151.0 152.0
2 1077.0 1248.0 568.0 972.0
11 2578.5 2988.5 165.0 161.0
11 591.5 2869.0 227.0 276.0
13 1115.0 1272.5 688.0 931.0
13 1077.0 1248.0 568.0 972.0
13 1146.5 1195.5 709.0 879.0
13 2284.5 1240.5 567.0 1067.0
13 2231.5 1390.0 663.0 1418.0
7 999.0 2453.5 316.0 223.0
10 2578.5 2988.5 165.0 161.0
9 2361.0 1994.5 476.0 559.0
13 2166.5 2523.5 113.0 265.0
1 2284.5 1240.5 567.0 1067.0
11 568.5 2779.0 151.0 152.0
13 2195.0 1279.5 288.0 1037.0
2 1115.0 1272.5 688.0 931.0
