8 0.426355421686747 0.27165487023929896 0.011746987951807229 0.01820020222446916
2 0.4367469879518072 0.22160431412200876 0.02650602409638554 0.12167172227839569
8 0.7218373493975904 0.4234917425008426 0.1496987951807229 0.23491742500842602
9 0.6412650602409639 0.4897202561509943 0.06445783132530121 0.11931243680485339
2 0.6846385542168675 0.41641388608021573 0.15120481927710844 0.2490731378496798
9 0.4403614457831325 0.16970003370407818 0.02469879518072289 0.03538928210313448
2 0.43343373493975906 0.21621166161105493 0.02650602409638554 0.12369396697000337
13 0.7218373493975904 0.4234917425008426 0.1496987951807229 0.23491742500842602
2 0.6990963855421687 0.4201213346814965 0.16927710843373495 0.243680485338726
13 0.426355421686747 0.27165487023929896 0.011746987951807229 0.01820020222446916
2 0.7218373493975904 0.4234917425008426 0.1496987951807229 0.23491742500842602
