11 0.7516292541636496 0.12352748691099476 0.04561911658218682 0.04221204188481675
11 0.3455829109341057 0.10536649214659685 0.20311368573497465 0.03795811518324607
9 0.6185734974656046 0.818553664921466 0.09232440260680666 0.06119109947643979
13 0.7007603186097031 0.22594895287958114 0.1784938450398262 0.20517015706806283
11 0.6225561187545257 0.10978403141361257 0.11549601737871108 0.05071989528795812
11 0.6616582186821144 0.8087369109947644 0.03367125271542361 0.02519633507853403
13 0.35445329471397535 0.11240183246073299 0.10065170166545981 0.05137434554973822
11 0.3387038377986966 0.07166230366492146 0.09015206372194062 0.03599476439790576
13 0.7255611875452571 0.2087696335078534 0.17451122375090514 0.19698952879581152
0 0.5727733526430123 0.2941753926701571 0.12816799420709632 0.12892670157068062
13 0.34811730629978277 0.12467277486910995 0.0778421433743664 0.07264397905759162
