2 0.4378952122854562 0.3744139316811788 0.02122854561878952 0.03750837240455459
8 0.4378952122854562 0.3744139316811788 0.02122854561878952 0.03750837240455459
8 0.17344173441734417 0.6806764902880107 0.03974706413730804 0.03248492967180174
0 0.6126919602529358 0.36905559276624245 0.11427280939476062 0.11855324849296718
2 0.3588527551942186 0.5169122572002679 0.03297199638663053 0.023777628935030142
11 0.0989159891598916 0.8399196249162759 0.05058717253839205 0.0535833891493637
2 0.4385727190605239 0.3732417950435365 0.037037037037037035 0.038513060951105155
2 0.6689250225835591 0.45612860013395845 0.08220415537488708 0.09979906229068988
10 0.0989159891598916 0.8399196249162759 0.05058717253839205 0.0535833891493637
2 0.6788617886178862 0.45579370395177493 0.07497741644083107 0.10247823174815807
