11 628.5 735.5 621.0 345.0
13 1939.0 1107.5 168.0 149.0
13 623.5 1128.0 551.0 454.0
8 1647.0 770.0 60.0 128.0
1 694.5 766.5 715.0 395.0
11 681.0 813.5 774.0 523.0
13 2151.0 1349.0 56.0 78.0
13 571.0 1252.5 480.0 543.0
13 646.0 1093.5 594.0 663.0
7 628.5 735.5 621.0 345.0
2 1953.0 1109.5 144.0 133.0
8 571.0 1252.5 480.0 543.0
2 623.5 1128.0 551.0 454.0
13 581.5 1956.0 537.0 654.0
13 1795.5 908.0 433.0 544.0
8 581.5 1956.0 537.0 654.0
2 1737.5 729.0 239.0 380.0
2 1795.5 908.0 433.0 544.0
2 529.5 1898.5 313.0 565.0
8 1790.0 782.5 120.0 127.0
13 1737.5 729.0 239.0 380.0
11 1761.0 519.5 292.0 141.0
