10 0.8523501362397821 0.6717853526830915 0.07663487738419618 0.08538643266959163
11 0.8547343324250681 0.6733040836989538 0.052111716621253405 0.07897401282483969
8 0.6861376021798365 0.20182247721903476 0.02486376021798365 0.021599730003374958
8 0.3119891008174387 0.5143435707053662 0.05858310626702997 0.060074249071886604
8 0.7319482288828338 0.27590280121498484 0.02316076294277929 0.021937225784677692
7 0.7385899182561307 0.3084711441106986 0.028950953678474115 0.04927438407019912
8 0.6258514986376021 0.2541343233209585 0.027588555858310628 0.022274721565980427
9 0.7385899182561307 0.3084711441106986 0.028950953678474115 0.04927438407019912
10 0.8560967302452316 0.6552480593992575 0.06846049046321526 0.10091123860951738
8 0.7036784741144414 0.22797840026999663 0.01634877384196185 0.018562267971650354
8 0.735183923705722 0.31488356395545053 0.023501362397820164 0.020924738440769492
11 0.8560967302452316 0.6552480593992575 0.06846049046321526 0.10091123860951738
10 0.8547343324250681 0.6733040836989538 0.052111716621253405 0.07897401282483969
9 0.760899182561308 0.5725615929800878 0.04632152588555858 0.04623692203847452
7 0.30926430517711173 0.5070874114073574 0.048365122615803814 0.055686803914951066
8 0.7610694822888283 0.5666554168072899 0.05006811989100817 0.05332433344583193
