0 0.5347222222222222 0.26961805555555557 0.1189236111111111 0.10868055555555556
3 0.4945746527777778 0.5480902777777777 0.4440104166666667 0.17604166666666668
11 0.82421875 0.6762152777777778 0.035590277777777776 0.04756944444444444
6 0.78125 0.5934027777777777 0.09027777777777778 0.10833333333333334
3 0.4993489583333333 0.5616319444444444 0.4552951388888889 0.1642361111111111
10 0.8302951388888888 0.6967013888888889 0.050347222222222224 0.05520833333333333
10 0.82421875 0.6762152777777778 0.035590277777777776 0.04756944444444444
6 0.1371527777777778 0.5336805555555556 0.07725694444444445 0.050694444444444445
3 0.4943576388888889 0.5633680555555556 0.4574652777777778 0.17604166666666668
11 0.8302951388888888 0.6967013888888889 0.050347222222222224 0.05520833333333333
0 0.5234375 0.27361111111111114 0.1467013888888889 0.10486111111111111
