13 0.19021739130434784 0.28198887343532686 0.059782608695652176 0.014603616133518776
13 0.3472437888198758 0.47844228094575797 0.16576086956521738 0.06467315716272601
0 0.5830745341614907 0.25886648122392214 0.1482919254658385 0.10744089012517385
7 0.09180900621118013 0.6136995827538247 0.054736024844720496 0.10778859527121001
3 0.5894798136645962 0.566933240611961 0.46312111801242234 0.11022253129346314
3 0.595108695652174 0.5657162726008345 0.4798136645962733 0.1356050069541029
11 0.09180900621118013 0.6136995827538247 0.054736024844720496 0.10778859527121001
13 0.21156832298136646 0.2734700973574409 0.1622670807453416 0.12830319888734354
13 0.18866459627329193 0.2859874826147427 0.1203416149068323 0.05389429763560501
0 0.5962732919254659 0.2699930458970793 0.1281055900621118 0.1449930458970793
0 0.5828804347826086 0.2821627260083449 0.14635093167701863 0.15403337969401948
13 0.7835791925465838 0.37812934631432543 0.06793478260869565 0.0476356050069541
