5 0.6980078478720193 0.459007922838443 0.22306067008753397 0.5804340337581811
5 0.6818593419861153 0.4407509472959008 0.29278599456685783 0.6279710644161213
13 0.38273468155750073 0.6584567688598002 0.08632659221249622 0.13468825353083017
5 0.29293691518261394 0.45918015845676885 0.19348022939933596 0.5869789872545642
5 0.2773920917597344 0.519807096107475 0.13462118925445216 0.511884257664485
11 0.3537579233323272 0.10850843954529797 0.08210081497132508 0.019979331725800895
0 0.5615756112284939 0.35893902859111265 0.10956836703893752 0.16465725111953153
13 0.38741322064594025 0.6567344126765415 0.08421370359191066 0.17395797450912848
5 0.7393600965891941 0.48157078883913196 0.17054029580440688 0.5249741646572511
0 0.5454271053425898 0.3548053737512918 0.11047389073347419 0.16052359627971063
5 0.28342891638997886 0.4691698243196693 0.23181406580138847 0.6324491904925938
0 0.5612737699969816 0.34808818463658286 0.11862360398430426 0.18084739924216328
13 0.38590401448837913 0.6445056837754047 0.06670691216420163 0.1391663796073028
