13 0.7498031496062992 0.3056640625 0.2562992125984252 0.3658854166666667
6 0.7251968503937007 0.2667643229166667 0.2700787401574803 0.3089192708333333
6 0.33011811023622045 0.2713216145833333 0.28858267716535435 0.2985026041666667
6 0.7263779527559056 0.2757161458333333 0.2803149606299213 0.296875
6 0.3214566929133858 0.2696940104166667 0.28385826771653544 0.3030598958333333
6 0.32736220472440947 0.2732747395833333 0.2578740157480315 0.2652994791666667
11 0.6720472440944882 0.12744140625 0.17795275590551182 0.052408854166666664
13 0.33011811023622045 0.2713216145833333 0.28858267716535435 0.2985026041666667
6 0.7498031496062992 0.3056640625 0.2562992125984252 0.3658854166666667
13 0.3214566929133858 0.2696940104166667 0.28385826771653544 0.3030598958333333
9 0.29448818897637796 0.22705078125 0.09763779527559055 0.060221354166666664
