7 713.0 1656.5 326.0 383.0
10 2345.0 2196.0 284.0 278.0
11 1773.0 399.5 330.0 197.0
11 293.5 2218.0 157.0 186.0
13 2104.0 1792.0 380.0 590.0
11 2252.5 1641.5 237.0 721.0
5 704.0 1822.5 612.0 679.0
11 767.5 448.5 287.0 223.0
7 670.0 1882.5 666.0 775.0
6 704.0 1822.5 612.0 679.0
11 2345.0 2196.0 284.0 278.0
2 416.5 1947.0 185.0 400.0
11 2245.5 1646.5 213.0 879.0
11 258.5 2287.0 89.0 124.0
10 258.5 2287.0 89.0 124.0
11 2258.0 1676.0 228.0 1180.0
2 2117.5 2081.0 265.0 132.0
4 704.0 1822.5 612.0 679.0
7 2104.0 1792.0 380.0 590.0
10 293.5 2218.0 157.0 186.0
