2 0.23262243285939968 0.7236654804270463 0.04344391785150079 0.03238434163701068
0 0.5718799368088467 0.33505338078291813 0.12717219589257503 0.11138790035587189
2 0.19687993680884677 0.5030249110320285 0.022511848341232227 0.03096085409252669
8 0.19747235387045814 0.5005338078291814 0.026066350710900472 0.029537366548042704
8 0.11966824644549763 0.6934163701067616 0.05845181674565561 0.02597864768683274
0 0.5768167456556083 0.34430604982206403 0.12361769352290679 0.12918149466192172
2 0.12026066350710901 0.6916370106761566 0.06200631911532385 0.027402135231316727
8 0.23045023696682465 0.7275800711743772 0.04225908372827804 0.03238434163701068
2 0.12065560821484993 0.691814946619217 0.06121642969984202 0.02206405693950178
2 0.2320300157977883 0.7241992882562278 0.039889415481832544 0.038434163701067614
2 0.20616113744075829 0.5832740213523132 0.030015797788309637 0.036298932384341634
2 0.19687993680884677 0.5019572953736655 0.025671406003159557 0.030249110320284697
8 0.20714849921011058 0.5854092526690391 0.033570300157977885 0.036298932384341634
11 0.33372827804107424 0.15711743772241993 0.13665086887835703 0.030249110320284697
2 0.20497630331753555 0.5854092526690391 0.035545023696682464 0.03914590747330961
