11 0.08943089430894309 0.9451923076923077 0.06504065040650407 0.08076923076923077
2 0.6013719512195121 0.31971153846153844 0.02184959349593496 0.05576923076923077
11 0.3554369918699187 0.078125 0.15701219512195122 0.03701923076923077
11 0.6648882113821138 0.09735576923076923 0.11636178861788618 0.027403846153846154
11 0.9029471544715447 0.9326923076923077 0.03353658536585366 0.027884615384615386
11 0.8945630081300813 0.9411057692307693 0.04725609756097561 0.052403846153846155
11 0.08841463414634146 0.9401442307692308 0.029471544715447155 0.03221153846153846
11 0.8874491869918699 0.926923076923077 0.06453252032520325 0.07884615384615384
11 0.08790650406504065 0.9382211538461539 0.07317073170731707 0.08509615384615385
10 0.8874491869918699 0.926923076923077 0.06453252032520325 0.07884615384615384
0 0.5602134146341463 0.309375 0.11432926829268293 0.09567307692307692
