9 0.5577256944444444 0.45538194444444446 0.12065972222222222 0.11909722222222222
7 0.21961805555555555 0.6256944444444444 0.22569444444444445 0.28402777777777777
7 0.24696180555555555 0.5701388888888889 0.2708333333333333 0.31805555555555554
10 0.7973090277777778 0.7314236111111111 0.03732638888888889 0.050347222222222224
3 0.537109375 0.6564236111111111 0.4440104166666667 0.11840277777777777
9 0.5720486111111112 0.44895833333333335 0.0685763888888889 0.08402777777777778
3 0.5397135416666666 0.6772569444444444 0.4327256944444444 0.13993055555555556
8 0.560546875 0.4513888888888889 0.0802951388888889 0.09097222222222222
3 0.5321180555555556 0.6560763888888889 0.4444444444444444 0.13506944444444444
4 0.21961805555555555 0.6256944444444444 0.22569444444444445 0.28402777777777777
6 0.21961805555555555 0.6256944444444444 0.22569444444444445 0.28402777777777777
11 0.7973090277777778 0.7314236111111111 0.03732638888888889 0.050347222222222224
11 0.7975260416666666 0.7477430555555555 0.029079861111111112 0.043402777777777776
