13 0.2625984251968504 0.58154296875 0.13543307086614173 0.1181640625
5 0.26279527559055116 0.5711263020833334 0.18543307086614172 0.1962890625
6 0.7828740157480315 0.54052734375 0.2011811023622047 0.1982421875
9 0.8151574803149606 0.5016276041666666 0.11220472440944881 0.14518229166666666
7 0.7828740157480315 0.54052734375 0.2011811023622047 0.1982421875
13 0.23169291338582676 0.3802083333333333 0.13976377952755906 0.055989583333333336
9 0.2625984251968504 0.58154296875 0.13543307086614173 0.1181640625
3 0.569488188976378 0.6044921875 0.465748031496063 0.16927083333333334
5 0.7751968503937008 0.5597330729166666 0.22755905511811023 0.24641927083333334
7 0.24015748031496062 0.4864908854166667 0.2015748031496063 0.3095703125
6 0.24015748031496062 0.4864908854166667 0.2015748031496063 0.3095703125
13 0.22401574803149607 0.3776041666666667 0.09212598425196851 0.048828125
