9 0.4689127604166667 0.3356119791666667 0.1123046875 0.267578125
2 0.5558268229166666 0.32763671875 0.025716145833333332 0.0380859375
9 0.4617513020833333 0.361328125 0.09798177083333333 0.390625
3 0.5528971354166666 0.56298828125 0.3395182291666667 0.09928385416666667
0 0.53173828125 0.3079427083333333 0.09016927083333333 0.09895833333333333
0 0.5260416666666666 0.3063151041666667 0.09895833333333333 0.099609375
3 0.5685221354166666 0.5794270833333334 0.3597005208333333 0.14453125
0 0.5266927083333334 0.3277994791666667 0.09700520833333333 0.13020833333333334
3 0.5559895833333334 0.5546875 0.2962239583333333 0.123046875
9 0.4689127604166667 0.3611653645833333 0.13444010416666666 0.4072265625
