13 0.7729400749063671 0.2717678100263852 0.23689138576779026 0.16029023746701848
11 0.7890917602996255 0.1945910290237467 0.15777153558052434 0.09234828496042216
0 0.6168071161048689 0.29963720316622694 0.15121722846441948 0.10653034300791557
11 0.6828183520599251 0.17496701846965698 0.1399812734082397 0.04518469656992084
13 0.20692883895131087 0.26022427440633245 0.07303370786516854 0.05870712401055409
1 0.6612827715355806 0.21866754617414247 0.0847378277153558 0.09630606860158311
13 0.3616573033707865 0.22559366754617413 0.0950374531835206 0.16424802110817943
13 0.3258426966292135 0.2483509234828496 0.30337078651685395 0.19788918205804748
0 0.6184456928838952 0.2930408970976253 0.13764044943820225 0.1012532981530343
11 0.7654494382022472 0.17991424802110817 0.1760299625468165 0.09597625329815303
13 0.2825374531835206 0.23004617414248021 0.2804307116104869 0.15270448548812665
13 0.6612827715355806 0.21866754617414247 0.0847378277153558 0.09630606860158311
