11 0.3670886075949367 0.17159484114501417 0.17516250427642832 0.030512739855300407
11 0.34245638043106397 0.18150361748977667 0.13068764967499144 0.03019817552689525
11 0.6792678754704071 0.20383768480654293 0.17892576120424222 0.06605850896508336
13 0.29028395484091685 0.334696445423089 0.2555593568251796 0.26108839257628186
0 0.5588436537803626 0.3225857187794904 0.11597673622990079 0.10537905001572821
13 0.2863496407800205 0.3600188738597043 0.16489907629148134 0.20226486316451714
13 0.7117687307560725 0.3005662157911293 0.2206637016763599 0.20289399182132747
13 0.3205610673965104 0.32006920415224915 0.22579541566883338 0.2796476879521862
13 0.7071501881628464 0.2659641396665618 0.12316113581936367 0.13494809688581316
13 0.7184399589462881 0.3496382510223341 0.2244269586041738 0.33815665303554576
6 0.2863496407800205 0.3600188738597043 0.16489907629148134 0.20226486316451714
11 0.7446117003079028 0.2132746146586977 0.13650359219979474 0.0887071406102548
11 0.3742730071843996 0.17458320226486315 0.1895313034553541 0.04340987731991192
