3 1571.5 2335.5 1233.0 423.0
0 1560.5 1240.5 311.0 301.0
2 829.5 1067.0 815.0 1008.0
2 852.0 1085.5 750.0 1041.0
8 1947.0 2270.5 498.0 483.0
13 864.5 1083.0 769.0 978.0
9 1815.5 1985.0 401.0 282.0
13 852.0 1085.5 750.0 1041.0
11 1811.0 628.0 524.0 212.0
11 2368.0 2716.5 80.0 195.0
10 2368.0 2716.5 80.0 195.0
2 2008.0 984.5 614.0 843.0
13 2250.5 1186.5 187.0 93.0
2 1624.5 1278.0 75.0 76.0
13 2223.5 1316.0 217.0 120.0
10 297.5 2829.5 125.0 231.0
13 1967.0 1117.5 616.0 1063.0
11 297.5 2829.5 125.0 231.0
13 829.5 1067.0 815.0 1008.0
11 852.0 1085.5 750.0 1041.0
11 293.5 2806.5 121.0 117.0
13 2008.0 984.5 614.0 843.0
