13 0.16514756944444445 0.49982638888888886 0.04991319444444445 0.034375
3 0.54296875 0.5390625 0.4348958333333333 0.08159722222222222
10 0.837890625 0.5638888888888889 0.06032986111111111 0.08194444444444444
11 0.2986111111111111 0.20885416666666667 0.10677083333333333 0.030208333333333334
3 0.5444878472222222 0.5602430555555555 0.4474826388888889 0.11493055555555555
10 0.8342013888888888 0.5723958333333333 0.05381944444444445 0.07256944444444445
11 0.8342013888888888 0.5723958333333333 0.05381944444444445 0.07256944444444445
0 0.5460069444444444 0.33003472222222224 0.125 0.09756944444444444
0 0.5390625 0.33090277777777777 0.14149305555555555 0.10486111111111111
11 0.837890625 0.5638888888888889 0.06032986111111111 0.08194444444444444
3 0.5399305555555556 0.5171875 0.4427083333333333 0.12048611111111111
0 0.5407986111111112 0.3355902777777778 0.12065972222222222 0.09270833333333334
2 0.5865885416666666 0.3407986111111111 0.032552083333333336 0.05243055555555556
