11 0.22629969418960244 0.17432598039215685 0.16131498470948014 0.1090686274509804
11 0.22496177370030582 0.17003676470588236 0.15022935779816513 0.11580882352941177
6 0.26185015290519875 0.22748161764705882 0.1743119266055046 0.17861519607843138
13 0.26185015290519875 0.22748161764705882 0.1743119266055046 0.17861519607843138
6 0.23872324159021407 0.18887867647058823 0.15481651376146788 0.09037990196078431
0 0.5407110091743119 0.2619485294117647 0.07377675840978594 0.07230392156862746
8 0.28784403669724773 0.2942708333333333 0.04892966360856269 0.05361519607843137
13 0.25496941896024466 0.1950061274509804 0.18501529051987767 0.13694852941176472
11 0.3679281345565749 0.16145833333333334 0.06689602446483181 0.07352941176470588
13 0.23872324159021407 0.18887867647058823 0.15481651376146788 0.09037990196078431
0 0.5168195718654435 0.27910539215686275 0.12767584097859327 0.1096813725490196
1 0.2452217125382263 0.17708333333333334 0.20756880733944955 0.12071078431372549
