13 0.7118297175603766 0.3406451612903226 0.21121571837904216 0.13612903225806453
10 0.9089234547687269 0.7498387096774194 0.044617273843634876 0.043548387096774194
8 0.6475644699140402 0.3553225806451613 0.10970118706508392 0.09774193548387097
13 0.6860417519443307 0.3158064516129032 0.22431436758084322 0.18258064516129033
7 0.6977077363896849 0.34225806451612906 0.19033974621367172 0.1335483870967742
4 0.7118297175603766 0.3406451612903226 0.21121571837904216 0.13612903225806453
11 0.09680720425706099 0.8053225806451613 0.05689725747032337 0.03516129032258065
9 0.06446991404011461 0.32403225806451613 0.012689316414244782 0.017741935483870968
9 0.021899304134261156 0.22822580645161292 0.013507981989357348 0.01064516129032258
7 0.6860417519443307 0.3158064516129032 0.22431436758084322 0.18258064516129033
11 0.9089234547687269 0.7498387096774194 0.044617273843634876 0.043548387096774194
10 0.09680720425706099 0.8053225806451613 0.05689725747032337 0.03516129032258065
4 0.6977077363896849 0.34225806451612906 0.19033974621367172 0.1335483870967742
11 0.37044617273843633 0.11596774193548387 0.10970118706508392 0.01967741935483871
9 0.8250102333196889 0.28241935483870967 0.006958657388456815 0.013225806451612903
