0 0.6022467631378522 0.40707964601769914 0.14051789794364053 0.12831858407079647
11 0.6816450875856817 0.20943952802359883 0.17364813404417365 0.08628318584070796
3 0.5995811119573495 0.726401179941003 0.47867479055597867 0.14528023598820058
11 0.6858339680121859 0.20188053097345132 0.1546077684691546 0.04387905604719764
3 0.6014851485148515 0.7302728613569321 0.4885757806549886 0.14638643067846607
0 0.6045316070068545 0.4221976401179941 0.13290175171363292 0.15634218289085547
5 0.26047220106626046 0.528023598820059 0.3115003808073115 0.4557522123893805
13 0.7416222391469917 0.49428466076696165 0.13518659558263518 0.07927728613569321
3 0.5952018278750952 0.6956120943952803 0.4691546077684692 0.16924778761061948
0 0.6014851485148515 0.4120575221238938 0.14813404417364814 0.14933628318584072
11 0.6858339680121859 0.1963495575221239 0.1607006854531607 0.04314159292035398
5 0.7802741812642803 0.5460914454277286 0.25057121096725055 0.4918879056047198
