7 0.4117838541666667 0.28662109375 0.2649739583333333 0.4059244791666667
4 0.3907877604166667 0.2976888020833333 0.24772135416666666 0.4033203125
4 0.4117838541666667 0.28662109375 0.2649739583333333 0.4059244791666667
1 0.3907877604166667 0.2976888020833333 0.24772135416666666 0.4033203125
8 0.37841796875 0.30029296875 0.20670572916666666 0.3902994791666667
9 0.53125 0.22965494791666666 0.07552083333333333 0.2542317708333333
7 0.3907877604166667 0.2976888020833333 0.24772135416666666 0.4033203125
6 0.34619140625 0.5283203125 0.16048177083333334 0.21614583333333334
0 0.61328125 0.2835286458333333 0.09765625 0.125
8 0.4117838541666667 0.28662109375 0.2649739583333333 0.4059244791666667
7 0.34619140625 0.5283203125 0.16048177083333334 0.21614583333333334
