7 0.261703187250996 0.45667613636363635 0.3152390438247012 0.20691287878787878
7 0.2340637450199203 0.5293560606060606 0.25796812749003983 0.0946969696969697
7 0.22061752988047809 0.42140151515151514 0.23207171314741035 0.2623106060606061
10 0.23107569721115537 0.4524147727272727 0.1852589641434263 0.057291666666666664
0 0.5851593625498008 0.32267992424242425 0.14043824701195218 0.17660984848484848
0 0.5764442231075697 0.32078598484848486 0.14790836653386455 0.15482954545454544
13 0.2355577689243028 0.4509943181818182 0.1892430278884462 0.054450757575757576
10 0.23854581673306774 0.5880681818181818 0.30278884462151395 0.3125
10 0.2679282868525896 0.5390625 0.3615537848605578 0.4559659090909091
10 0.262699203187251 0.6425189393939394 0.35906374501992033 0.1846590909090909
