11 0.6527249683143219 0.11799294394355155 0.10477397549640896 0.029792238337906705
13 0.6820870299957752 0.17189337514700118 0.06294888043937473 0.0929047432379459
11 0.8062948880439375 0.19306154449235594 0.06801858893113646 0.0733045864366915
11 0.8065061258977608 0.19854958839670717 0.04393747359526827 0.05605644845158761
11 0.8240388677651035 0.1942375539004312 0.05787917194761301 0.06076048608388867
0 0.6073088297422898 0.2303018424147393 0.1474440219687368 0.1258330066640533
0 0.6138572032108154 0.23049784398275186 0.13688212927756654 0.13798510388083104
3 0.6022391212505281 0.6666013328106625 0.474440219687368 0.15719325754606037
11 0.6721588508660752 0.13190905527244218 0.08365019011406843 0.06624852998823991
0 0.6180819602872835 0.24421795374362995 0.12589776087874946 0.1528812230497844
13 0.6645542881284326 0.1301450411603293 0.07097591888466413 0.05488043904351235
3 0.5990705534431771 0.679733437867503 0.4757076468103084 0.1497451979615837
