13 0.2615017361111111 0.5227430555555556 0.054253472222222224 0.09756944444444444
13 0.8498263888888888 0.5446180555555555 0.0954861111111111 0.034375
13 0.2623697916666667 0.5314236111111111 0.016927083333333332 0.08298611111111111
11 0.2615017361111111 0.5227430555555556 0.054253472222222224 0.09756944444444444
13 0.2608506944444444 0.5260416666666666 0.024305555555555556 0.09791666666666667
13 0.18880208333333334 0.35885416666666664 0.0642361111111111 0.059375
13 0.8509114583333334 0.5597222222222222 0.10894097222222222 0.07361111111111111
0 0.55078125 0.35711805555555554 0.09809027777777778 0.14270833333333333
13 0.8606770833333334 0.54375 0.08506944444444445 0.020833333333333332
0 0.5284288194444444 0.34652777777777777 0.1384548611111111 0.10972222222222222
