7 0.29904831625183015 0.6477823332090943 0.2144948755490483 0.23928438315318673
8 0.29904831625183015 0.6477823332090943 0.2144948755490483 0.23928438315318673
0 0.5766837481698389 0.3389862094670145 0.11017569546120058 0.13827804696235557
7 0.31716691068814057 0.6541185240402535 0.2543923865300146 0.23332090942974282
0 0.5657027818448024 0.34140887066716363 0.12628111273792095 0.12970555348490495
4 0.31259150805270863 0.6526276556093925 0.23718887262079064 0.24375698844576965
8 0.31259150805270863 0.6526276556093925 0.23718887262079064 0.24375698844576965
8 0.31716691068814057 0.6541185240402535 0.2543923865300146 0.23332090942974282
4 0.31716691068814057 0.6541185240402535 0.2543923865300146 0.23332090942974282
0 0.5677159590043924 0.34513604174431606 0.13323572474377746 0.14386880357808424
