10 0.7248493975903615 0.558806146572104 0.19367469879518073 0.34456264775413714
10 0.7054216867469879 0.5682624113475178 0.19578313253012047 0.33569739952718675
13 0.6647590361445783 0.3494385342789598 0.17349397590361446 0.09663120567375887
6 0.23689759036144578 0.6320921985815603 0.11536144578313252 0.11879432624113476
7 0.21792168674698795 0.5760933806146572 0.12680722891566265 0.3117612293144208
10 0.7024096385542169 0.5577718676122931 0.22228915662650603 0.33717494089834515
0 0.5326807228915663 0.34426713947990545 0.10331325301204819 0.08392434988179669
7 0.26581325301204817 0.4321808510638298 0.01957831325301205 0.0233451536643026
8 0.2671686746987952 0.4348404255319149 0.019879518072289156 0.013888888888888888
6 0.21792168674698795 0.5760933806146572 0.12680722891566265 0.3117612293144208
7 0.7147590361445784 0.45508274231678486 0.10783132530120482 0.061465721040189124
10 0.16460843373493975 0.7678782505910166 0.03102409638554217 0.09131205673758866
8 0.20542168674698796 0.4168144208037825 0.01927710843373494 0.015661938534278958
7 0.2105421686746988 0.4182919621749409 0.03674698795180723 0.020390070921985817
11 0.16460843373493975 0.7678782505910166 0.03102409638554217 0.09131205673758866
7 0.18855421686746987 0.591903073286052 0.02289156626506024 0.030732860520094562
7 0.702710843373494 0.43498817966903075 0.14457831325301204 0.08865248226950355
