13 619.5 1789.0 491.0 180.0
9 1301.0 169.0 1436.0 300.0
9 265.0 796.0 438.0 922.0
9 115.0 177.0 218.0 110.0
9 530.0 846.5 964.0 1605.0
9 244.5 1621.0 305.0 2474.0
9 153.5 2237.0 207.0 1178.0
11 248.0 1907.5 92.0 159.0
7 603.0 1207.5 694.0 1419.0
11 807.5 421.5 419.0 79.0
13 595.5 1317.0 169.0 62.0
12 407.0 1732.5 388.0 349.0
9 2258.0 1817.5 72.0 297.0
10 375.0 1933.0 320.0 244.0
10 452.5 1950.0 565.0 224.0
13 703.5 1449.5 195.0 35.0
9 760.0 182.0 290.0 312.0
13 486.5 1757.5 247.0 207.0
9 1658.5 221.5 363.0 313.0
0 1340.0 837.5 240.0 289.0
12 405.5 1797.0 363.0 218.0
9 138.5 2058.0 273.0 1590.0
10 248.0 1907.5 92.0 159.0
9 2257.5 1840.0 93.0 236.0
12 414.5 1823.5 335.0 143.0
