9 892.0 615.5 178.0 319.0
10 2326.5 1952.5 305.0 513.0
5 910.5 1540.0 651.0 776.0
11 1165.5 464.5 277.0 65.0
11 1953.5 499.5 273.0 105.0
6 980.5 1283.0 645.0 1268.0
9 880.0 1309.5 184.0 181.0
5 2120.5 1468.0 425.0 840.0
11 1890.0 480.0 266.0 62.0
11 2314.0 1880.0 188.0 290.0
9 2256.5 1222.5 353.0 613.0
9 2172.5 1223.0 129.0 182.0
2 1768.5 1072.5 137.0 165.0
9 876.0 559.5 286.0 441.0
10 2314.0 1880.0 188.0 290.0
9 2128.0 994.0 118.0 150.0
0 1714.5 1075.5 345.0 385.0
0 1697.5 1062.5 341.0 353.0
11 2326.5 1952.5 305.0 513.0
9 765.5 1290.5 451.0 909.0
0 1717.5 1042.0 311.0 308.0
6 2164.0 1583.0 474.0 582.0
10 2317.0 1898.5 204.0 257.0
