3 0.5923664122137404 0.5166973039215687 0.46564885496183206 0.10079656862745098
6 0.27041984732824426 0.49892769607843135 0.2729007633587786 0.10263480392156862
10 0.857442748091603 0.5369178921568627 0.12251908396946565 0.1400122549019608
10 0.8547709923664122 0.5154718137254902 0.13244274809160306 0.1565563725490196
7 0.23396946564885496 0.4872855392156863 0.16106870229007633 0.057291666666666664
3 0.5723282442748091 0.5323223039215687 0.4568702290076336 0.15471813725490197
7 0.23492366412213742 0.48973651960784315 0.1736641221374046 0.06770833333333333
3 0.5606870229007633 0.5300245098039216 0.5022900763358779 0.1256127450980392
10 0.8723282442748092 0.5370710784313726 0.10877862595419847 0.17830882352941177
0 0.5772900763358778 0.3449754901960784 0.1049618320610687 0.11090686274509803
