11 0.91064453125 0.9166 0.1171875 0.102
11 0.094482421875 0.907 0.09814453125 0.0964
10 0.09375 0.8928 0.095703125 0.0728
11 0.92333984375 0.9382 0.0712890625 0.0684
10 0.92333984375 0.9382 0.0712890625 0.0684
13 0.806396484375 0.8706 0.16943359375 0.0788
10 0.926025390625 0.9246 0.08056640625 0.0796
10 0.100830078125 0.9174 0.08251953125 0.0764
11 0.100830078125 0.9174 0.08251953125 0.0764
11 0.09375 0.8928 0.095703125 0.0728
10 0.094482421875 0.907 0.09814453125 0.0964
11 0.362548828125 0.158 0.17236328125 0.0136
10 0.91064453125 0.9166 0.1171875 0.102
11 0.926025390625 0.9246 0.08056640625 0.0796
