11 0.34556159420289856 0.19791666666666666 0.24728260869565216 0.10863095238095238
7 0.8435235507246377 0.47061011904761907 0.10914855072463768 0.20089285714285715
10 0.9073822463768116 0.8843005952380952 0.04121376811594203 0.05357142857142857
7 0.17730978260869565 0.3952752976190476 0.11730072463768115 0.11272321428571429
11 0.333786231884058 0.19810267857142858 0.2056159420289855 0.0896577380952381
8 0.17255434782608695 0.41164434523809523 0.13134057971014493 0.11793154761904762
6 0.3217844202898551 0.43861607142857145 0.23233695652173914 0.36755952380952384
10 0.2807971014492754 0.5377604166666666 0.35054347826086957 0.39694940476190477
10 0.2710597826086957 0.5349702380952381 0.3491847826086957 0.47023809523809523
7 0.2932518115942029 0.4851190476190476 0.21693840579710144 0.11904761904761904
7 0.33627717391304346 0.20405505952380953 0.22509057971014493 0.07775297619047619
8 0.17730978260869565 0.3952752976190476 0.11730072463768115 0.11272321428571429
7 0.17255434782608695 0.41164434523809523 0.13134057971014493 0.11793154761904762
7 0.28464673913043476 0.45665922619047616 0.18070652173913043 0.16034226190476192
11 0.33627717391304346 0.20405505952380953 0.22509057971014493 0.07775297619047619
10 0.2764945652173913 0.5492931547619048 0.3129528985507246 0.41108630952380953
