0 0.5751968503937008 0.2579752604166667 0.11968503937007874 0.11555989583333333
2 0.39744094488188975 0.4420572916666667 0.08700787401574803 0.10546875
2 0.6348425196850394 0.3740234375 0.08228346456692913 0.09830729166666667
2 0.6326771653543307 0.3683268229166667 0.08818897637795275 0.11490885416666667
2 0.6295275590551181 0.3670247395833333 0.09685039370078741 0.1142578125
0 0.569488188976378 0.24755859375 0.12401574803149606 0.0810546875
2 0.38996062992125985 0.142578125 0.05393700787401575 0.055989583333333336
2 0.3990157480314961 0.4386393229166667 0.042913385826771656 0.10774739583333333
3 0.6143700787401575 0.5568033854166666 0.4263779527559055 0.1005859375
9 0.9263779527559055 0.5603841145833334 0.12125984251968504 0.4462890625
2 0.38858267716535433 0.14176432291666666 0.051181102362204724 0.060221354166666664
11 0.38996062992125985 0.142578125 0.05393700787401575 0.055989583333333336
5 0.2874015748031496 0.4378255208333333 0.23700787401574802 0.3515625
3 0.609251968503937 0.5436197916666666 0.41299212598425195 0.060546875
13 0.27795275590551183 0.4943033854166667 0.11811023622047244 0.0576171875
11 0.8958661417322835 0.5983072916666666 0.07992125984251969 0.09700520833333333
10 0.8958661417322835 0.5983072916666666 0.07992125984251969 0.09700520833333333
2 0.3984251968503937 0.4378255208333333 0.06062992125984252 0.10807291666666667
2 0.38818897637795274 0.13981119791666666 0.05354330708661417 0.06608072916666667
0 0.568503937007874 0.2470703125 0.13385826771653545 0.087890625
3 0.594488188976378 0.53515625 0.3850393700787402 0.10286458333333333
5 0.7645669291338583 0.4210611979166667 0.23937007874015748 0.3004557291666667
