13 0.6840277777777778 0.17864583333333334 0.1519097222222222 0.11493055555555555
3 0.5872395833333334 0.5505208333333333 0.4314236111111111 0.11770833333333333
3 0.5815972222222222 0.5524305555555555 0.4149305555555556 0.06875
11 0.3205295138888889 0.11041666666666666 0.06727430555555555 0.034027777777777775
0 0.587890625 0.29184027777777777 0.07855902777777778 0.10590277777777778
11 0.6414930555555556 0.10920138888888889 0.12586805555555555 0.036458333333333336
13 0.6519097222222222 0.2111111111111111 0.17708333333333334 0.16319444444444445
11 0.6447482638888888 0.1203125 0.18619791666666666 0.049652777777777775
13 0.6859809027777778 0.21805555555555556 0.1636284722222222 0.19930555555555557
6 0.6859809027777778 0.21805555555555556 0.1636284722222222 0.19930555555555557
3 0.5818142361111112 0.5298611111111111 0.4127604166666667 0.11875
0 0.5696614583333334 0.2911458333333333 0.10199652777777778 0.10798611111111112
0 0.5594618055555556 0.29878472222222224 0.13802083333333334 0.13159722222222223
