0 0.5845044378698225 0.31572769953051644 0.12389053254437869 0.10269953051643192
7 0.2503698224852071 0.46786971830985913 0.22263313609467456 0.08714788732394366
13 0.2503698224852071 0.46786971830985913 0.22263313609467456 0.08714788732394366
7 0.2609097633136095 0.47681924882629106 0.2459319526627219 0.11737089201877934
10 0.25869082840236685 0.5246478873239436 0.3443047337278107 0.1960093896713615
3 0.5817307692307693 0.5381455399061033 0.46745562130177515 0.14906103286384975
10 0.2518491124260355 0.5274354460093896 0.3121301775147929 0.23151408450704225
13 0.31416420118343197 0.4110915492957746 0.15051775147928995 0.06514084507042253
3 0.5750739644970414 0.5560446009389671 0.5059171597633136 0.142018779342723
10 0.25795118343195267 0.5127640845070423 0.34652366863905326 0.1869131455399061
7 0.2492603550295858 0.4828345070422535 0.25443786982248523 0.0994718309859155
