13 0.22135416666666666 0.3392361111111111 0.19010416666666666 0.14444444444444443
13 0.3062065972222222 0.25381944444444443 0.1584201388888889 0.15763888888888888
8 0.7532552083333334 0.5921875 0.023871527777777776 0.028125
13 0.8003472222222222 0.3987847222222222 0.06163194444444445 0.035069444444444445
13 0.3057725694444444 0.25 0.1427951388888889 0.12291666666666666
13 0.8059895833333334 0.4088541666666667 0.08333333333333333 0.04201388888888889
13 0.2319878472222222 0.3559027777777778 0.1801215277777778 0.15208333333333332
8 0.7521701388888888 0.590625 0.027777777777777776 0.02638888888888889
13 0.2732204861111111 0.31024305555555554 0.2999131944444444 0.24895833333333334
13 0.8036024305555556 0.39288194444444446 0.07942708333333333 0.01840277777777778
