13 2049.5 650.0 241.0 138.0
8 709.5 1467.0 97.0 88.0
13 549.5 1525.5 165.0 101.0
8 461.0 1621.5 86.0 85.0
3 1576.0 1853.0 1352.0 288.0
3 1575.5 1786.5 1319.0 533.0
9 762.0 1389.5 370.0 373.0
8 1073.0 1684.0 140.0 94.0
8 852.5 1640.5 139.0 139.0
6 726.0 1344.0 298.0 248.0
8 1079.5 1682.0 93.0 86.0
13 2090.5 630.5 125.0 211.0
8 1080.5 1688.0 123.0 98.0
11 1893.5 382.5 247.0 165.0
7 668.0 1451.0 542.0 524.0
8 556.5 1549.5 107.0 93.0
8 2123.5 1156.0 93.0 102.0
13 480.5 1632.5 91.0 63.0
8 556.5 1532.0 101.0 114.0
8 382.0 1886.0 82.0 80.0
7 762.0 1389.5 370.0 373.0
8 2128.0 1166.0 94.0 96.0
13 2122.0 1170.5 114.0 109.0
