13 0.7132018209408194 0.23276942355889724 0.2283763277693475 0.11779448621553884
6 0.31885432473444614 0.2557957393483709 0.2886949924127466 0.23464912280701755
13 0.31885432473444614 0.2557957393483709 0.2886949924127466 0.23464912280701755
6 0.7082701062215478 0.22102130325814537 0.2852807283763278 0.143796992481203
13 0.7082701062215478 0.22102130325814537 0.2852807283763278 0.143796992481203
13 0.2905918057663126 0.21914160401002505 0.24355083459787558 0.1287593984962406
13 0.3137329286798179 0.24436090225563908 0.2496206373292868 0.17794486215538846
13 0.7094081942336874 0.2138157894736842 0.22458270106221548 0.1168546365914787
0 0.5690440060698028 0.34367167919799496 0.11684370257966616 0.08897243107769423
11 0.6048937784522003 0.20958646616541354 0.10660091047040972 0.11152882205513784
