13 0.8484306714342471 0.5170079260237781 0.09574890742947954 0.06770145310435931
11 0.35876042908224076 0.11525759577278732 0.19705999205403257 0.052840158520475564
8 0.7729439809296782 0.25066050198150597 0.09733810091378625 0.08520475561426684
7 0.7649980135081447 0.24405548216644649 0.09415971394517282 0.08982826948480846
11 0.6765991259435836 0.10898282694848084 0.17798967024235202 0.05019815059445178
8 0.7719507350019865 0.25297225891677677 0.08343265792610251 0.07001321003963012
11 0.3814064362336114 0.11839498018494056 0.18673023440603895 0.06043593130779392
0 0.5947556615017878 0.24488110964332893 0.14779499404052443 0.1225231175693527
7 0.8464441795788638 0.3142338177014531 0.05681366706396504 0.061756935270805814
11 0.6777910210568137 0.09230515191545574 0.1684545093365117 0.04920739762219287
11 0.9064362336114422 0.5572985468956407 0.05045689312673818 0.10733157199471599
