10 0.3338855421686747 0.5338834269662921 0.2900602409638554 0.28195224719101125
3 0.5962349397590362 0.629564606741573 0.469578313253012 0.19873595505617977
4 0.7239457831325301 0.590063202247191 0.22620481927710842 0.3458567415730337
13 0.276355421686747 0.42064606741573035 0.11596385542168675 0.028089887640449437
7 0.3147590361445783 0.44469803370786515 0.2 0.3458567415730337
6 0.7368975903614458 0.3692064606741573 0.08644578313253012 0.09796348314606741
11 0.32876506024096386 0.25526685393258425 0.21897590361445782 0.25280898876404495
10 0.3045180722891566 0.6904845505617978 0.3030120481927711 0.22717696629213482
0 0.5644578313253013 0.32531601123595505 0.0927710843373494 0.15976123595505617
0 0.561144578313253 0.30196629213483145 0.10722891566265061 0.11867977528089887
3 0.6010542168674698 0.644311797752809 0.4647590361445783 0.336376404494382
11 0.3280120481927711 0.32514044943820225 0.22349397590361444 0.39396067415730335
6 0.31114457831325304 0.43890449438202245 0.17349397590361446 0.32092696629213485
10 0.28012048192771083 0.42257724719101125 0.10662650602409639 0.02422752808988764
10 0.3016566265060241 0.41695926966292135 0.25813253012048193 0.567064606741573
11 0.3016566265060241 0.41695926966292135 0.25813253012048193 0.567064606741573
7 0.27816265060240963 0.5617977528089888 0.1786144578313253 0.20856741573033707
