12 0.7136706135629709 0.2542925824175824 0.14352350197344815 0.14251373626373626
11 0.36203803372802296 0.8030563186813187 0.043774668101901684 0.044986263736263736
13 0.24004305705059203 0.6742788461538461 0.19232149264442053 0.30666208791208793
13 0.27538571941155365 0.6639766483516484 0.23717258701112306 0.2956730769230769
13 0.36167922497308935 0.2620192307692308 0.19949766774309294 0.2403846153846154
0 0.5947255113024758 0.40058379120879123 0.11661284535342663 0.15556318681318682
10 0.18335127377108001 0.8799793956043956 0.14137064944384642 0.10061813186813187
0 0.5929314675278077 0.3799793956043956 0.11374237531395766 0.10199175824175824
0 0.5977753857194116 0.39663461538461536 0.1234302116971654 0.1462912087912088
7 0.7213850017940437 0.6632898351648352 0.2199497667743093 0.2929258241758242
10 0.16146393972012918 0.8586881868131868 0.07678507355579477 0.11572802197802198
10 0.21600287047003947 0.8681318681318682 0.19662719770362397 0.061126373626373624
10 0.7972730534625044 0.7948145604395604 0.1126659490491568 0.19471153846153846
13 0.35486185862935055 0.2438186813186813 0.2167204879799067 0.2438186813186813
7 0.7247936849659131 0.7132554945054945 0.20308575529242914 0.3475274725274725
13 0.36993182633656263 0.25618131868131866 0.15931108719052745 0.18063186813186813
7 0.22981700753498385 0.6559065934065934 0.09364908503767493 0.11057692307692307
10 0.7560100466451382 0.7839972527472527 0.19232149264442053 0.17101648351648352
7 0.7290993900251166 0.6116071428571429 0.10836024398995335 0.13324175824175824
10 0.7960172228202368 0.8025412087912088 0.11445999282382491 0.2603021978021978
11 0.35145317545748117 0.14766483516483517 0.1532113383566559 0.07760989010989011
11 0.16146393972012918 0.8586881868131868 0.07678507355579477 0.11572802197802198
13 0.700394689630427 0.25927197802197804 0.21385001794043776 0.16071428571428573
13 0.7088266953713671 0.26837225274725274 0.1933979189092214 0.17342032967032966
