7 1670.0 1927.5 178.0 279.0
2 1427.0 139.5 104.0 127.0
8 503.5 1149.0 63.0 58.0
7 750.0 755.0 312.0 330.0
0 1078.0 1176.0 382.0 410.0
3 1204.0 1834.5 896.0 317.0
0 1171.0 1126.5 204.0 301.0
9 493.5 1967.5 343.0 233.0
3 1189.0 1871.5 930.0 197.0
7 938.0 832.5 152.0 411.0
11 760.5 609.0 323.0 112.0
13 750.0 755.0 312.0 330.0
10 175.0 2157.0 100.0 118.0
0 1166.0 1099.5 218.0 279.0
2 1392.0 349.0 74.0 104.0
11 1748.5 2051.0 129.0 186.0
8 498.5 1147.5 67.0 47.0
2 500.5 1148.5 61.0 61.0
2 1420.5 314.5 121.0 499.0
10 1748.5 2051.0 129.0 186.0
2 503.5 1149.0 63.0 58.0
2 1422.0 324.5 128.0 487.0
8 297.0 1878.0 30.0 28.0
9 750.0 755.0 312.0 330.0
3 1199.0 1781.0 882.0 412.0
11 1277.0 642.0 198.0 144.0
11 175.0 2157.0 100.0 118.0
9 454.0 1989.5 442.0 235.0
2 1437.0 510.0 90.0 104.0
