10 0.78515625 0.4855769230769231 0.046875 0.058048433048433046
11 0.78515625 0.4855769230769231 0.046875 0.058048433048433046
11 0.78564453125 0.4902065527065527 0.0322265625 0.04309116809116809
3 0.57275390625 0.4408831908831909 0.3258463541666667 0.10541310541310542
11 0.24332682291666666 0.44925213675213677 0.0517578125 0.09294871794871795
3 0.57275390625 0.4462250712250712 0.3277994791666667 0.05698005698005698
11 0.24641927083333334 0.44747150997151 0.033203125 0.03881766381766382
10 0.78564453125 0.4902065527065527 0.0322265625 0.04309116809116809
10 0.24332682291666666 0.44925213675213677 0.0517578125 0.09294871794871795
10 0.24641927083333334 0.44747150997151 0.033203125 0.03881766381766382
