10 0.09746168582375479 0.7532106164383562 0.06369731800766283 0.10402397260273973
10 0.14439655172413793 0.7071917808219178 0.14798850574712644 0.1267123287671233
7 0.1910919540229885 0.702054794520548 0.16091954022988506 0.045376712328767124
13 0.16307471264367815 0.6205051369863014 0.07136015325670499 0.04238013698630137
13 0.15780651340996169 0.6303510273972602 0.07806513409961686 0.03296232876712329
3 0.5759099616858238 0.6601027397260274 0.46599616858237547 0.1643835616438356
11 0.09746168582375479 0.7532106164383562 0.06369731800766283 0.10402397260273973
7 0.1846264367816092 0.6309931506849316 0.1910919540229885 0.1875
7 0.1932471264367816 0.6962756849315068 0.18630268199233715 0.05779109589041096
3 0.5557950191570882 0.6842893835616438 0.5253831417624522 0.14597602739726026
10 0.12763409961685823 0.7388698630136986 0.1221264367816092 0.0488013698630137
