11 0.11893203883495146 0.7396272855133614 0.03964401294498382 0.07067510548523206
10 0.11124595469255663 0.7447257383966245 0.040453074433656956 0.08438818565400844
3 0.5586569579288025 0.6510196905766527 0.4401294498381877 0.08263009845288326
11 0.3363673139158576 0.17528129395218003 0.15008090614886732 0.03410689170182841
3 0.5489482200647249 0.640295358649789 0.4393203883495146 0.13009845288326302
11 0.11124595469255663 0.7447257383966245 0.040453074433656956 0.08438818565400844
0 0.5627022653721683 0.32383966244725737 0.14158576051779936 0.1090014064697609
0 0.5673543689320388 0.32454289732770747 0.13147249190938512 0.11814345991561181
3 0.5568365695792881 0.6469760900140648 0.4413430420711974 0.12025316455696203
0 0.5833333333333334 0.3380801687763713 0.10194174757281553 0.13748241912798875
7 0.5936488673139159 0.4207102672292546 0.0983009708737864 0.07067510548523206
8 0.5936488673139159 0.4207102672292546 0.0983009708737864 0.07067510548523206
