9 0.6290690104166666 0.12613932291666666 0.1044921875 0.1337890625
8 0.2928059895833333 0.28466796875 0.0185546875 0.0166015625
8 0.2830403645833333 0.3693033854166667 0.0107421875 0.0126953125
0 0.56591796875 0.3103841145833333 0.1123046875 0.13248697916666666
11 0.37841796875 0.13704427083333334 0.10579427083333333 0.021484375
0 0.5691731770833334 0.32275390625 0.11555989583333333 0.1376953125
13 0.29052734375 0.2950846354166667 0.0400390625 0.037434895833333336
11 0.59375 0.1455078125 0.07356770833333333 0.048177083333333336
13 0.3015950520833333 0.28125 0.044596354166666664 0.026041666666666668
3 0.56298828125 0.5751953125 0.3479817708333333 0.11783854166666667
3 0.56201171875 0.5709635416666666 0.3440755208333333 0.072265625
0 0.5652669270833334 0.3009440104166667 0.1083984375 0.10123697916666667
13 0.2928059895833333 0.28466796875 0.0185546875 0.0166015625
