3 1176.5 1465.5 913.0 375.0
11 630.5 427.0 415.0 260.0
11 1476.5 334.5 245.0 57.0
9 1842.5 1530.5 79.0 449.0
8 429.0 897.5 40.0 25.0
7 1842.5 1530.5 79.0 449.0
3 1168.0 1465.0 908.0 346.0
8 531.5 645.5 13.0 21.0
9 258.0 1421.5 138.0 429.0
11 266.5 1418.0 117.0 442.0
3 1180.0 1471.0 902.0 362.0
0 1245.5 842.0 265.0 370.0
11 1599.5 399.5 247.0 213.0
11 711.0 392.0 440.0 204.0
0 1268.0 834.0 236.0 372.0
0 1238.0 788.0 296.0 270.0
7 258.0 1421.5 138.0 429.0
7 266.5 1418.0 117.0 442.0
13 736.0 463.0 138.0 166.0
