11 0.2773378582202112 0.2740578734858681 0.2877073906485671 0.3031628532974428
10 0.2703619909502262 0.47072678331090173 0.3212669683257919 0.3795423956931359
6 0.2865761689291101 0.32957604306864063 0.23529411764705882 0.24865410497981158
6 0.2939291101055807 0.3139300134589502 0.20701357466063347 0.27254374158815614
10 0.27526395173454 0.5452557200538358 0.3167420814479638 0.24125168236877523
7 0.2918552036199095 0.3248654104979812 0.20060331825037708 0.25336473755047106
11 0.30637254901960786 0.1655450874831763 0.18740573152337858 0.07940780619111709
13 0.2865761689291101 0.32957604306864063 0.23529411764705882 0.24865410497981158
10 0.27450980392156865 0.4094885598923284 0.3024132730015083 0.5659488559892328
7 0.2865761689291101 0.32957604306864063 0.23529411764705882 0.24865410497981158
6 0.7709276018099548 0.5669582772543742 0.2620663650075415 0.310228802153432
