11 0.3945446735395189 0.14661949685534592 0.10438144329896908 0.025157232704402517
3 0.5809707903780069 0.7955974842767296 0.4798109965635739 0.14386792452830188
0 0.585266323024055 0.39111635220125784 0.20146048109965636 0.1690251572327044
13 0.14411512027491408 0.6894654088050315 0.11211340206185567 0.03773584905660377
0 0.5992268041237113 0.3987814465408805 0.15807560137457044 0.1733490566037736
3 0.5829037800687286 0.7751572327044025 0.4845360824742268 0.1470125786163522
0 0.5895618556701031 0.39917452830188677 0.19888316151202748 0.17963836477987422
8 0.5889175257731959 0.4815251572327044 0.13144329896907217 0.14150943396226415
3 0.5854810996563574 0.7950078616352201 0.4888316151202749 0.1474056603773585
7 0.5889175257731959 0.4815251572327044 0.13144329896907217 0.14150943396226415
