3 0.5437411095305832 0.6832386363636364 0.42105263157894735 0.18110795454545456
1 0.3266358463726885 0.22230113636363635 0.23079658605974396 0.2919034090909091
2 0.6033072546230441 0.5461647727272727 0.05654338549075391 0.08025568181818182
7 0.3266358463726885 0.22230113636363635 0.23079658605974396 0.2919034090909091
9 0.1683854907539118 0.49946732954545453 0.016002844950213372 0.030894886363636364
8 0.6109530583214794 0.5395951704545454 0.03698435277382646 0.052201704545454544
8 0.677275960170697 0.6496803977272727 0.031650071123755334 0.03515625
1 0.31152204836415365 0.24272017045454544 0.23684210526315788 0.24609375
8 0.1683854907539118 0.49946732954545453 0.016002844950213372 0.030894886363636364
1 0.30849928876244664 0.20099431818181818 0.21870554765291608 0.21306818181818182
8 0.6778093883357041 0.6530539772727273 0.021337126600284494 0.02130681818181818
3 0.5458748221906117 0.6502130681818182 0.4139402560455192 0.21661931818181818
8 0.605796586059744 0.5427911931818182 0.03520625889046942 0.04723011363636364
2 0.6769203413940256 0.6507457386363636 0.021692745376955903 0.020951704545454544
8 0.5812588904694168 0.5717329545454546 0.016002844950213372 0.019886363636363636
2 0.16678520625889046 0.5010653409090909 0.01209103840682788 0.02556818181818182
7 0.16571834992887624 0.4991122159090909 0.011379800853485065 0.024502840909090908
