6 0.6263020833333334 0.15711805555555555 0.1440972222222222 0.14131944444444444
6 0.2437065972222222 0.20121527777777778 0.17578125 0.184375
13 0.2717013888888889 0.1857638888888889 0.24305555555555555 0.25069444444444444
6 0.6284722222222222 0.13506944444444444 0.1987847222222222 0.1326388888888889
13 0.2437065972222222 0.20121527777777778 0.17578125 0.184375
11 0.2994791666666667 0.0642361111111111 0.14930555555555555 0.03194444444444444
13 0.2424045138888889 0.23680555555555555 0.20789930555555555 0.2972222222222222
13 0.6213107638888888 0.1423611111111111 0.18880208333333334 0.13958333333333334
6 0.2717013888888889 0.1857638888888889 0.24305555555555555 0.25069444444444444
13 0.6284722222222222 0.13506944444444444 0.1987847222222222 0.1326388888888889
