11 0.6087239583333334 0.2060546875 0.033854166666666664 0.016276041666666668
3 0.5694986979166666 0.51220703125 0.3811848958333333 0.16243489583333334
9 0.4293619791666667 0.3400065104166667 0.07096354166666667 0.17545572916666666
0 0.5572916666666666 0.328125 0.109375 0.109375
0 0.5520833333333334 0.3162434895833333 0.11458333333333333 0.0849609375
3 0.5589192708333334 0.53759765625 0.359375 0.15657552083333334
3 0.56640625 0.5439453125 0.4140625 0.099609375
7 0.4293619791666667 0.3400065104166667 0.07096354166666667 0.17545572916666666
0 0.5647786458333334 0.3310546875 0.09375 0.10807291666666667
11 0.4178059895833333 0.1923828125 0.0498046875 0.013671875
