11 0.09266493055555555 0.7276041666666667 0.047309027777777776 0.04131944444444444
9 0.3428819444444444 0.5706597222222223 0.14756944444444445 0.09131944444444444
6 0.3259548611111111 0.5788194444444444 0.18229166666666666 0.14444444444444443
10 0.09266493055555555 0.7276041666666667 0.047309027777777776 0.04131944444444444
10 0.7141927083333334 0.43767361111111114 0.3094618055555556 0.496875
10 0.7003038194444444 0.4378472222222222 0.3207465277777778 0.5069444444444444
1 0.7141927083333334 0.43767361111111114 0.3094618055555556 0.496875
6 0.3250868055555556 0.58125 0.20052083333333334 0.175
9 0.7141927083333334 0.43767361111111114 0.3094618055555556 0.496875
10 0.6922743055555556 0.4401041666666667 0.3428819444444444 0.5114583333333333
7 0.3428819444444444 0.5706597222222223 0.14756944444444445 0.09131944444444444
