3 0.6006683375104428 0.7344622255303312 0.47368421052631576 0.15742463714179383
13 0.6890142021720969 0.23967249720878303 0.07393483709273183 0.12132489765537774
11 0.4076858813700919 0.1769631559359881 0.06599832915622389 0.023446222553033122
8 0.8047201336675021 0.2945664309639003 0.015455304928989139 0.013770003721622627
0 0.5992063492063492 0.3470413100111649 0.18504594820384293 0.17528842575362857
3 0.6006683375104428 0.7245999255675475 0.4753550543024227 0.16300707108299217
8 0.914578111946533 0.898585783401563 0.01211361737677527 0.013025679196129512
11 0.6192564745196324 0.20599181243021958 0.10818713450292397 0.106810569408262
0 0.6152882205513784 0.3355042798660216 0.14536340852130325 0.15221436546334202
0 0.6209273182957393 0.3381094157052475 0.1324143692564745 0.14998139188686266
