0 0.5213942307692307 0.25262368815592207 0.23028846153846153 0.14842578710644677
0 0.5800480769230769 0.25412293853073464 0.11971153846153847 0.15742128935532235
5 0.7649038461538461 0.3028485757121439 0.19807692307692307 0.23013493253373313
3 0.6098557692307692 0.5520989505247377 0.5620192307692308 0.20164917541229385
9 0.4411057692307692 0.40011244377811095 0.22067307692307692 0.05584707646176912
9 0.4685096153846154 0.47395052473763116 0.2956730769230769 0.3841829085457271
3 0.6293269230769231 0.5241754122938531 0.5471153846153847 0.3137181409295352
2 0.12740384615384615 0.5363568215892054 0.06153846153846154 0.06296851574212893
3 0.5975961538461538 0.5558470764617691 0.573076923076923 0.19790104947526238
0 0.5132211538461539 0.25618440779610197 0.2841346153846154 0.15629685157421289
