4 0.42200725513905685 0.25548872180451127 0.1120515920999597 0.15609022556390978
7 0.373639661426844 0.2580451127819549 0.22893994357114067 0.19969924812030077
9 0.25272067714631197 0.5933834586466166 0.33454252317613864 0.06255639097744362
4 0.4040709391374446 0.34345864661654135 0.19064893188230553 0.3548872180451128
13 0.31237404272470776 0.4063157894736842 0.08141878274889158 0.0481203007518797
0 0.6497380088673922 0.31669172932330825 0.1354292623941959 0.1106766917293233
0 0.6553808948004837 0.3063157894736842 0.12091898428053205 0.08451127819548872
0 0.6509471987101975 0.32526315789473687 0.12898024989923418 0.11278195488721804
7 0.4040709391374446 0.34345864661654135 0.19064893188230553 0.3548872180451128
7 0.43188230552196694 0.34075187969924814 0.15679161628375654 0.2887218045112782
