13 0.34011194029850744 0.252884932410155 0.23917910447761195 0.23409165842400265
0 0.5815298507462686 0.3254203758654797 0.1003731343283582 0.12265084075173097
11 0.616044776119403 0.1373227827233762 0.020149253731343283 0.008242664029014177
8 0.20634328358208956 0.4587866798549291 0.011940298507462687 0.007583250906693043
8 0.2798507462686567 0.2413452027695351 0.09850746268656717 0.08572370590174744
2 0.34011194029850744 0.252884932410155 0.23917910447761195 0.23409165842400265
10 0.1 0.7068908671282559 0.033582089552238806 0.07187603033300363
8 0.20652985074626865 0.4256511704582921 0.01753731343283582 0.01252884932410155
8 0.3953358208955224 0.18084404879657104 0.07873134328358208 0.11308935047807452
8 0.20746268656716418 0.4256511704582921 0.011940298507462687 0.015166501813386087
8 0.24514925373134328 0.27299703264094954 0.014179104477611941 0.013847675568743818
10 0.37854477611940296 0.13369601055060995 0.13843283582089552 0.023409165842400263
8 0.3347014925373134 0.46356742499175735 0.014179104477611941 0.009231783712495879
8 0.36007462686567165 0.34091658424002635 0.13059701492537312 0.07649192218925156
11 0.1 0.7068908671282559 0.033582089552238806 0.07187603033300363
8 0.25410447761194027 0.24579624134520278 0.012686567164179104 0.03066271018793274
8 0.2042910447761194 0.4577975601714474 0.010074626865671642 0.008242664029014177
8 0.29757462686567165 0.21529838443785032 0.027985074626865673 0.01714474118034949
