0 0.4915364583333333 0.32569444444444445 0.10807291666666667 0.12152777777777778
9 0.3524305555555556 0.24427083333333333 0.06336805555555555 0.16701388888888888
9 0.3433159722222222 0.26927083333333335 0.0703125 0.11770833333333333
7 0.3433159722222222 0.26927083333333335 0.0703125 0.11770833333333333
10 0.1323784722222222 0.5746527777777778 0.2630208333333333 0.2916666666666667
11 0.13563368055555555 0.5789930555555556 0.2625868055555556 0.2864583333333333
10 0.13563368055555555 0.5789930555555556 0.2625868055555556 0.2864583333333333
10 0.8051215277777778 0.5921875 0.08159722222222222 0.11145833333333334
7 0.14778645833333334 0.5503472222222222 0.2009548611111111 0.08958333333333333
13 0.3522135416666667 0.190625 0.04296875 0.05416666666666667
10 0.7788628472222222 0.5831597222222222 0.0993923611111111 0.09895833333333333
7 0.142578125 0.5467013888888889 0.20703125 0.13854166666666667
10 0.06727430555555555 0.603125 0.13020833333333334 0.09236111111111112
7 0.1918402777777778 0.5331597222222222 0.2230902777777778 0.16909722222222223
10 0.7476128472222222 0.6138888888888889 0.20008680555555555 0.13958333333333334
