9 0.8168402777777778 0.6265625 0.16927083333333334 0.12395833333333334
12 0.708984375 0.20052083333333334 0.24609375 0.128125
9 0.9333767361111112 0.6258680555555556 0.01171875 0.08645833333333333
10 0.8567708333333334 0.6402777777777777 0.11024305555555555 0.1284722222222222
11 0.8567708333333334 0.6402777777777777 0.11024305555555555 0.1284722222222222
0 0.6223958333333334 0.25763888888888886 0.1015625 0.09652777777777778
9 0.8567708333333334 0.6402777777777777 0.11024305555555555 0.1284722222222222
3 0.5733506944444444 0.5897569444444445 0.3958333333333333 0.13784722222222223
0 0.6111111111111112 0.2543402777777778 0.12065972222222222 0.09895833333333333
9 0.94921875 0.5253472222222222 0.0625 0.26319444444444445
