0 0.6052517361111112 0.3314236111111111 0.11067708333333333 0.07465277777777778
3 0.5920138888888888 0.6498263888888889 0.4140625 0.11354166666666667
8 0.2560763888888889 0.5241319444444444 0.03298611111111111 0.023958333333333335
11 0.1284722222222222 0.6993055555555555 0.0685763888888889 0.14652777777777778
0 0.6059027777777778 0.3420138888888889 0.1310763888888889 0.09930555555555555
8 0.2532552083333333 0.5248263888888889 0.039496527777777776 0.028819444444444446
10 0.1284722222222222 0.6993055555555555 0.0685763888888889 0.14652777777777778
8 0.2567274305555556 0.5241319444444444 0.032552083333333336 0.024652777777777777
11 0.1603732638888889 0.5720486111111112 0.03689236111111111 0.11493055555555555
7 0.3077256944444444 0.459375 0.3715277777777778 0.5138888888888888
7 0.306640625 0.44913194444444443 0.3415798611111111 0.47604166666666664
