11 0.29912361623616235 0.17942880794701987 0.19418819188191883 0.1072019867549669
13 0.7774446494464945 0.2684188741721854 0.139760147601476 0.07740066225165564
11 0.7061808118081181 0.15149006622516556 0.11531365313653137 0.046357615894039736
13 0.32702952029520294 0.316432119205298 0.16236162361623616 0.15107615894039736
11 0.7730627306273062 0.2464817880794702 0.1088560885608856 0.10471854304635761
0 0.5625 0.28311258278145696 0.13330258302583026 0.10844370860927152
13 0.7785977859778598 0.26924668874172186 0.09040590405904059 0.05504966887417218
11 0.6902675276752768 0.142591059602649 0.15544280442804428 0.06415562913907284
7 0.7730627306273062 0.2464817880794702 0.1088560885608856 0.10471854304635761
2 0.6086254612546126 0.27028145695364236 0.0253690036900369 0.04304635761589404
13 0.7730627306273062 0.2464817880794702 0.1088560885608856 0.10471854304635761
11 0.30857933579335795 0.1634933774834437 0.17619926199261993 0.056291390728476824
11 0.31642066420664205 0.15894039735099338 0.17896678966789667 0.06788079470198675
11 0.7144833948339483 0.15418046357615894 0.11808118081180811 0.06001655629139073
13 0.3138837638376384 0.3038079470198676 0.18404059040590406 0.1697019867549669
0 0.5657287822878229 0.2918046357615894 0.128690036900369 0.11920529801324503
13 0.29404981549815495 0.31870860927152317 0.15636531365313652 0.1357615894039735
