8 0.8116803278688525 0.5848527349228612 0.022540983606557378 0.023842917251051893
9 0.8116803278688525 0.5848527349228612 0.022540983606557378 0.023842917251051893
3 0.6086065573770492 0.741234221598878 0.5 0.13464235624123422
9 0.13668032786885245 0.5157784011220197 0.020901639344262295 0.01753155680224404
0 0.573155737704918 0.36868863955119213 0.1889344262295082 0.15603085553997195
0 0.5797131147540984 0.35010518934081347 0.175 0.1223702664796634
7 0.13668032786885245 0.5157784011220197 0.020901639344262295 0.01753155680224404
3 0.6110655737704918 0.7561360448807855 0.5336065573770492 0.17847124824684432
3 0.6075819672131147 0.7656030855539971 0.475 0.16374474053295932
0 0.5815573770491803 0.3714936886395512 0.16967213114754098 0.1658485273492286
