10 0.09635416666666667 0.5342013888888889 0.06163194444444445 0.05381944444444445
10 0.08745659722222222 0.5352430555555555 0.06553819444444445 0.05243055555555556
13 0.8012152777777778 0.4887152777777778 0.13975694444444445 0.03923611111111111
7 0.265625 0.5605902777777778 0.2925347222222222 0.121875
0 0.5455729166666666 0.3404513888888889 0.12586805555555555 0.12743055555555555
0 0.5479600694444444 0.32447916666666665 0.10894097222222222 0.0954861111111111
3 0.556640625 0.5293402777777778 0.4223090277777778 0.1267361111111111
11 0.08745659722222222 0.5352430555555555 0.06553819444444445 0.05243055555555556
11 0.09635416666666667 0.5342013888888889 0.06163194444444445 0.05381944444444445
9 0.22005208333333334 0.49774305555555554 0.1831597222222222 0.05451388888888889
10 0.14322916666666666 0.5859375 0.18489583333333334 0.10451388888888889
9 0.21983506944444445 0.5105902777777778 0.17838541666666666 0.03993055555555555
13 0.8185763888888888 0.4934027777777778 0.11284722222222222 0.029861111111111113
13 0.1304253472222222 0.5253472222222222 0.07682291666666667 0.04097222222222222
