0 0.6114016736401674 0.31536458333333334 0.12238493723849372 0.1171875
8 0.30360878661087864 0.2950520833333333 0.022489539748953975 0.022395833333333334
8 0.11114016736401673 0.7671875 0.023535564853556484 0.022916666666666665
8 0.7379707112970711 0.7567708333333333 0.02615062761506276 0.026041666666666668
8 0.18906903765690378 0.34479166666666666 0.019351464435146442 0.017708333333333333
8 0.8389121338912134 0.5994791666666667 0.252092050209205 0.428125
0 0.6174163179916318 0.31354166666666666 0.10198744769874477 0.09583333333333334
8 0.2502615062761506 0.5078125 0.33838912133891214 0.6989583333333333
8 0.8106694560669456 0.5666666666666667 0.26673640167364016 0.5354166666666667
0 0.6114016736401674 0.32890625 0.12238493723849372 0.15572916666666667
8 0.30857740585774057 0.5291666666666667 0.029288702928870293 0.028125
8 0.35251046025104604 0.3567708333333333 0.0198744769874477 0.015625
8 0.13493723849372385 0.4002604166666667 0.02092050209205021 0.024479166666666666
8 0.21208158995815898 0.4440104166666667 0.025627615062761507 0.021354166666666667
8 0.19586820083682008 0.28984375 0.018305439330543932 0.016145833333333335
8 0.18357740585774057 0.36666666666666664 0.0198744769874477 0.017708333333333333
8 0.8459728033472803 0.40390625 0.018305439330543932 0.016145833333333335
8 0.2065899581589958 0.36041666666666666 0.013598326359832637 0.014583333333333334
8 0.21731171548117154 0.49973958333333335 0.33838912133891214 0.6182291666666667
8 0.8462343096234309 0.7041666666666667 0.02092050209205021 0.022916666666666665
8 0.7989016736401674 0.46015625 0.020397489539748955 0.0203125
