13 0.2737650477376505 0.5990444689452408 0.07181403071814031 0.08085262771040058
13 0.259236197592362 0.4932010290334436 0.23536737235367372 0.4660051451672179
6 0.2646326276463263 0.46049246600514515 0.23204649232046493 0.49173098125689085
0 0.5348692403486924 0.3438074237412716 0.12079701120797011 0.13193678794560823
3 0.5354919053549191 0.6240352811466373 0.43918638439186386 0.11098860712973171
11 0.2878787878787879 0.24770305034913634 0.14985471149854712 0.06982726938625505
4 0.23432959734329598 0.6027195883866225 0.13740141137401413 0.12936420433664095
0 0.49605645496056455 0.3338846012495406 0.15110004151100043 0.11356119073869901
6 0.259236197592362 0.4932010290334436 0.23536737235367372 0.4660051451672179
0 0.4842258198422582 0.340683572216097 0.18140307181403073 0.1256890848952591
4 0.2494811124948111 0.4489158397647924 0.16521378165213782 0.14590224182285924
7 0.24906600249066002 0.5475927967658949 0.18762972187629723 0.33076074972436603
