6 0.271484375 0.5020833333333333 0.2504340277777778 0.2722222222222222
6 0.2595486111111111 0.5225694444444444 0.2760416666666667 0.40625
0 0.5180121527777778 0.3390625 0.12196180555555555 0.10798611111111112
5 0.267578125 0.49409722222222224 0.25390625 0.4756944444444444
5 0.271484375 0.5020833333333333 0.2504340277777778 0.2722222222222222
13 0.5733506944444444 0.34652777777777777 0.035590277777777776 0.02013888888888889
5 0.6840277777777778 0.4953125 0.21875 0.43506944444444445
5 0.7122395833333334 0.5184027777777778 0.15364583333333334 0.2638888888888889
13 0.6276041666666666 0.35260416666666666 0.036458333333333336 0.01840277777777778
6 0.7122395833333334 0.5184027777777778 0.15364583333333334 0.2638888888888889
6 0.6909722222222222 0.5734375 0.2144097222222222 0.3579861111111111
