3 0.5870768229166666 0.6027018229166666 0.3024088541666667 0.11881510416666667
11 0.6954752604166666 0.20426432291666666 0.09147135416666667 0.039388020833333336
11 0.4640299479166667 0.19466145833333334 0.11100260416666667 0.030598958333333332
0 0.6165364583333334 0.3307291666666667 0.091796875 0.09505208333333333
3 0.5896809895833334 0.6046549479166666 0.3089192708333333 0.11100260416666667
0 0.62353515625 0.3268229166666667 0.08235677083333333 0.09440104166666667
9 0.3699544270833333 0.59521484375 0.019856770833333332 0.0205078125
8 0.3699544270833333 0.59521484375 0.019856770833333332 0.0205078125
0 0.6201171875 0.3253580729166667 0.08203125 0.0966796875
3 0.5888671875 0.5895182291666666 0.2994791666666667 0.14322916666666666
