10 0.23719618055555555 0.4206597222222222 0.3068576388888889 0.5350694444444445
4 0.2623697916666667 0.4095486111111111 0.2686631944444444 0.3940972222222222
7 0.2623697916666667 0.4095486111111111 0.2686631944444444 0.3940972222222222
12 0.1410590277777778 0.36961805555555555 0.0546875 0.071875
7 0.2517361111111111 0.3578125 0.2786458333333333 0.4357638888888889
10 0.13736979166666666 0.5402777777777777 0.2608506944444444 0.2722222222222222
11 0.22569444444444445 0.1684027777777778 0.1684027777777778 0.13472222222222222
11 0.1990017361111111 0.20034722222222223 0.19921875 0.16597222222222222
7 0.24739583333333334 0.2960069444444444 0.19618055555555555 0.165625
10 0.1755642361111111 0.5498263888888889 0.3276909722222222 0.31631944444444443
4 0.2517361111111111 0.3578125 0.2786458333333333 0.4357638888888889
