10 0.283203125 0.4680989583333333 0.220703125 0.22265625
13 0.3343098958333333 0.20572916666666666 0.18619791666666666 0.208984375
13 0.3147786458333333 0.216796875 0.189453125 0.203125
10 0.21061197916666666 0.4842122395833333 0.11002604166666667 0.15852864583333334
13 0.3282877604166667 0.20670572916666666 0.21061197916666666 0.22005208333333334
10 0.2770182291666667 0.498046875 0.201171875 0.17252604166666666
13 0.64990234375 0.21565755208333334 0.1708984375 0.22688802083333334
13 0.6554361979166666 0.21793619791666666 0.15266927083333334 0.2060546875
7 0.2941080729166667 0.4783528645833333 0.2041015625 0.0732421875
6 0.6554361979166666 0.21793619791666666 0.15266927083333334 0.2060546875
7 0.3167317708333333 0.4376627604166667 0.19856770833333334 0.10709635416666667
13 0.6583658854166666 0.19791666666666666 0.15852864583333334 0.19466145833333334
6 0.3343098958333333 0.20572916666666666 0.18619791666666666 0.208984375
