0 0.578024877497173 0.382908074099965 0.14662646061062948 0.13596644529884655
11 0.3087071240105541 0.17790982174065012 0.14700339238597815 0.03495281370150297
11 0.6396532227666792 0.188046137714086 0.11006407840180928 0.02376791331702202
0 0.5870712401055409 0.38448095071653265 0.1345646437994723 0.1328206920657113
11 0.7821334338484734 0.2457182803215659 0.06709385601206182 0.09087731562390773
2 0.8360346777233321 0.5803914715134568 0.012815680361854504 0.01083537224746592
0 0.600829249905767 0.37067458930443903 0.09649453448925745 0.0975183502271933
3 0.6108179419525066 0.7105907025515554 0.4104787033546928 0.1670744494931842
11 0.29589144364869957 0.21216357916812303 0.19525065963060687 0.11464522894092974
3 0.606483226535997 0.7039496679482699 0.42593290614398793 0.1586857742048235
