11 0.7066929133858267 0.16357421875 0.27874015748031494 0.14225260416666666
4 0.7318897637795275 0.23893229166666666 0.18425196850393702 0.18684895833333334
13 0.7301181102362204 0.23209635416666666 0.1704724409448819 0.21419270833333334
6 0.7169291338582677 0.2333984375 0.22677165354330708 0.1796875
11 0.8354330708661417 0.5755208333333334 0.1094488188976378 0.19010416666666666
10 0.8206692913385827 0.583984375 0.16338582677165353 0.16927083333333334
10 0.8525590551181103 0.5734049479166666 0.09488188976377952 0.15592447916666666
13 0.22440944881889763 0.3523763020833333 0.10866141732283464 0.0537109375
10 0.8354330708661417 0.5755208333333334 0.1094488188976378 0.19010416666666666
13 0.2312992125984252 0.3492838541666667 0.08622047244094488 0.050130208333333336
4 0.7521653543307086 0.19645182291666666 0.14291338582677166 0.09537760416666667
0 0.6171259842519685 0.26806640625 0.13031496062992126 0.10319010416666667
13 0.7318897637795275 0.23893229166666666 0.18425196850393702 0.18684895833333334
6 0.23188976377952755 0.3982747395833333 0.08503937007874016 0.17154947916666666
13 0.7169291338582677 0.2333984375 0.22677165354330708 0.1796875
