2 0.5983416891631315 0.3714380384360504 0.018897030466640957 0.026507620941020542
11 0.8929811029695334 0.736414844267727 0.05514847666795218 0.1149768058316766
0 0.5925568839182415 0.31610337972166996 0.11993829541072117 0.0927766732935719
0 0.5873505591978403 0.3318422796554009 0.13729271114539143 0.1242544731610338
0 0.5954492865406865 0.33167660702451957 0.11029695333590436 0.1272365805168986
3 0.5686463555726957 0.6424784625579855 0.43386039336675664 0.13452617627567925
10 0.8929811029695334 0.736414844267727 0.05514847666795218 0.1149768058316766
9 0.1322792132664867 0.7054340622929092 0.15426147319706904 0.14910536779324055
13 0.4037794060933282 0.5177269715043075 0.054762822984959506 0.06063618290258449
11 0.6374855379868878 0.17047713717693838 0.10875433860393367 0.039430086149768055
