10 0.760986328125 0.5456 0.06787109375 0.08
3 0.51416015625 0.5082 0.396484375 0.114
0 0.51025390625 0.2782 0.0888671875 0.0764
3 0.51806640625 0.4976 0.3876953125 0.0912
9 0.42919921875 0.465 0.1630859375 0.3764
9 0.4169921875 0.408 0.1220703125 0.3496
11 0.75341796875 0.5412 0.05078125 0.0744
3 0.52294921875 0.4988 0.380859375 0.096
0 0.502197265625 0.284 0.09228515625 0.0744
11 0.760986328125 0.5456 0.06787109375 0.08
13 0.760986328125 0.5456 0.06787109375 0.08
9 0.4384765625 0.4146 0.1630859375 0.398
10 0.75341796875 0.5412 0.05078125 0.0744
