5 0.7419704861111112 0.4505208333333333 0.15147569444444445 0.2204861111111111
6 0.7506510416666666 0.4739583333333333 0.16536458333333334 0.17430555555555555
6 0.2805989583333333 0.45868055555555554 0.2209201388888889 0.2048611111111111
5 0.3016493055555556 0.41961805555555554 0.2734375 0.2677083333333333
0 0.5733506944444444 0.3428819444444444 0.0876736111111111 0.07604166666666666
3 0.5794270833333334 0.5470486111111111 0.4071180555555556 0.1329861111111111
5 0.2749565972222222 0.44913194444444443 0.1566840277777778 0.20590277777777777
0 0.5638020833333334 0.3470486111111111 0.1154513888888889 0.08576388888888889
3 0.5850694444444444 0.5645833333333333 0.4131944444444444 0.12569444444444444
3 0.5868055555555556 0.5588541666666667 0.4131944444444444 0.134375
0 0.5481770833333334 0.33645833333333336 0.11805555555555555 0.06527777777777778
