3 0.58349609375 0.51171875 0.3030598958333333 0.08528645833333333
9 0.5362955729166666 0.2727864583333333 0.0908203125 0.18033854166666666
9 0.5074869791666666 0.2711588541666667 0.055989583333333336 0.12239583333333333
0 0.63525390625 0.3255208333333333 0.12467447916666667 0.11783854166666667
3 0.58740234375 0.50439453125 0.3154296875 0.1142578125
13 0.4093424479166667 0.4542643229166667 0.07975260416666667 0.056966145833333336
0 0.6321614583333334 0.3499348958333333 0.13736979166666666 0.150390625
0 0.6349283854166666 0.3199869791666667 0.1298828125 0.109375
13 0.7667643229166666 0.283203125 0.047200520833333336 0.057942708333333336
13 0.4130859375 0.4597981770833333 0.078125 0.06803385416666667
13 0.4012044270833333 0.4493815104166667 0.06998697916666667 0.06608072916666667
