7 0.2710503472222222 0.45729166666666665 0.21484375 0.14444444444444443
3 0.5933159722222222 0.5013888888888889 0.4574652777777778 0.14583333333333334
3 0.587890625 0.5038194444444445 0.4813368055555556 0.11597222222222223
6 0.2816840277777778 0.4684027777777778 0.1814236111111111 0.12638888888888888
0 0.5651041666666666 0.2796875 0.16319444444444445 0.15381944444444445
6 0.7673611111111112 0.30069444444444443 0.08333333333333333 0.06111111111111111
3 0.5857204861111112 0.5201388888888889 0.4674479166666667 0.15208333333333332
0 0.5718315972222222 0.2621527777777778 0.1488715277777778 0.12222222222222222
6 0.7682291666666666 0.2960069444444444 0.0859375 0.06284722222222222
7 0.7673611111111112 0.30069444444444443 0.08333333333333333 0.06111111111111111
4 0.2710503472222222 0.45729166666666665 0.21484375 0.14444444444444443
0 0.5653211805555556 0.2703125 0.1462673611111111 0.1329861111111111
6 0.2710503472222222 0.45729166666666665 0.21484375 0.14444444444444443
