11 298.0 2981.0 208.0 256.0
11 317.0 3003.0 122.0 140.0
11 303.5 2930.0 189.0 300.0
11 2458.0 2865.5 246.0 239.0
10 317.0 3003.0 122.0 140.0
10 2508.5 2844.0 107.0 70.0
10 298.0 2981.0 208.0 256.0
7 817.0 811.5 986.0 881.0
11 2508.5 2844.0 107.0 70.0
6 739.5 811.5 735.0 817.0
10 2482.5 2769.5 217.0 283.0
4 817.0 811.5 986.0 881.0
13 817.0 811.5 986.0 881.0
4 784.5 798.0 707.0 916.0
13 784.5 798.0 707.0 916.0
10 303.5 2930.0 189.0 300.0
10 2458.0 2865.5 246.0 239.0
11 2482.5 2769.5 217.0 283.0
13 739.5 811.5 735.0 817.0
