6 0.8020833333333334 0.5267361111111111 0.17708333333333334 0.12777777777777777
7 0.2630208333333333 0.6057291666666667 0.24305555555555555 0.14479166666666668
4 0.2630208333333333 0.6057291666666667 0.24305555555555555 0.14479166666666668
6 0.7805989583333334 0.5255208333333333 0.16536458333333334 0.11840277777777777
4 0.2762586805555556 0.5975694444444445 0.18098958333333334 0.1451388888888889
6 0.1501736111111111 0.5881944444444445 0.1467013888888889 0.14097222222222222
7 0.22743055555555555 0.5965277777777778 0.2838541666666667 0.16319444444444445
7 0.8020833333333334 0.5267361111111111 0.17708333333333334 0.12777777777777777
6 0.7907986111111112 0.5295138888888888 0.1449652777777778 0.14583333333333334
13 0.677734375 0.5045138888888889 0.039496527777777776 0.01875
