10 0.1732233502538071 0.879375 0.06281725888324872 0.07125
11 0.8313769035532995 0.86140625 0.02315989847715736 0.0228125
11 0.8299492385786802 0.85421875 0.0583756345177665 0.0803125
10 0.8299492385786802 0.85421875 0.0583756345177665 0.0803125
11 0.8229695431472082 0.8625 0.050761421319796954 0.056875
10 0.8313769035532995 0.86140625 0.02315989847715736 0.0228125
11 0.1664022842639594 0.87515625 0.033312182741116754 0.0321875
10 0.1664022842639594 0.87515625 0.033312182741116754 0.0321875
11 0.1736992385786802 0.87578125 0.070748730964467 0.0871875
11 0.1732233502538071 0.879375 0.06281725888324872 0.07125
0 0.5945431472081218 0.3703125 0.07233502538071065 0.070625
