10 0.27499070977331846 0.41815815164334524 0.33370494240059456 0.5519036771884153
10 0.27220364176885914 0.49430523917995445 0.3318468970642884 0.43735763097949887
10 0.28130806391675955 0.3926130816791409 0.3463396506874768 0.5008135372600065
6 0.2833519137866964 0.35714285714285715 0.1705685618729097 0.09729905629677839
6 0.3171683389074693 0.30182232346241455 0.13712374581939799 0.17084282460136674
7 0.28112225938312896 0.35681744223885453 0.14752879970271274 0.1252847380410023
11 0.25418060200668896 0.22339733159778719 0.20661464139725008 0.10445818418483567
6 0.7539947974730583 0.49463065408395707 0.22073578595317725 0.46208916368369674
7 0.2833519137866964 0.35714285714285715 0.1705685618729097 0.09729905629677839
6 0.7315124489037532 0.5219655060201758 0.2523225566703828 0.37487796941099905
