11 0.5920138888888888 0.11822916666666666 0.1440972222222222 0.04826388888888889
8 0.12109375 0.24357638888888888 0.019965277777777776 0.013541666666666667
11 0.2764756944444444 0.11232638888888889 0.1328125 0.02673611111111111
11 0.27734375 0.10972222222222222 0.08072916666666667 0.022222222222222223
8 0.1193576388888889 0.24340277777777777 0.0234375 0.018055555555555554
8 0.1189236111111111 0.24166666666666667 0.017361111111111112 0.016666666666666666
11 0.2623697916666667 0.11631944444444445 0.1427951388888889 0.04027777777777778
8 0.296875 0.28072916666666664 0.059895833333333336 0.05451388888888889
0 0.4622395833333333 0.2953125 0.1189236111111111 0.09618055555555556
8 0.3014322916666667 0.2838541666666667 0.0724826388888889 0.057291666666666664
11 0.5787760416666666 0.11371527777777778 0.0959201388888889 0.025347222222222222
