0 0.6068154643284177 0.31617926319787315 0.13591072140294938 0.1500189897455374
10 0.8363889996014349 0.7039498670717812 0.1287365484256676 0.15761488796050133
3 0.5474292546831407 0.6750854538549184 0.5631725787166202 0.12799088492214206
0 0.6291351135910721 0.3211165970375997 0.09286568353925867 0.13710596278009873
10 0.8439617377441212 0.6756551462210406 0.13591072140294938 0.12988985947588302
10 0.08589079314467915 0.7622483858716294 0.07931446791550419 0.13292821876186858
10 0.18433638899960145 0.7098366881883783 0.24990035870864885 0.19673376376756552
10 0.8230370665603827 0.7016710976072921 0.18094858509366282 0.1591340676034941
3 0.5147469111199681 0.685909608811242 0.5185332801913113 0.18533991644511963
3 0.5320844958150658 0.6602734523357388 0.5332801913112794 0.1682491454614508
0 0.6022319649262654 0.3568173186479301 0.15384615384615385 0.23357387011014052
10 0.1273415703467517 0.7400303835928599 0.13591072140294938 0.10140524116976833
