7 0.6762152777777778 0.45381944444444444 0.15104166666666666 0.12083333333333333
7 0.1950954861111111 0.528125 0.2261284722222222 0.35694444444444445
3 0.5030381944444444 0.5579861111111111 0.3897569444444444 0.13680555555555557
0 0.4965277777777778 0.3463541666666667 0.12152777777777778 0.12743055555555555
3 0.50390625 0.5677083333333334 0.4010416666666667 0.10902777777777778
7 0.6703559027777778 0.39791666666666664 0.16276041666666666 0.21319444444444444
10 0.6786024305555556 0.5274305555555555 0.22178819444444445 0.33055555555555555
10 0.7087673611111112 0.4857638888888889 0.2404513888888889 0.38680555555555557
7 0.6165364583333334 0.4154513888888889 0.2365451388888889 0.19826388888888888
10 0.6796875 0.5017361111111112 0.2204861111111111 0.2881944444444444
