9 0.39920376402461094 0.6009316770186336 0.1237785016286645 0.1669254658385093
11 0.8800217155266015 0.7302018633540373 0.07781397032211365 0.10326086956521739
8 0.3952225841476656 0.5962732919254659 0.13463626492942454 0.18555900621118013
8 0.39920376402461094 0.6009316770186336 0.1237785016286645 0.1669254658385093
10 0.8697068403908795 0.7140916149068323 0.10061527325370974 0.10131987577639752
3 0.581252262034021 0.7414596273291926 0.4661599710459645 0.1482919254658385
0 0.5821570756424177 0.3687888198757764 0.11907347086500181 0.13043478260869565
10 0.8798407528049221 0.7571816770186336 0.10278682591386175 0.20690993788819875
10 0.8800217155266015 0.7302018633540373 0.07781397032211365 0.10326086956521739
3 0.5865001809627217 0.6684782608695652 0.44625407166123776 0.19254658385093168
8 0.40408975750995296 0.6050077639751553 0.1386174448063699 0.16032608695652173
3 0.5781758957654723 0.6785714285714286 0.44046326456749907 0.18167701863354038
