8 0.6294785384888258 0.3674049685722838 0.1798510109968074 0.210416043100868
13 0.8258247605533877 0.6785393594732116 0.04824405817665839 0.04788985333732416
10 0.8667967364313587 0.7174498653097875 0.049308265342319975 0.06405267883867105
0 0.5807023767293367 0.4389404369949117 0.15324583185526783 0.18527387009877283
0 0.5581766583894998 0.4488177192457348 0.19900673997871585 0.20263394193355283
13 0.824405817665839 0.6837773121819815 0.05746718694572543 0.047590541753965876
8 0.6085491308974814 0.38087398982340614 0.21958141184817312 0.23196647710266388
0 0.5897481376374601 0.43310386111942534 0.1493437389145087 0.17599521101466628
4 0.6014544164597375 0.36067045794672253 0.2323518978361121 0.23825202035318765
11 0.8667967364313587 0.7174498653097875 0.049308265342319975 0.06405267883867105
13 0.8288400141894289 0.6762945225980246 0.06207875133025896 0.046991918587249326
3 0.5675771550195104 0.7403472014366956 0.4455480666903157 0.13798263992816523
8 0.6014544164597375 0.36067045794672253 0.2323518978361121 0.23825202035318765
9 0.8258247605533877 0.6785393594732116 0.04824405817665839 0.04788985333732416
