3 0.6288284839203675 0.7023338607594937 0.42381316998468604 0.1261867088607595
0 0.6026033690658499 0.4119857594936709 0.10643185298621746 0.13884493670886075
0 0.6073889739663093 0.4177215189873418 0.10298621745788668 0.1495253164556962
13 0.3016845329249617 0.38212025316455694 0.0444104134762634 0.05300632911392405
3 0.6240428790199081 0.6975870253164557 0.4119448698315467 0.11115506329113924
13 0.34264931087289435 0.6445806962025317 0.09188361408882083 0.11748417721518987
0 0.6127488514548239 0.40249208860759494 0.08537519142419601 0.11590189873417721
13 0.36160030627871365 0.6518987341772152 0.06010719754977029 0.10205696202531646
13 0.35834609494640124 0.6463607594936709 0.07656967840735068 0.09414556962025317
3 0.6294027565084227 0.6918512658227848 0.43644716692189894 0.13291139240506328
13 0.29173047473200614 0.36906645569620256 0.04670750382848392 0.056962025316455694
