13 0.2690972222222222 0.2763888888888889 0.20225694444444445 0.1673611111111111
2 0.2983940972222222 0.2769097222222222 0.2400173611111111 0.19895833333333332
12 0.7332899305555556 0.45729166666666665 0.3589409722222222 0.5888888888888889
10 0.8567708333333334 0.7625 0.1362847222222222 0.041666666666666664
12 0.7113715277777778 0.2671875 0.2864583333333333 0.19270833333333334
12 0.7178819444444444 0.2777777777777778 0.2769097222222222 0.21597222222222223
8 0.3658854166666667 0.42118055555555556 0.1154513888888889 0.09166666666666666
4 0.7769097222222222 0.6060763888888889 0.18663194444444445 0.20034722222222223
8 0.3539496527777778 0.4236111111111111 0.08463541666666667 0.10069444444444445
8 0.7454427083333334 0.5956597222222222 0.23914930555555555 0.2107638888888889
13 0.2699652777777778 0.26614583333333336 0.2309027777777778 0.19340277777777778
4 0.7469618055555556 0.6088541666666667 0.2821180555555556 0.23923611111111112
2 0.2699652777777778 0.26614583333333336 0.2309027777777778 0.19340277777777778
13 0.2983940972222222 0.2769097222222222 0.2400173611111111 0.19895833333333332
12 0.8910590277777778 0.6345486111111112 0.050347222222222224 0.23576388888888888
11 0.8567708333333334 0.7625 0.1362847222222222 0.041666666666666664
4 0.7454427083333334 0.5956597222222222 0.23914930555555555 0.2107638888888889
