11 0.11371100164203612 0.7732984293193718 0.05665024630541872 0.061780104712041886
0 0.5899014778325123 0.2928446771378709 0.1272577996715928 0.11797556719022688
5 0.819991789819376 0.5888307155322862 0.16789819376026272 0.3204188481675393
11 0.11699507389162561 0.7958115183246073 0.06239737274220033 0.08446771378708552
11 0.11576354679802955 0.7788830715532287 0.053366174055829226 0.068760907504363
0 0.5935960591133005 0.2787085514834206 0.10673234811165845 0.08691099476439791
10 0.11576354679802955 0.7788830715532287 0.053366174055829226 0.068760907504363
10 0.11371100164203612 0.7732984293193718 0.05665024630541872 0.061780104712041886
11 0.24610016420361247 0.15462478184991274 0.11945812807881774 0.11727748691099477
10 0.11699507389162561 0.7958115183246073 0.06239737274220033 0.08446771378708552
