7 728.5 429.5 281.0 299.0
7 649.0 1250.5 344.0 219.0
11 759.0 291.0 360.0 152.0
13 611.0 896.0 300.0 272.0
1 498.0 1509.5 458.0 671.0
8 1551.0 838.5 218.0 289.0
4 612.0 747.0 480.0 670.0
8 1637.0 976.5 26.0 27.0
11 353.5 1420.5 99.0 333.0
8 1503.5 733.0 35.0 28.0
11 1316.5 226.0 215.0 60.0
8 1606.5 907.5 27.0 29.0
13 662.0 444.5 156.0 211.0
10 498.0 1509.5 458.0 671.0
13 1541.5 858.0 245.0 272.0
10 353.5 1420.5 99.0 333.0
0 1144.5 710.5 273.0 293.0
8 1550.0 818.0 20.0 26.0
3 1020.5 1572.5 867.0 285.0
7 611.0 896.0 300.0 272.0
7 617.0 661.0 522.0 842.0
10 375.0 1527.5 264.0 195.0
7 524.0 1198.5 364.0 437.0
13 1551.0 838.5 218.0 289.0
3 947.0 1406.0 1038.0 492.0
9 359.0 459.0 216.0 412.0
4 617.0 661.0 522.0 842.0
8 1457.5 891.5 31.0 43.0
