8 0.3079268292682927 0.2701716738197425 0.17113821138211383 0.12317596566523605
3 0.5880081300813008 0.7120171673819743 0.46463414634146344 0.16394849785407725
7 0.17235772357723578 0.6416309012875536 0.06097560975609756 0.05407725321888412
10 0.13170731707317074 0.7721030042918455 0.07398373983739838 0.11330472103004292
0 0.5878048780487805 0.3742489270386266 0.14227642276422764 0.18626609442060085
11 0.13170731707317074 0.7721030042918455 0.07398373983739838 0.11330472103004292
11 0.3054878048780488 0.20858369098712445 0.174390243902439 0.10214592274678111
7 0.15182926829268292 0.6572961373390558 0.10447154471544716 0.11630901287553648
7 0.3032520325203252 0.23948497854077253 0.21138211382113822 0.18025751072961374
7 0.3079268292682927 0.2701716738197425 0.17113821138211383 0.12317596566523605
11 0.2869918699186992 0.21309012875536482 0.1943089430894309 0.09570815450643777
0 0.5945121951219512 0.36781115879828324 0.12967479674796747 0.16909871244635194
0 0.5934959349593496 0.3575107296137339 0.12439024390243902 0.16652360515021458
7 0.15853658536585366 0.66931330472103 0.10569105691056911 0.11459227467811159
7 0.2869918699186992 0.21309012875536482 0.1943089430894309 0.09570815450643777
