3 0.5101996527777778 0.5564236111111112 0.4466145833333333 0.1545138888888889
10 0.17057291666666666 0.5173611111111112 0.2152777777777778 0.15555555555555556
13 0.17578125 0.3720486111111111 0.15711805555555555 0.03715277777777778
13 0.17860243055555555 0.3654513888888889 0.16276041666666666 0.04618055555555556
0 0.5460069444444444 0.31788194444444445 0.15104166666666666 0.09479166666666666
10 0.17664930555555555 0.546875 0.1736111111111111 0.15208333333333332
13 0.3932291666666667 0.15503472222222223 0.0842013888888889 0.08854166666666667
0 0.5620659722222222 0.3289930555555556 0.1267361111111111 0.0954861111111111
13 0.18641493055555555 0.37256944444444445 0.1462673611111111 0.04583333333333333
6 0.17860243055555555 0.48333333333333334 0.1115451388888889 0.07222222222222222
10 0.24869791666666666 0.5697916666666667 0.359375 0.14166666666666666
0 0.5638020833333334 0.3236111111111111 0.11979166666666667 0.10347222222222222
13 0.3142361111111111 0.2359375 0.11458333333333333 0.196875
