13 0.33603512326916585 0.3817186997103315 0.10401891252955082 0.16028323141293851
3 0.527693346842283 0.5796588348889604 0.3988517392772712 0.17122626327647247
11 0.3253968253968254 0.21355004827808174 0.10368118878757177 0.06404892178950757
9 0.35916919959473154 0.07257804956549727 0.16447146234380278 0.13807531380753138
9 0.06619385342789598 0.6334084325716125 0.12698412698412698 0.6565819118120373
7 0.33603512326916585 0.3817186997103315 0.10401891252955082 0.16028323141293851
11 0.41843971631205673 0.18828451882845187 0.08578183046268152 0.026392018023817188
9 0.07244174265450862 0.6314773093015771 0.10638297872340426 0.6147409076279369
0 0.5721040189125296 0.37109752172513677 0.12968591691995948 0.11779851947215964
3 0.5322526173590003 0.6068554876086257 0.38838230327592027 0.18892822658513034
9 0.22948328267477203 0.46363051174766656 0.42586963863559607 0.3401995494045703
9 0.3387369132049983 0.0766012230447377 0.182370820668693 0.1506276150627615
9 0.8005741303613644 0.1618925008046347 0.04356636271529889 0.06501448342452526
0 0.566531577169875 0.40006437077566787 0.13069908814589665 0.18538783392339878
9 0.35224586288416077 0.09124557450917284 0.17831813576494426 0.14901834567106534
9 0.07868963188112124 0.6607660122304474 0.09523809523809523 0.6784679755391052
