2 0.09874131944444445 0.5494791666666666 0.08637152777777778 0.07534722222222222
3 0.5349392361111112 0.5571180555555556 0.4422743055555556 0.1267361111111111
9 0.11414930555555555 0.4545138888888889 0.06163194444444445 0.08263888888888889
9 0.09765625 0.5494791666666666 0.08072916666666667 0.08020833333333334
0 0.5125868055555556 0.3420138888888889 0.15711805555555555 0.11944444444444445
8 0.11263020833333333 0.4644097222222222 0.05946180555555555 0.06493055555555556
0 0.5262586805555556 0.3501736111111111 0.14453125 0.134375
8 0.0974392361111111 0.5532986111111111 0.0837673611111111 0.07881944444444444
3 0.5414496527777778 0.5479166666666667 0.4361979166666667 0.14652777777777778
0 0.5245225694444444 0.353125 0.12369791666666667 0.13194444444444445
3 0.5427517361111112 0.5664930555555555 0.45703125 0.1329861111111111
2 0.11610243055555555 0.4574652777777778 0.05772569444444445 0.07951388888888888
