8 0.8592364057076745 0.5707422133863486 0.030852294639413805 0.036116633532140494
13 0.8532587736212881 0.6020543406229291 0.06594677979174701 0.10205434062292909
11 0.37273428461241803 0.176441351888668 0.0929425376012341 0.03346587143803843
10 0.086579251831855 0.8901590457256461 0.0605476282298496 0.0659377070907886
10 0.8696490551484767 0.87740225314778 0.06864635557269572 0.09343936381709742
10 0.8725414577709217 0.8941351888667992 0.08754338603933667 0.11166335321404904
9 0.8555726957192441 0.5702451954937044 0.03663709988430389 0.030483764082173626
10 0.8665638256845353 0.8885023194168323 0.07250289240262245 0.08780649436713055
11 0.08966448129579638 0.8868455931080186 0.06363285769379097 0.08979456593770709
13 0.25356729656768223 0.4150099403578529 0.14847666795217895 0.06063618290258449
9 0.21847281141534902 0.30318091451292245 0.05052063247204011 0.03578528827037773
10 0.08966448129579638 0.8868455931080186 0.06363285769379097 0.08979456593770709
11 0.086579251831855 0.8901590457256461 0.0605476282298496 0.0659377070907886
11 0.8696490551484767 0.87740225314778 0.06864635557269572 0.09343936381709742
13 0.8555726957192441 0.5702451954937044 0.03663709988430389 0.030483764082173626
11 0.8725414577709217 0.8941351888667992 0.08754338603933667 0.11166335321404904
11 0.8665638256845353 0.8885023194168323 0.07250289240262245 0.08780649436713055
13 0.23119938295410722 0.40556660039761433 0.1268800617045893 0.02982107355864811
13 0.30370227535672967 0.40656063618290256 0.1716158889317393 0.05036447978793903
