13 0.3111979166666667 0.3006184895833333 0.20377604166666666 0.3714192708333333
7 0.3111979166666667 0.3006184895833333 0.20377604166666666 0.3714192708333333
11 0.6326497395833334 0.13004557291666666 0.14095052083333334 0.058919270833333336
0 0.5686848958333334 0.2796223958333333 0.10221354166666667 0.10091145833333333
11 0.6541341145833334 0.14469401041666666 0.1806640625 0.08756510416666667
11 0.6661783854166666 0.19254557291666666 0.22819010416666666 0.1513671875
11 0.13590494791666666 0.7060546875 0.032877604166666664 0.050130208333333336
4 0.6946614583333334 0.19938151041666666 0.12369791666666667 0.1181640625
7 0.6951497395833334 0.39013671875 0.17024739583333334 0.3089192708333333
4 0.6962890625 0.21142578125 0.12434895833333333 0.11490885416666667
4 0.3289388020833333 0.24934895833333334 0.2581380208333333 0.283203125
11 0.13557942708333334 0.7150065104166666 0.0283203125 0.0380859375
6 0.3079427083333333 0.27734375 0.17252604166666666 0.2623697916666667
9 0.4816080729166667 0.16422526041666666 0.0771484375 0.1455078125
7 0.6650390625 0.3966471354166667 0.23828125 0.3955078125
7 0.3079427083333333 0.27734375 0.17252604166666666 0.2623697916666667
5 0.6650390625 0.3966471354166667 0.23828125 0.3955078125
10 0.14599609375 0.7086588541666666 0.036783854166666664 0.0390625
0 0.5545247395833334 0.2932942708333333 0.11165364583333333 0.134765625
11 0.14599609375 0.7086588541666666 0.036783854166666664 0.0390625
13 0.3289388020833333 0.24934895833333334 0.2581380208333333 0.283203125
6 0.6951497395833334 0.39013671875 0.17024739583333334 0.3089192708333333
0 0.5611979166666666 0.2942708333333333 0.09309895833333333 0.119140625
1 0.3289388020833333 0.24934895833333334 0.2581380208333333 0.283203125
6 0.3289388020833333 0.24934895833333334 0.2581380208333333 0.283203125
6 0.6884765625 0.2682291666666667 0.21809895833333334 0.2591145833333333
10 0.13557942708333334 0.7150065104166666 0.0283203125 0.0380859375
10 0.13590494791666666 0.7060546875 0.032877604166666664 0.050130208333333336
13 0.6884765625 0.2682291666666667 0.21809895833333334 0.2591145833333333
5 0.3111979166666667 0.3006184895833333 0.20377604166666666 0.3714192708333333
