5 0.23131028938906753 0.4947916666666667 0.25683279742765275 0.2426470588235294
5 0.2520096463022508 0.41390931372549017 0.3215434083601286 0.4111519607843137
9 0.8072749196141479 0.5726102941176471 0.19332797427652734 0.20404411764705882
5 0.26145498392282956 0.5062806372549019 0.22387459807073956 0.18535539215686275
13 0.33561093247588425 0.24448529411764705 0.15916398713826366 0.16482843137254902
5 0.8072749196141479 0.5726102941176471 0.19332797427652734 0.20404411764705882
0 0.5705385852090032 0.3587622549019608 0.20940514469453375 0.20220588235294118
9 0.26145498392282956 0.5062806372549019 0.22387459807073956 0.18535539215686275
0 0.6129421221864951 0.32735906862745096 0.13344051446945338 0.14552696078431374
5 0.7821543408360129 0.4566482843137255 0.26366559485530544 0.5327818627450981
0 0.5870176848874598 0.33011642156862747 0.16197749196141478 0.15778186274509803
5 0.7713022508038585 0.5352328431372549 0.23311897106109325 0.28125
