13 0.3173828125 0.278030303030303 0.3134765625 0.2287878787878788
11 0.71533203125 0.14678030303030304 0.1337890625 0.05416666666666667
11 0.307373046875 0.17178030303030303 0.14111328125 0.09734848484848485
13 0.858154296875 0.35056818181818183 0.10107421875 0.061742424242424244
0 0.5849609375 0.3399621212121212 0.1083984375 0.09204545454545454
11 0.70751953125 0.1384469696969697 0.150390625 0.04128787878787879
13 0.685546875 0.18693181818181817 0.1220703125 0.08295454545454546
7 0.303955078125 0.17291666666666666 0.13720703125 0.10037878787878787
13 0.759765625 0.2863636363636364 0.298828125 0.2727272727272727
13 0.852783203125 0.29204545454545455 0.09716796875 0.1303030303030303
13 0.3369140625 0.21117424242424243 0.2236328125 0.12613636363636363
11 0.303955078125 0.16079545454545455 0.17431640625 0.10340909090909091
13 0.667724609375 0.23011363636363635 0.08740234375 0.15946969696969698
