13 0.31408514492753625 0.2859002976190476 0.22418478260869565 0.17522321428571427
10 0.8428442028985508 0.7081473214285714 0.06974637681159421 0.10453869047619048
13 0.3319746376811594 0.32273065476190477 0.223731884057971 0.20721726190476192
7 0.7814764492753623 0.6582961309523809 0.14356884057971014 0.1715029761904762
7 0.7570199275362319 0.43712797619047616 0.19610507246376813 0.20758928571428573
11 0.6893115942028986 0.26599702380952384 0.2817028985507246 0.2113095238095238
1 0.7139945652173914 0.4797247023809524 0.33469202898550726 0.6082589285714286
13 0.7570199275362319 0.43712797619047616 0.19610507246376813 0.20758928571428573
11 0.3267663043478261 0.18359375 0.15896739130434784 0.07180059523809523
11 0.8428442028985508 0.7081473214285714 0.06974637681159421 0.10453869047619048
7 0.6965579710144928 0.41964285714285715 0.28532608695652173 0.5409226190476191
13 0.31997282608695654 0.2708333333333333 0.24864130434782608 0.26711309523809523
10 0.8371829710144928 0.7206101190476191 0.10190217391304347 0.1212797619047619
1 0.6965579710144928 0.41964285714285715 0.28532608695652173 0.5409226190476191
1 0.31997282608695654 0.2708333333333333 0.24864130434782608 0.26711309523809523
10 0.7139945652173914 0.4797247023809524 0.33469202898550726 0.6082589285714286
11 0.3290307971014493 0.1793154761904762 0.1490036231884058 0.07291666666666667
