10 0.21090695856137606 0.515862524785195 0.03401094605160281 0.043621943159286185
10 0.23377638780297108 0.5153668208856577 0.06724003127443315 0.06972901520158625
11 0.21090695856137606 0.515862524785195 0.03401094605160281 0.043621943159286185
0 0.625879593432369 0.19877726371447454 0.12431587177482409 0.10079312623925975
0 0.6151290070367474 0.19877726371447454 0.13956215793588742 0.07699933906146729
3 0.5942142298670836 0.4623265036351619 0.5019546520719312 0.15003304692663583
3 0.6157154026583268 0.46364838070059483 0.45582486317435494 0.11566424322538003
11 0.23377638780297108 0.5153668208856577 0.06724003127443315 0.06972901520158625
3 0.6303752931978108 0.4477858559153999 0.4343236903831118 0.17184401850627892
0 0.6137607505863957 0.22141440846001323 0.13995308835027365 0.1348314606741573
