13 0.19410692588092346 0.5559723889555822 0.024301336573511544 0.014705882352941176
0 0.5750303766707169 0.3509903961584634 0.0850546780072904 0.09213685474189676
6 0.28948967193195624 0.694327731092437 0.18043742405832322 0.16596638655462184
13 0.29040097205346294 0.3190276110444178 0.20899149453219928 0.20768307322929172
13 0.20185297691373025 0.5352641056422569 0.09325637910085055 0.05312124849939976
13 0.3209295261239368 0.32563025210084034 0.12181044957472661 0.18667466986794717
0 0.5707776427703524 0.3559423769507803 0.10388821385176185 0.10504201680672269
3 0.5539185905224787 0.7442977190876351 0.3921628189550425 0.1362545018007203
13 0.7736938031591738 0.5186074429771909 0.13547995139732685 0.20168067226890757
13 0.29237545565006073 0.32487995198079234 0.20565006075334144 0.22358943577430973
0 0.5677399756986634 0.3659963985594238 0.10449574726609964 0.1323529411764706
5 0.7410388821385177 0.43577430972388953 0.19835965978128797 0.3565426170468187
13 0.28948967193195624 0.694327731092437 0.18043742405832322 0.16596638655462184
3 0.5513365735115431 0.7375450180072028 0.39671931956257594 0.2067827130852341
13 0.18803159173754558 0.5180072028811524 0.07472660996354799 0.02100840336134454
13 0.7765795868772782 0.517406962785114 0.11330498177399757 0.16146458583433373
5 0.2981470230862697 0.5313625450180072 0.19835965978128797 0.4918967587034814
