1 0.6923228346456692 0.21940104166666666 0.25708661417322837 0.15755208333333334
13 0.7259842519685039 0.24527994791666666 0.15354330708661418 0.18001302083333334
2 0.33188976377952756 0.22965494791666666 0.19055118110236222 0.16634114583333334
11 0.24232283464566928 0.21354166666666666 0.08622047244094488 0.06901041666666667
13 0.6923228346456692 0.21940104166666666 0.25708661417322837 0.15755208333333334
4 0.675984251968504 0.26513671875 0.1968503937007874 0.2744140625
13 0.33188976377952756 0.22965494791666666 0.19055118110236222 0.16634114583333334
13 0.3324803149606299 0.240234375 0.22244094488188976 0.21614583333333334
7 0.675984251968504 0.26513671875 0.1968503937007874 0.2744140625
13 0.3173228346456693 0.20849609375 0.23070866141732282 0.16634114583333334
11 0.240748031496063 0.2294921875 0.0688976377952756 0.08723958333333333
11 0.6893700787401574 0.19108072916666666 0.2748031496062992 0.16145833333333334
13 0.675984251968504 0.26513671875 0.1968503937007874 0.2744140625
6 0.3173228346456693 0.20849609375 0.23070866141732282 0.16634114583333334
11 0.35964566929133857 0.150390625 0.17913385826771652 0.046875
1 0.3173228346456693 0.20849609375 0.23070866141732282 0.16634114583333334
4 0.6923228346456692 0.21940104166666666 0.25708661417322837 0.15755208333333334
