13 0.7116223720745736 0.21089659685863874 0.17612058706862357 0.131217277486911
6 0.7100357001190004 0.24574607329842932 0.18405394684648949 0.168848167539267
13 0.8302261007536692 0.456315445026178 0.05791352637842126 0.13448952879581152
13 0.7100357001190004 0.24574607329842932 0.18405394684648949 0.168848167539267
13 0.221539071796906 0.3550392670157068 0.06069020230067434 0.09227748691099476
13 0.6983339944466481 0.22840314136125656 0.20031733439111463 0.14856020942408377
9 0.8302261007536692 0.456315445026178 0.05791352637842126 0.13448952879581152
3 0.5666402221340738 0.6153468586387435 0.460531535105117 0.17048429319371727
3 0.5640618802062674 0.6580497382198953 0.46092820309401034 0.16230366492146597
9 0.221539071796906 0.3550392670157068 0.06069020230067434 0.09227748691099476
7 0.8443078143593812 0.4518979057591623 0.05751685838952796 0.06675392670157068
