0 0.5519153225806451 0.3752208480565371 0.125 0.09673144876325088
8 0.7547883064516129 0.32773851590106007 0.09122983870967742 0.12014134275618374
3 0.5320060483870968 0.6203621908127208 0.421875 0.14001766784452296
3 0.5453629032258065 0.6391342756183745 0.45161290322580644 0.07950530035335689
3 0.5443548387096774 0.6559187279151943 0.4344758064516129 0.12455830388692579
0 0.5443548387096774 0.38957597173144876 0.14919354838709678 0.12632508833922262
13 0.23412298387096775 0.366386925795053 0.013608870967741936 0.014575971731448763
0 0.5612399193548387 0.38560070671378094 0.11441532258064516 0.11395759717314488
9 0.17086693548387097 0.30631625441696114 0.04334677419354839 0.09849823321554771
9 0.7479838709677419 0.3306095406360424 0.0715725806451613 0.10998233215547704
8 0.2061491935483871 0.3219964664310954 0.07963709677419355 0.11837455830388692
