13 0.37775590551181104 0.201171875 0.24606299212598426 0.23502604166666666
7 0.21614173228346456 0.4025065104166667 0.11968503937007874 0.1005859375
7 0.35334645669291337 0.20719401041666666 0.22559055118110236 0.19173177083333334
6 0.35334645669291337 0.20719401041666666 0.22559055118110236 0.19173177083333334
6 0.3549212598425197 0.20914713541666666 0.1704724409448819 0.1943359375
13 0.831496062992126 0.2662760416666667 0.07480314960629922 0.041015625
6 0.2549212598425197 0.4044596354166667 0.13267716535433072 0.06282552083333333
13 0.2013779527559055 0.3291015625 0.06968503937007874 0.048828125
13 0.35334645669291337 0.20719401041666666 0.22559055118110236 0.19173177083333334
6 0.37775590551181104 0.201171875 0.24606299212598426 0.23502604166666666
13 0.7887795275590551 0.2794596354166667 0.16889763779527558 0.0908203125
13 0.3549212598425197 0.20914713541666666 0.1704724409448819 0.1943359375
