1 857.5 1413.5 1053.0 1903.0
7 586.5 1382.5 393.0 1051.0
11 2263.5 600.0 263.0 324.0
10 827.5 2064.5 825.0 505.0
2 1933.0 645.5 406.0 317.0
4 1062.0 1379.0 582.0 1158.0
7 831.5 1980.5 569.0 333.0
1 962.5 896.5 479.0 1007.0
2 636.0 1531.5 258.0 623.0
10 719.0 2208.5 660.0 579.0
1 911.5 576.5 539.0 595.0
8 2367.0 1629.5 92.0 91.0
10 857.5 1413.5 1053.0 1903.0
8 583.5 1753.5 113.0 113.0
1 2104.0 565.5 498.0 493.0
2 652.5 1484.5 269.0 593.0
7 958.0 643.0 630.0 658.0
8 2353.0 1626.5 96.0 125.0
13 1993.0 761.0 498.0 514.0
7 857.5 1413.5 1053.0 1903.0
13 1933.0 645.5 406.0 317.0
13 2020.0 746.0 576.0 748.0
7 2020.0 746.0 576.0 748.0
13 2105.0 871.5 460.0 425.0
2 1976.5 660.0 399.0 300.0
2 2351.5 1625.5 103.0 129.0
13 710.0 1255.0 384.0 452.0
13 831.5 1980.5 569.0 333.0
