11 0.2716754088244369 0.2276500638569604 0.10459734649799445 0.15517241379310345
13 0.3432582536254242 0.7332375478927203 0.08978710274606604 0.109514687100894
13 0.3444924406047516 0.7375478927203065 0.0718913915458192 0.10855683269476372
0 0.5768281394631286 0.33828224776500637 0.09410675717371182 0.11462324393358876
10 0.2165998148719531 0.8435504469987228 0.06356062943535945 0.06960408684546615
13 0.31826596729404505 0.7455300127713921 0.13421783400185128 0.13665389527458494
0 0.5726627584078988 0.3475415070242657 0.1042887997531626 0.1529374201787995
10 0.22385066337550139 0.8425925925925926 0.06572045664918236 0.06513409961685823
13 0.3415612465288491 0.32391443167305234 0.18080839247145944 0.2921455938697318
0 0.5772909595803765 0.35280970625798214 0.10737426720148102 0.140485312899106
11 0.21906818883060783 0.8461047254150702 0.05368713360074051 0.06194125159642401
11 0.29188522061092254 0.2166347381864623 0.1283554458500463 0.16379310344827586
11 0.3134834927491515 0.2081736909323116 0.1820425794507868 0.18646232439335889
13 0.32196852823202715 0.33077905491698595 0.14594261030546127 0.2567049808429119
11 0.22385066337550139 0.8425925925925926 0.06572045664918236 0.06513409961685823
13 0.32628818265967297 0.34770114942528735 0.1490280777537797 0.29118773946360155
10 0.21906818883060783 0.8461047254150702 0.05368713360074051 0.06194125159642401
