13 0.6796577946768061 0.22965116279069767 0.18916349809885932 0.1669435215946844
8 0.14923954372623574 0.8062707641196013 0.008555133079847909 0.007890365448504983
8 0.13830798479087453 0.5272009966777409 0.03136882129277566 0.014534883720930232
8 0.11145437262357415 0.8355481727574751 0.008079847908745247 0.007475083056478406
13 0.282319391634981 0.24750830564784054 0.1967680608365019 0.2159468438538206
7 0.7084125475285171 0.2560215946843854 0.10218631178707224 0.10340531561461794
8 0.27827946768060835 0.2655730897009967 0.04230038022813688 0.0303156146179402
13 0.6606463878326996 0.21220930232558138 0.22433460076045628 0.18604651162790697
13 0.26877376425855515 0.2769933554817276 0.13545627376425856 0.1461794019933555
13 0.2338403041825095 0.26744186046511625 0.25380228136882127 0.19352159468438537
