13 0.6783854166666666 0.3126627604166667 0.16145833333333334 0.3583984375
2 0.6845703125 0.3680013020833333 0.11653645833333333 0.2776692708333333
13 0.8531901041666666 0.7569986979166666 0.027994791666666668 0.013997395833333334
2 0.3828125 0.34912109375 0.140625 0.2679036458333333
8 0.744140625 0.6359049479166666 0.025390625 0.028971354166666668
13 0.6845703125 0.3680013020833333 0.11653645833333333 0.2776692708333333
13 0.3728841145833333 0.3108723958333333 0.16048177083333334 0.30859375
2 0.3728841145833333 0.3108723958333333 0.16048177083333334 0.30859375
13 0.6910807291666666 0.3736979166666667 0.126953125 0.24674479166666666
13 0.3771158854166667 0.3909505208333333 0.15266927083333334 0.306640625
2 0.3771158854166667 0.3909505208333333 0.15266927083333334 0.306640625
2 0.6783854166666666 0.3126627604166667 0.16145833333333334 0.3583984375
8 0.779296875 0.68212890625 0.014322916666666666 0.0107421875
2 0.6910807291666666 0.3736979166666667 0.126953125 0.24674479166666666
13 0.3828125 0.34912109375 0.140625 0.2679036458333333
