7 0.20412287793047695 0.6692841490138788 0.26434923201293453 0.32761139517896276
7 0.8781325788197252 0.7039810080350621 0.15561843168957154 0.23703433162892623
9 0.39632174616006466 0.40157048940832724 0.08690379951495554 0.1778670562454346
10 0.068714632174616 0.8239590942293645 0.09862570735650768 0.16654492330168005
3 0.555375909458367 0.7048940832724616 0.5885206143896524 0.23739956172388604
7 0.17219078415521422 0.6844411979547115 0.20129345189975748 0.24616508400292184
3 0.5410266774454325 0.6943024105186267 0.5913500404203719 0.127100073046019
3 0.5505254648342764 0.754200146092038 0.608730800323363 0.3060628195763331
10 0.8817704122877931 0.7074506939371804 0.10145513338722716 0.19503287070854639
10 0.8757073565076798 0.7224251278305333 0.1540016168148747 0.20233747260774287
