7 0.33338557993730406 0.41591263650546023 0.2836990595611285 0.4043681747269891
7 0.36927899686520377 0.324804992199688 0.18683385579937303 0.11544461778471139
9 0.27884012539184955 0.541185647425897 0.12570532915360502 0.10078003120124805
10 0.29153605015673983 0.678783151326053 0.31159874608150473 0.3110764430577223
4 0.33338557993730406 0.41591263650546023 0.2836990595611285 0.4043681747269891
7 0.3476489028213166 0.41794071762870516 0.2231974921630094 0.35475819032761313
10 0.33871473354231973 0.4887675507020281 0.3213166144200627 0.6087363494539781
9 0.4095611285266458 0.4622464898595944 0.11128526645768025 0.07644305772230889
6 0.7931034482758621 0.6449297971918877 0.12852664576802508 0.13541341653666147
10 0.3255485893416928 0.5021840873634945 0.3181818181818182 0.6043681747269891
