11 174.0 1965.0 132.0 310.0
11 2426.5 1754.0 177.0 384.0
7 2263.5 1682.0 323.0 358.0
11 712.5 348.0 263.0 164.0
4 699.5 1643.0 935.0 986.0
11 912.5 262.5 127.0 29.0
10 2434.5 1770.5 179.0 425.0
11 1759.0 286.5 498.0 83.0
7 553.5 1592.0 673.0 538.0
11 926.0 270.0 164.0 44.0
7 1976.0 1532.5 600.0 613.0
10 184.0 1962.5 138.0 447.0
11 184.0 1962.5 138.0 447.0
0 1468.0 936.0 322.0 344.0
10 174.0 1965.0 132.0 310.0
11 2434.5 1770.5 179.0 425.0
0 1457.5 927.0 327.0 338.0
7 699.5 1643.0 935.0 986.0
13 853.5 535.5 259.0 461.0
7 732.0 1625.0 920.0 1022.0
10 2426.5 1754.0 177.0 384.0
13 790.0 403.0 136.0 220.0
3 1540.0 1726.0 1344.0 416.0
11 1731.0 272.5 350.0 65.0
10 2060.5 1888.0 1015.0 526.0
10 646.0 2064.5 1018.0 287.0
