0 0.5877278645833334 0.2810872395833333 0.07454427083333333 0.11555989583333333
9 0.7215169270833334 0.21663411458333334 0.0771484375 0.0732421875
13 0.8015950520833334 0.5362955729166666 0.0537109375 0.0634765625
11 0.8076171875 0.6525065104166666 0.10026041666666667 0.0595703125
11 0.34375 0.17252604166666666 0.035807291666666664 0.028645833333333332
13 0.4207356770833333 0.16259765625 0.019205729166666668 0.047200520833333336
13 0.7215169270833334 0.21663411458333334 0.0771484375 0.0732421875
13 0.7107747395833334 0.2109375 0.09212239583333333 0.07682291666666667
12 0.8212890625 0.615234375 0.044270833333333336 0.08984375
10 0.8076171875 0.6525065104166666 0.10026041666666667 0.0595703125
7 0.69091796875 0.3094075520833333 0.07584635416666667 0.0615234375
11 0.8377278645833334 0.6673177083333334 0.021158854166666668 0.017578125
13 0.6910807291666666 0.2985026041666667 0.080078125 0.05859375
