11 0.400634765625 0.1598 0.08544921875 0.054
7 0.294921875 0.6706 0.22265625 0.1876
13 0.797119140625 0.6696 0.23974609375 0.1456
6 0.32177734375 0.6124 0.3310546875 0.252
11 0.67724609375 0.1388 0.1328125 0.032
3 0.60205078125 0.6788 0.421875 0.2112
6 0.294921875 0.6706 0.22265625 0.1876
13 0.7998046875 0.6446 0.21875 0.1804
13 0.31396484375 0.6102 0.2919921875 0.234
13 0.302001953125 0.6302 0.25830078125 0.1124
6 0.7998046875 0.6446 0.21875 0.1804
6 0.31396484375 0.6102 0.2919921875 0.234
10 0.8896484375 0.7118 0.0556640625 0.0508
9 0.822998046875 0.1022 0.05712890625 0.0092
11 0.8896484375 0.7118 0.0556640625 0.0508
