9 0.47169452887537994 0.5069464971918416 0.2640577507598784 0.7242092817026308
11 0.06022036474164134 0.6801655335501035 0.03001519756838906 0.027785988767366245
9 0.4521276595744681 0.6371563700857227 0.19072948328267478 0.40939994088087495
6 0.3117401215805471 0.24800472953000297 0.31876899696048633 0.31096659769435414
5 0.27564589665653494 0.3244161986402601 0.1865501519756839 0.12799290570499558
0 0.6077127659574468 0.28731894767957433 0.11132218844984802 0.08099320130062075
0 0.601063829787234 0.28628436299142773 0.11930091185410334 0.08720070942950044
7 0.3117401215805471 0.24800472953000297 0.31876899696048633 0.31096659769435414
9 0.27564589665653494 0.3244161986402601 0.1865501519756839 0.12799290570499558
10 0.06022036474164134 0.6801655335501035 0.03001519756838906 0.027785988767366245
