7 0.3643663194444444 0.34305555555555556 0.1723090277777778 0.2152777777777778
10 0.3502604166666667 0.4071180555555556 0.3489583333333333 0.5454861111111111
13 0.7899305555555556 0.3585069444444444 0.078125 0.027430555555555555
10 0.8315972222222222 0.3625 0.15538194444444445 0.05138888888888889
7 0.8315972222222222 0.3625 0.15538194444444445 0.05138888888888889
4 0.8289930555555556 0.3590277777777778 0.1467013888888889 0.052083333333333336
7 0.861328125 0.35885416666666664 0.10894097222222222 0.05451388888888889
8 0.861328125 0.35885416666666664 0.10894097222222222 0.05451388888888889
7 0.3773871527777778 0.34878472222222223 0.20963541666666666 0.22951388888888888
7 0.3793402777777778 0.3482638888888889 0.19444444444444445 0.19791666666666666
10 0.3576388888888889 0.38385416666666666 0.3116319444444444 0.45590277777777777
10 0.3311631944444444 0.40086805555555555 0.3298611111111111 0.46493055555555557
