13 0.3102213541666667 0.6082356770833334 0.16080729166666666 0.0732421875
13 0.7721354166666666 0.6005859375 0.08072916666666667 0.0390625
11 0.3865559895833333 0.16813151041666666 0.09016927083333333 0.0166015625
11 0.6297200520833334 0.15934244791666666 0.08430989583333333 0.021158854166666668
13 0.76904296875 0.5992838541666666 0.08951822916666667 0.040364583333333336
0 0.5615234375 0.3251953125 0.08984375 0.10416666666666667
13 0.7649739583333334 0.6067708333333334 0.09375 0.061848958333333336
13 0.27587890625 0.59521484375 0.047200520833333336 0.0419921875
0 0.5636393229166666 0.3160807291666667 0.0927734375 0.09244791666666667
0 0.5634765625 0.3064778645833333 0.09244791666666667 0.0732421875
