0 0.5876736111111112 0.34878472222222223 0.14756944444444445 0.13368055555555555
13 0.1720920138888889 0.37100694444444443 0.06553819444444445 0.024652777777777777
0 0.5655381944444444 0.3512152777777778 0.1762152777777778 0.1295138888888889
13 0.2604166666666667 0.37309027777777776 0.2421875 0.2232638888888889
7 0.3307291666666667 0.4496527777777778 0.1232638888888889 0.12777777777777777
8 0.3591579861111111 0.4638888888888889 0.08550347222222222 0.10208333333333333
4 0.3307291666666667 0.4496527777777778 0.1232638888888889 0.12777777777777777
13 0.333984375 0.43211805555555555 0.11328125 0.08993055555555556
7 0.3591579861111111 0.4638888888888889 0.08550347222222222 0.10208333333333333
0 0.5232204861111112 0.3746527777777778 0.2816840277777778 0.19583333333333333
