7 0.3759150805270864 0.3561197916666667 0.20863836017569545 0.3216145833333333
7 0.37005856515373353 0.3483072916666667 0.20131771595900438 0.359375
10 0.31259150805270863 0.5442708333333334 0.3118594436310395 0.18359375
11 0.34718155197657397 0.16178385416666666 0.229502196193265 0.09309895833333333
4 0.37005856515373353 0.3483072916666667 0.20131771595900438 0.359375
11 0.3535871156661786 0.16048177083333334 0.22620790629575402 0.115234375
7 0.34718155197657397 0.16178385416666666 0.229502196193265 0.09309895833333333
10 0.2271229868228404 0.5188802083333334 0.1226207906295754 0.13802083333333334
7 0.3588945827232797 0.306640625 0.20387994143484628 0.3326822916666667
10 0.21028550512445096 0.5496419270833334 0.1123718887262079 0.1298828125
4 0.3759150805270864 0.3561197916666667 0.20863836017569545 0.3216145833333333
