7 0.23652931854199682 0.6658240647118301 0.24484944532488115 0.0455005055611729
9 0.6935419968304279 0.47741826761038086 0.10419968304278922 0.11830131445904954
6 0.26327258320126784 0.43933265925176945 0.23573692551505546 0.2551398719245029
10 0.21335182250396195 0.7096393663633299 0.3094294770206022 0.13784967981125718
0 0.6020206022187005 0.40326929558476576 0.14619651347068147 0.16076845298281092
9 0.6915610142630745 0.4787664307381193 0.09786053882725831 0.08190091001011122
7 0.2295958795562599 0.42787327266599257 0.24286846275752774 0.17492416582406473
0 0.616877971473851 0.3881024603977081 0.10935023771790808 0.1412200876306033
0 0.5853803486529319 0.3854061341422312 0.16204437400950872 0.14324233232221098
3 0.5730982567353408 0.6857094708459723 0.48217115689381934 0.13919784293899562
7 0.24009508716323297 0.39821368385574657 0.23375594294770205 0.1937984496124031
10 0.20839936608557844 0.7202561509942703 0.32408874801901744 0.29120323559150657
10 0.2305863708399366 0.7076171216717223 0.3438985736925515 0.25985844287158744
