5 0.2322308233638283 0.5943504996156802 0.18015482054890922 0.42467332820906994
10 0.11505981703026039 0.8649116064565718 0.05840957072484166 0.1379707916986933
13 0.770935960591133 0.7567255956956187 0.3223082336382829 0.11683320522674866
8 0.1810344827586207 0.7503843197540354 0.02498240675580577 0.028055342044581093
5 0.8673469387755102 0.6593005380476556 0.12807881773399016 0.2609531129900077
11 0.6847290640394089 0.07647963105303612 0.13230119634060522 0.04304381245196003
11 0.4093947923997185 0.07686395080707148 0.1565798733286418 0.04688700999231361
0 0.5930682617874736 0.32609531129900077 0.12702322308233638 0.12413528055342045
0 0.6101337086558761 0.31840891621829365 0.10204081632653061 0.11798616448885473
9 0.5036945812807881 0.3610684089162183 0.11154116819141449 0.6621829362029208
11 0.11505981703026039 0.8649116064565718 0.05840957072484166 0.1379707916986933
11 0.41836734693877553 0.08051498847040738 0.17382125263898662 0.060338201383551116
0 0.601688951442646 0.3257109915449654 0.11118930330752991 0.13643351268255188
