9 0.49433333333333335 0.3465 0.14933333333333335 0.39366666666666666
5 0.6926666666666667 0.5378333333333334 0.314 0.37966666666666665
9 0.5006666666666667 0.34833333333333333 0.154 0.41733333333333333
7 0.30433333333333334 0.468 0.21866666666666668 0.30933333333333335
9 0.6986666666666667 0.5183333333333333 0.214 0.3526666666666667
9 0.4876666666666667 0.3471666666666667 0.238 0.421
5 0.30433333333333334 0.468 0.21866666666666668 0.30933333333333335
13 0.6986666666666667 0.5183333333333333 0.214 0.3526666666666667
10 0.5771666666666667 0.5948333333333333 0.3883333333333333 0.259
9 0.30433333333333334 0.468 0.21866666666666668 0.30933333333333335
3 0.5771666666666667 0.5948333333333333 0.3883333333333333 0.259
5 0.6986666666666667 0.5183333333333333 0.214 0.3526666666666667
3 0.5915 0.5785 0.417 0.237
13 0.30433333333333334 0.468 0.21866666666666668 0.30933333333333335
5 0.2815 0.49566666666666664 0.30033333333333334 0.38
7 0.6986666666666667 0.5183333333333333 0.214 0.3526666666666667
5 0.30033333333333334 0.4718333333333333 0.22333333333333333 0.2783333333333333
5 0.7396666666666667 0.5245 0.188 0.36766666666666664
