3 0.5382530120481928 0.7762514113662025 0.3144578313253012 0.1260820474219044
9 0.41656626506024097 0.20267218667670306 0.14096385542168674 0.23974407226194958
13 0.3539156626506024 0.3232969514490026 0.08132530120481928 0.064734663153933
0 0.5483433734939759 0.4181407602559277 0.09126506024096386 0.1618366578848325
9 0.4655120481927711 0.16804666917576214 0.056927710843373495 0.23823861497929996
0 0.5438253012048193 0.41832894241625895 0.10512048192771084 0.17802032367331577
3 0.5387048192771084 0.7826496048174633 0.3081325301204819 0.13360933383515242
7 0.4655120481927711 0.16804666917576214 0.056927710843373495 0.23823861497929996
11 0.4063253012048193 0.2194203989461799 0.05602409638554217 0.024087316522393678
3 0.5381024096385543 0.7433195333082424 0.3093373493975904 0.13473842679713963
9 0.4710843373493976 0.20775310500564548 0.10060240963855421 0.16936394429808055
13 0.3885542168674699 0.43187805796010537 0.06867469879518072 0.14113662024840046
0 0.5275602409638555 0.41569439217162213 0.13765060240963856 0.1614602935641701
