4 0.2183159722222222 0.3157986111111111 0.23177083333333334 0.13923611111111112
7 0.20703125 0.40677083333333336 0.3324652777777778 0.3038194444444444
9 0.2165798611111111 0.4027777777777778 0.2751736111111111 0.33402777777777776
12 0.2552083333333333 0.22135416666666666 0.3619791666666667 0.271875
10 0.05078125 0.6710069444444444 0.0842013888888889 0.11354166666666667
11 0.043619791666666664 0.6833333333333333 0.06901041666666667 0.12152777777777778
6 0.2358940972222222 0.2703125 0.2243923611111111 0.0954861111111111
13 0.7782118055555556 0.2717013888888889 0.12586805555555555 0.08090277777777778
0 0.5334201388888888 0.2934027777777778 0.15104166666666666 0.17847222222222223
9 0.18294270833333334 0.4126736111111111 0.2530381944444444 0.2934027777777778
8 0.20703125 0.40677083333333336 0.3324652777777778 0.3038194444444444
7 0.2183159722222222 0.3157986111111111 0.23177083333333334 0.13923611111111112
0 0.5355902777777778 0.2704861111111111 0.13802083333333334 0.11597222222222223
10 0.043619791666666664 0.6833333333333333 0.06901041666666667 0.12152777777777778
13 0.193359375 0.5701388888888889 0.2651909722222222 0.08263888888888889
12 0.2339409722222222 0.3527777777777778 0.4105902777777778 0.63125
