13 0.693161231884058 0.30673363095238093 0.08469202898550725 0.10379464285714286
10 0.765625 0.6398809523809523 0.26856884057971014 0.14434523809523808
13 0.28374094202898553 0.27436755952380953 0.16259057971014493 0.13206845238095238
10 0.779891304347826 0.6173735119047619 0.24818840579710144 0.19308035714285715
11 0.11231884057971014 0.8714657738095238 0.041666666666666664 0.03757440476190476
6 0.7346014492753623 0.44140625 0.29528985507246375 0.41257440476190477
3 0.5801630434782609 0.6318824404761905 0.4329710144927536 0.17894345238095238
6 0.23324275362318841 0.29520089285714285 0.08786231884057971 0.12760416666666666
0 0.5855978260869565 0.33835565476190477 0.1322463768115942 0.11421130952380952
10 0.11231884057971014 0.8714657738095238 0.041666666666666664 0.03757440476190476
4 0.7076539855072463 0.23567708333333334 0.129981884057971 0.10081845238095238
13 0.7085597826086957 0.24534970238095238 0.2269021739130435 0.12313988095238096
7 0.7266757246376812 0.6095610119047619 0.26403985507246375 0.16183035714285715
7 0.7085597826086957 0.24534970238095238 0.2269021739130435 0.12313988095238096
0 0.5912590579710145 0.3353794642857143 0.11730072463768115 0.10602678571428571
13 0.7067481884057971 0.2896205357142857 0.21422101449275363 0.18936011904761904
7 0.7832880434782609 0.5786830357142857 0.182518115942029 0.19084821428571427
13 0.23324275362318841 0.29520089285714285 0.08786231884057971 0.12760416666666666
6 0.3235960144927536 0.28273809523809523 0.2441123188405797 0.16666666666666666
10 0.723052536231884 0.6545758928571429 0.37907608695652173 0.35453869047619047
11 0.7085597826086957 0.24534970238095238 0.2269021739130435 0.12313988095238096
