6 0.718817436340095 0.27090909090909093 0.2801035822183858 0.224
13 0.19054812257229176 0.3054545454545455 0.14976262408286578 0.06109090909090909
7 0.718817436340095 0.27090909090909093 0.2801035822183858 0.224
13 0.7440656020716444 0.26690909090909093 0.26068191627104015 0.2712727272727273
11 0.33167889512300386 0.13927272727272727 0.16529995684074233 0.05163636363636363
8 0.73651273198101 0.24945454545454546 0.2895986189037549 0.18327272727272728
8 0.12861458782908933 0.3650909090909091 0.09408718170047475 0.08363636363636363
11 0.6866637893828226 0.12836363636363637 0.18472162278808804 0.04290909090909091
6 0.11286145878290893 0.35945454545454547 0.10832973672852828 0.06945454545454545
13 0.718817436340095 0.27090909090909093 0.2801035822183858 0.224
7 0.14544669831678894 0.3649090909090909 0.11566681053085887 0.07018181818181818
11 0.73651273198101 0.24945454545454546 0.2895986189037549 0.18327272727272728
6 0.14544669831678894 0.3649090909090909 0.11566681053085887 0.07018181818181818
13 0.33167889512300386 0.13927272727272727 0.16529995684074233 0.05163636363636363
5 0.7440656020716444 0.26690909090909093 0.26068191627104015 0.2712727272727273
