7 0.298828125 0.5756944444444444 0.1644965277777778 0.06319444444444444
10 0.2706163194444444 0.5852430555555556 0.2903645833333333 0.31006944444444445
10 0.2625868055555556 0.5810763888888889 0.234375 0.2065972222222222
7 0.3641493055555556 0.2328125 0.1970486111111111 0.06840277777777778
13 0.3118489583333333 0.496875 0.1332465277777778 0.08958333333333333
9 0.9507378472222222 0.5902777777777778 0.06553819444444445 0.11944444444444445
13 0.3381076388888889 0.4873263888888889 0.1657986111111111 0.1295138888888889
11 0.337890625 0.2203125 0.15234375 0.059375
13 0.3101128472222222 0.5088541666666667 0.12456597222222222 0.109375
7 0.2947048611111111 0.5727430555555556 0.21875 0.049652777777777775
10 0.251953125 0.5875 0.29296875 0.15694444444444444
