11 0.8632901751713633 0.7288218111002921 0.03884234577303884 0.05225576111652061
11 0.2878903274942879 0.14978902953586498 0.12947448591012947 0.04706264199935086
10 0.15308453922315307 0.593638429081467 0.08225437928408226 0.10516066212268745
0 0.5611195734958111 0.31191171697500814 0.11538461538461539 0.10256410256410256
7 0.26808834729626807 0.5004868549172347 0.25742574257425743 0.15124959428756898
7 0.20373191165270374 0.5318078545926647 0.15232292460015232 0.07757221681272314
7 0.28103579588728106 0.5316455696202531 0.2916984006092917 0.19928594612138917
10 0.8632901751713633 0.7288218111002921 0.03884234577303884 0.05225576111652061
11 0.15308453922315307 0.593638429081467 0.08225437928408226 0.10516066212268745
10 0.2284843869002285 0.5767607919506653 0.27113480578827115 0.29730606945796817
3 0.5365575019040365 0.6100292112950341 0.49124143183549124 0.1801363193768257
11 0.29131759329779133 0.14264849074975658 0.12718964204112718 0.05809802012333658
