13 0.7897135416666666 0.309375 0.023003472222222224 0.025
7 0.3697916666666667 0.4630208333333333 0.3237847222222222 0.484375
5 0.3474392361111111 0.41475694444444444 0.2599826388888889 0.3440972222222222
5 0.8715277777777778 0.6475694444444444 0.2465277777777778 0.22083333333333333
13 0.2899305555555556 0.46631944444444445 0.1467013888888889 0.02847222222222222
6 0.8079427083333334 0.5762152777777778 0.19661458333333334 0.246875
10 0.30859375 0.6652777777777777 0.3680555555555556 0.2875
7 0.4223090277777778 0.23836805555555557 0.16493055555555555 0.13576388888888888
13 0.37890625 0.5822916666666667 0.2265625 0.029166666666666667
10 0.2697482638888889 0.6420138888888889 0.2903645833333333 0.27569444444444446
10 0.21223958333333334 0.6512152777777778 0.1310763888888889 0.19479166666666667
6 0.3474392361111111 0.41475694444444444 0.2599826388888889 0.3440972222222222
6 0.8778211805555556 0.3371527777777778 0.10894097222222222 0.13819444444444445
11 0.3760850694444444 0.2484375 0.2912326388888889 0.15868055555555555
6 0.8715277777777778 0.6475694444444444 0.2465277777777778 0.22083333333333333
0 0.6666666666666666 0.33541666666666664 0.1267361111111111 0.13194444444444445
11 0.30859375 0.6652777777777777 0.3680555555555556 0.2875
13 0.2934027777777778 0.4756944444444444 0.13541666666666666 0.029166666666666667
6 0.3307291666666667 0.5045138888888889 0.2907986111111111 0.44930555555555557
11 0.3333333333333333 0.24288194444444444 0.19444444444444445 0.14270833333333333
0 0.6612413194444444 0.32048611111111114 0.1488715277777778 0.10277777777777777
6 0.8823784722222222 0.3651041666666667 0.09635416666666667 0.10243055555555555
1 0.3333333333333333 0.24288194444444444 0.19444444444444445 0.14270833333333333
