6 0.7718902668169861 0.7787994448299792 0.1375422773393461 0.14816099930603746
11 0.8117249154453213 0.7970159611380986 0.12025554302893648 0.19014573213046496
8 0.7444569710635099 0.6138098542678695 0.2224727546035325 0.2498265093684941
11 0.40755355129650506 0.14816099930603746 0.16046599022923713 0.047883414295628035
13 0.758173618940248 0.263705759888966 0.155956407365652 0.17210270645385148
4 0.7500939496429914 0.618147120055517 0.2224727546035325 0.25711311589174185
6 0.3756106726794438 0.3055170020818876 0.1386696730552424 0.20090215128383068
11 0.13021420518602028 0.9399722414989591 0.048478015783540024 0.06176266481609993
10 0.8229988726042841 0.7800138792505205 0.08042089440060128 0.24427480916030533
13 0.740511086057873 0.28140180430256767 0.14768883878241262 0.10478834142956281
0 0.6240135287485907 0.40943789035392086 0.09958662157083803 0.11034004163775156
6 0.3840661405486659 0.30933379597501737 0.16760616309658025 0.2494795281054823
11 0.11818865088312665 0.9304302567661347 0.06576475009394964 0.1051353226925746
11 0.6850807966929726 0.17817487855655795 0.11574596016535137 0.03018736988202637
10 0.11818865088312665 0.9304302567661347 0.06576475009394964 0.1051353226925746
10 0.814543404735062 0.827029840388619 0.08831266441187524 0.2633587786259542
13 0.2463359639233371 0.7324774462179042 0.212326193160466 0.34767522553782093
13 0.26230740323186774 0.7069743233865371 0.13002630590003758 0.27168632893823735
11 0.7021796317173995 0.1852879944482998 0.06952273581360391 0.027064538514920196
2 0.6413002630590003 0.3939972241498959 0.0680195415257422 0.06835530881332408
10 0.13021420518602028 0.9399722414989591 0.048478015783540024 0.06176266481609993
6 0.2846674182638106 0.7362942401110341 0.15069522735813604 0.1825121443442054
13 0.3881999248402856 0.25312283136710617 0.19240886884629838 0.24323386537126995
0 0.6133032694475761 0.4170714781401804 0.1360390830514844 0.1304649548924358
13 0.3840661405486659 0.30933379597501737 0.16760616309658025 0.2494795281054823
11 0.17343104096204434 0.9233171408743928 0.155956407365652 0.08466342817487855
10 0.17343104096204434 0.9233171408743928 0.155956407365652 0.08466342817487855
10 0.8117249154453213 0.7970159611380986 0.12025554302893648 0.19014573213046496
7 0.7438932732055619 0.6165857043719639 0.22134535888763623 0.24288688410825815
0 0.6146185644494551 0.4201943095072866 0.12438932732055619 0.14087439278278974
