10 0.10053191489361703 0.6396072796934866 0.04042553191489362 0.09818007662835249
3 0.6507978723404255 0.6194923371647509 0.5345744680851063 0.2246168582375479
0 0.5787234042553191 0.296455938697318 0.11702127659574468 0.11494252873563218
11 0.10053191489361703 0.6396072796934866 0.04042553191489362 0.09818007662835249
3 0.6021276595744681 0.5950670498084292 0.5670212765957446 0.14703065134099616
3 0.6058510638297873 0.6841475095785441 0.597872340425532 0.31561302681992337
8 0.701063829787234 0.3481800766283525 0.019148936170212766 0.017241379310344827
10 0.17127659574468085 0.6724137931034483 0.2148936170212766 0.09674329501915709
11 0.12154255319148936 0.6489463601532567 0.06648936170212766 0.05268199233716475
8 0.7284574468085107 0.36182950191570884 0.022872340425531913 0.021551724137931036
10 0.12154255319148936 0.6489463601532567 0.06648936170212766 0.05268199233716475
7 0.275 0.5811781609195402 0.2372340425531915 0.17097701149425287
0 0.5848404255319148 0.31082375478927204 0.1324468085106383 0.1360153256704981
0 0.5771276595744681 0.29693486590038315 0.11382978723404255 0.10344827586206896
