7 0.6712239583333334 0.39565972222222223 0.22005208333333334 0.33576388888888886
0 0.5286458333333334 0.3407986111111111 0.10590277777777778 0.11006944444444444
7 0.6801215277777778 0.48246527777777776 0.1970486111111111 0.24270833333333333
0 0.5271267361111112 0.3307291666666667 0.0881076388888889 0.09270833333333334
13 0.7196180555555556 0.4505208333333333 0.078125 0.014930555555555556
5 0.6827256944444444 0.4618055555555556 0.15885416666666666 0.2222222222222222
3 0.5355902777777778 0.5703125 0.3645833333333333 0.08715277777777777
7 0.2580295138888889 0.5157986111111111 0.1697048611111111 0.28020833333333334
6 0.6801215277777778 0.48246527777777776 0.1970486111111111 0.24270833333333333
13 0.7098524305555556 0.39826388888888886 0.08203125 0.03125
5 0.2805989583333333 0.5147569444444444 0.12977430555555555 0.2378472222222222
7 0.2541232638888889 0.49409722222222224 0.2287326388888889 0.30694444444444446
0 0.515625 0.3371527777777778 0.12065972222222222 0.09236111111111112
