9 0.6630067567567568 0.25309981401115933 0.23733108108108109 0.19807811531308123
0 0.6482263513513513 0.37368257904525726 0.13597972972972974 0.08586484810911345
8 0.7153716216216216 0.28022318660880347 0.10557432432432433 0.12523248605083695
11 0.7248733108108109 0.2310911345319281 0.17947635135135134 0.03068815871047737
3 0.6226773648648649 0.6904835709857409 0.42947635135135137 0.15406075635461872
3 0.6264780405405406 0.6771543707377558 0.41680743243243246 0.17947923124612522
0 0.6507601351351351 0.3898016119032858 0.13513513513513514 0.11810291382517049
3 0.6163429054054054 0.7076875387476751 0.43201013513513514 0.1370117792932424
0 0.6486486486486487 0.4079355238685679 0.14273648648648649 0.16553006819590824
7 0.6209881756756757 0.2541847489150651 0.3078547297297297 0.14383137011779293
11 0.8591638513513513 0.7431804091754495 0.14822635135135134 0.1615003099814011
9 0.5291385135135135 0.37724736515809054 0.17989864864864866 0.30564166150030997
10 0.8591638513513513 0.7431804091754495 0.14822635135135134 0.1615003099814011
