10 0.09613715277777778 0.6609375 0.09071180555555555 0.07881944444444444
0 0.4976128472222222 0.29375 0.1271701388888889 0.10069444444444445
10 0.12369791666666667 0.6751736111111111 0.15711805555555555 0.0954861111111111
11 0.0822482638888889 0.6635416666666667 0.055121527777777776 0.07152777777777777
10 0.0822482638888889 0.6635416666666667 0.055121527777777776 0.07152777777777777
13 0.1851128472222222 0.559375 0.21744791666666666 0.03888888888888889
13 0.2072482638888889 0.5529513888888888 0.1974826388888889 0.035069444444444445
13 0.7018229166666666 0.31631944444444443 0.078125 0.025
13 0.1970486111111111 0.5510416666666667 0.20399305555555555 0.03819444444444445
11 0.5933159722222222 0.1267361111111111 0.1189236111111111 0.043055555555555555
13 0.6994357638888888 0.32395833333333335 0.10460069444444445 0.041666666666666664
11 0.3049045138888889 0.13020833333333334 0.13411458333333334 0.018055555555555554
13 0.6901041666666666 0.3137152777777778 0.08940972222222222 0.07604166666666666
