11 0.8431513409961686 0.8721590909090909 0.04837164750957854 0.056006493506493504
1 0.7828065134099617 0.289163961038961 0.17480842911877395 0.2609577922077922
13 0.7828065134099617 0.289163961038961 0.17480842911877395 0.2609577922077922
1 0.7959770114942529 0.22930194805194806 0.1657088122605364 0.17532467532467533
10 0.8469827586206896 0.8530844155844156 0.05890804597701149 0.05113636363636364
11 0.8460249042145593 0.8668831168831169 0.0435823754789272 0.052759740259740256
11 0.15900383141762453 0.9028003246753247 0.08620689655172414 0.07589285714285714
1 0.7899904214559387 0.2601461038961039 0.22940613026819923 0.18425324675324675
11 0.8469827586206896 0.8530844155844156 0.05890804597701149 0.05113636363636364
11 0.3132183908045977 0.14204545454545456 0.09865900383141762 0.07142857142857142
10 0.15900383141762453 0.9028003246753247 0.08620689655172414 0.07589285714285714
13 0.7899904214559387 0.2601461038961039 0.22940613026819923 0.18425324675324675
6 0.8283045977011494 0.403612012987013 0.12308429118773946 0.14082792207792208
11 0.1503831417624521 0.9048295454545454 0.05363984674329502 0.05154220779220779
11 0.16331417624521072 0.9135551948051948 0.038314176245210725 0.041396103896103896
