8 0.36596736596736595 0.6719443622373483 0.04728604728604729 0.03580941106836342
8 0.2742257742257742 0.568955312222551 0.08891108891108891 0.044687777448949396
8 0.2718947718947719 0.5636282923941994 0.08691308691308691 0.055933708197691626
10 0.14635364635364637 0.8509914175791654 0.043623043623043624 0.03995264871263687
11 0.37545787545787546 0.13805859721811187 0.07292707292707293 0.03344184670020716
11 0.6561771561771562 0.14871263687481504 0.1028971028971029 0.03699319325244155
11 0.6285381285381285 0.14131399822432672 0.11022311022311022 0.02574726250369932
11 0.3847818847818848 0.13850251553714116 0.08025308025308026 0.021308079313406333
7 0.2718947718947719 0.5636282923941994 0.08691308691308691 0.055933708197691626
8 0.27555777555777555 0.5654039656703167 0.08358308358308358 0.0547499260136135
11 0.14635364635364637 0.8509914175791654 0.043623043623043624 0.03995264871263687
