10 0.08226007478188617 0.7410122164048866 0.06314914831740756 0.06631762652705062
11 0.08766098878271708 0.7350785340314137 0.06647278770253427 0.12425828970331589
0 0.5984628167843788 0.37399650959860387 0.13585375986705442 0.13647469458987785
7 0.34171167428334026 0.5664921465968586 0.11923556294142086 0.15148342059336825
9 0.70793518903199 0.5191972076788831 0.07893643539675946 0.1273996509598604
3 0.6310760282509348 0.7195462478184991 0.4694640631491483 0.21535776614310645
11 0.08226007478188617 0.7410122164048866 0.06314914831740756 0.06631762652705062
13 0.19547154133776484 0.7232111692844677 0.23057748234316577 0.043280977312390924
0 0.5974241794765268 0.36387434554973824 0.1312837557125052 0.11273996509598604
3 0.6337764852513502 0.7406631762652705 0.47237224761113417 0.17172774869109947
7 0.19547154133776484 0.7232111692844677 0.23057748234316577 0.043280977312390924
11 0.08080598255089323 0.7361256544502618 0.04943913585375987 0.048167539267015703
0 0.5965932696302452 0.3610820244328098 0.13626921479019527 0.1099476439790576
10 0.08766098878271708 0.7350785340314137 0.06647278770253427 0.12425828970331589
