7 0.7438983050847457 0.4886666666666667 0.20779661016949152 0.362
8 0.3188135593220339 0.6468333333333334 0.10135593220338983 0.085
6 0.7438983050847457 0.4886666666666667 0.20779661016949152 0.362
8 0.38169491525423727 0.48983333333333334 0.31186440677966104 0.473
7 0.3466101694915254 0.39816666666666667 0.23152542372881357 0.32566666666666666
8 0.7101694915254237 0.498 0.2759322033898305 0.472
9 0.7101694915254237 0.498 0.2759322033898305 0.472
8 0.32016949152542373 0.6423333333333333 0.10271186440677967 0.06266666666666666
6 0.7567796610169492 0.5571666666666667 0.18271186440677967 0.33566666666666667
9 0.7493220338983051 0.3875 0.12779661016949154 0.12766666666666668
6 0.3964406779661017 0.469 0.18338983050847457 0.4026666666666667
8 0.7438983050847457 0.4886666666666667 0.20779661016949152 0.362
8 0.3466101694915254 0.39816666666666667 0.23152542372881357 0.32566666666666666
9 0.38169491525423727 0.48983333333333334 0.31186440677966104 0.473
0 0.6249152542372881 0.375 0.10203389830508475 0.13133333333333333
6 0.3466101694915254 0.39816666666666667 0.23152542372881357 0.32566666666666666
