7 0.7915354330708662 0.5096028645833334 0.10039370078740158 0.07194010416666667
13 0.7637795275590551 0.4986979166666667 0.1173228346456693 0.12760416666666666
0 0.6053149606299213 0.2718098958333333 0.11220472440944881 0.07747395833333333
5 0.7872047244094488 0.4913736979166667 0.10826771653543307 0.13248697916666666
13 0.7874015748031497 0.66650390625 0.02283464566929134 0.031575520833333336
8 0.3732283464566929 0.5994466145833334 0.04094488188976378 0.0380859375
0 0.6118110236220472 0.267578125 0.08818897637795275 0.078125
7 0.7874015748031497 0.66650390625 0.02283464566929134 0.031575520833333336
8 0.7728346456692914 0.5987955729166666 0.031496062992125984 0.028971354166666668
5 0.7637795275590551 0.4986979166666667 0.1173228346456693 0.12760416666666666
