8 0.7271706586826348 0.7005271695052717 0.04715568862275449 0.03852392538523925
8 0.2434505988023952 0.3471208434712084 0.02657185628742515 0.0267639902676399
0 0.5198353293413174 0.3542173560421736 0.1062874251497006 0.16909975669099755
8 0.3319610778443114 0.681265206812652 0.04341317365269461 0.0454176804541768
8 0.7282934131736527 0.6991078669910786 0.04940119760479042 0.04460665044606651
8 0.6912425149700598 0.5879967558799676 0.02470059880239521 0.0227088402270884
8 0.1751497005988024 0.6194241686942417 0.030688622754491017 0.030413625304136254
8 0.15662425149700598 0.6707218167072182 0.031062874251497005 0.035685320356853206
8 0.2460703592814371 0.3448905109489051 0.024326347305389222 0.025547445255474453
8 0.6916167664670658 0.379764801297648 0.020209580838323353 0.01824817518248175
8 0.3570359281437126 0.7433090024330901 0.021706586826347306 0.025141930251419302
8 0.1532559880239521 0.6686942416869425 0.03031437125748503 0.0332522303325223
8 0.17533682634730538 0.6208434712084347 0.02881736526946108 0.025141930251419302
8 0.7601047904191617 0.6613949716139497 0.021706586826347306 0.0202757502027575
0 0.5194610778443114 0.33880778588807786 0.10553892215568862 0.11962692619626926
8 0.7254865269461078 0.7037712895377128 0.049775449101796404 0.056366585563665854
8 0.17290419161676646 0.6192214111922141 0.030688622754491017 0.029197080291970802
