9 0.21084337349397592 0.39916666666666667 0.01660696841419733 0.019666666666666666
4 0.35037447085639856 0.3625 0.19993487463366982 0.2976666666666667
4 0.3471182025398893 0.3343333333333333 0.190166069684142 0.268
8 0.2855747313578639 0.5688333333333333 0.10615434711820254 0.08766666666666667
1 0.33767502442201236 0.3446666666666667 0.1927710843373494 0.2966666666666667
10 0.1986323673070661 0.7765 0.06577661999348747 0.085
8 0.33767502442201236 0.3446666666666667 0.1927710843373494 0.2966666666666667
10 0.20351676978183003 0.7413333333333333 0.07163790296320417 0.086
1 0.3471182025398893 0.3343333333333333 0.190166069684142 0.268
4 0.33767502442201236 0.3446666666666667 0.1927710843373494 0.2966666666666667
10 0.21393682839465972 0.7645 0.09443178117876913 0.08166666666666667
