11 0.3342013888888889 0.1625 0.09722222222222222 0.06388888888888888
9 0.3059895833333333 0.5086805555555556 0.2699652777777778 0.12777777777777777
9 0.44140625 0.30711805555555555 0.0642361111111111 0.06979166666666667
8 0.44140625 0.30711805555555555 0.0642361111111111 0.06979166666666667
8 0.4372829861111111 0.30746527777777777 0.05859375 0.06354166666666666
7 0.4372829861111111 0.30746527777777777 0.05859375 0.06354166666666666
13 0.4006076388888889 0.29097222222222224 0.1345486111111111 0.11527777777777778
9 0.3513454861111111 0.4861111111111111 0.3155381944444444 0.10833333333333334
13 0.3804253472222222 0.40555555555555556 0.11067708333333333 0.08125
8 0.44140625 0.31197916666666664 0.06336805555555555 0.071875
