11 0.7179435483870967 0.1606418918918919 0.13669354838709677 0.08412162162162162
11 0.28911290322580646 0.1679054054054054 0.08064516129032258 0.0445945945945946
13 0.21028225806451614 0.4876689189189189 0.12620967741935485 0.20304054054054055
13 0.21310483870967742 0.49375 0.09475806451612903 0.13682432432432431
11 0.7106854838709677 0.15574324324324323 0.10524193548387097 0.06891891891891892
10 0.16169354838709676 0.7819256756756757 0.11935483870967742 0.14425675675675675
10 0.16048387096774194 0.8086148648648649 0.10887096774193548 0.13885135135135135
13 0.27741935483870966 0.23952702702702702 0.11209677419354838 0.09662162162162162
0 0.5504032258064516 0.3489864864864865 0.11612903225806452 0.11824324324324324
11 0.16169354838709676 0.7819256756756757 0.11935483870967742 0.14425675675675675
11 0.3245967741935484 0.1775337837837838 0.17661290322580644 0.07533783783783783
11 0.1407258064516129 0.8099662162162162 0.07822580645161291 0.12398648648648648
13 0.21895161290322582 0.497972972972973 0.1064516129032258 0.17364864864864865
0 0.5497983870967742 0.3393581081081081 0.13266129032258064 0.11317567567567567
11 0.16048387096774194 0.8086148648648649 0.10887096774193548 0.13885135135135135
