5 0.2909238249594814 0.3935546875 0.23743922204213938 0.26953125
6 0.7524311183144247 0.3116861979166667 0.21312803889789303 0.2685546875
6 0.28038897893030795 0.3640950520833333 0.23176661264181522 0.2880859375
6 0.756482982171799 0.2955729166666667 0.2260940032414911 0.2591145833333333
13 0.756482982171799 0.2955729166666667 0.2260940032414911 0.2591145833333333
9 0.7931523500810372 0.23795572916666666 0.0919773095623987 0.08723958333333333
13 0.22366288492706646 0.2726236979166667 0.11507293354943274 0.1103515625
6 0.3026742301458671 0.2835286458333333 0.2585089141004862 0.10872395833333333
13 0.3026742301458671 0.2835286458333333 0.2585089141004862 0.10872395833333333
5 0.748581847649919 0.3229166666666667 0.1932739059967585 0.30859375
13 0.748581847649919 0.3229166666666667 0.1932739059967585 0.30859375
