13 0.7907647907647908 0.5113040629095675 0.10173160173160173 0.04357798165137615
10 0.7866161616161617 0.5352228047182176 0.21753246753246752 0.20019659239842727
3 0.525974025974026 0.5670052424639581 0.4184704184704185 0.22509829619921362
10 0.8445165945165946 0.5619266055045872 0.07215007215007214 0.13368283093053734
3 0.5607864357864358 0.5362057667103539 0.4823232323232323 0.12418086500655308
4 0.7876984126984127 0.5466906946264745 0.14321789321789322 0.08551769331585846
10 0.8104256854256854 0.5599606815203145 0.1699134199134199 0.16317169069462648
13 0.7754329004329005 0.5101572739187418 0.1396103896103896 0.043905635648754916
3 0.5452741702741702 0.540956749672346 0.44841269841269843 0.1343381389252949
7 0.7988816738816739 0.5566841415465269 0.10858585858585859 0.07732634338138926
