9 0.2638888888888889 0.5184027777777778 0.18663194444444445 0.09236111111111112
3 0.5453559027777778 0.5413194444444445 0.3971354166666667 0.09513888888888888
0 0.5164930555555556 0.315625 0.1293402777777778 0.07916666666666666
5 0.2638888888888889 0.5184027777777778 0.18663194444444445 0.09236111111111112
0 0.5247395833333334 0.3277777777777778 0.1154513888888889 0.09722222222222222
9 0.7020399305555556 0.4276041666666667 0.09331597222222222 0.059375
5 0.7020399305555556 0.4276041666666667 0.09331597222222222 0.059375
0 0.5299479166666666 0.33090277777777777 0.09635416666666667 0.09652777777777778
3 0.5438368055555556 0.5612847222222223 0.3932291666666667 0.12743055555555555
3 0.529296875 0.5414930555555556 0.3702256944444444 0.10520833333333333
