8 0.6831955922865014 0.18594908153399936 0.0149547422274695 0.016113438607798906
11 0.35379771743408106 0.1458266194005801 0.24163715072805983 0.05897518530454399
0 0.5938606847697757 0.3227521753142121 0.14010232192050373 0.1453432162423461
11 0.3626524990161354 0.1366419593941347 0.23179850452577724 0.05027392845633258
9 0.6831955922865014 0.18594908153399936 0.0149547422274695 0.016113438607798906
11 0.7072018890200709 0.1516274572993877 0.21723730814639905 0.0763776990009668
11 0.69637937819756 0.14776023203351596 0.21212121212121213 0.07895584917821463
9 0.6808343171979535 0.18933290364163713 0.01652892561983471 0.017080244924266838
9 0.6816214088941361 0.18707702223654527 0.011019283746556474 0.008056719303899453
11 0.6938213301849665 0.14147599097647437 0.1778827233372688 0.08959071865936191
