3 0.537125091441112 0.5870089593383874 0.4041697147037308 0.17401791867677463
10 0.2456108266276518 0.5794279807029634 0.25493782004389176 0.1912474155754652
7 0.27414045354791516 0.5435906271536871 0.2571324067300658 0.17332873880082703
10 0.2317117776152158 0.6516195727084769 0.2556693489392831 0.12749827705031014
4 0.2871250914411119 0.5356650585802895 0.30504754937820044 0.22363886974500344
4 0.27414045354791516 0.5435906271536871 0.2571324067300658 0.17332873880082703
1 0.2456108266276518 0.5794279807029634 0.25493782004389176 0.1912474155754652
7 0.2871250914411119 0.5356650585802895 0.30504754937820044 0.22363886974500344
10 0.23646671543525968 0.6183666436940042 0.2717629846378932 0.1574776016540317
9 0.07187271397220191 0.6142315644383184 0.026700804681784932 0.080289455547898
