6 0.25590828924162257 0.588174882629108 0.21904761904761905 0.10299295774647887
3 0.5871252204585538 0.6650528169014085 0.4292768959435626 0.2056924882629108
10 0.2776014109347443 0.6157570422535211 0.32451499118165783 0.17987089201877934
7 0.25590828924162257 0.588174882629108 0.21904761904761905 0.10299295774647887
10 0.25132275132275134 0.6286678403755869 0.29241622574955906 0.46566901408450706
11 0.3379188712522046 0.3075117370892019 0.24973544973544973 0.24471830985915494
11 0.13527336860670194 0.545774647887324 0.07160493827160494 0.2476525821596244
7 0.8417989417989418 0.7186032863849765 0.09417989417989418 0.13380281690140844
7 0.2525573192239859 0.596537558685446 0.20317460317460317 0.08274647887323944
6 0.8335097001763668 0.7191901408450704 0.10934744268077601 0.15316901408450703
6 0.29365079365079366 0.43485915492957744 0.20423280423280424 0.1255868544600939
10 0.24620811287477953 0.6512617370892019 0.29065255731922396 0.1675469483568075
13 0.8181657848324515 0.7394366197183099 0.1308641975308642 0.0710093896713615
7 0.4160493827160494 0.3217429577464789 0.11534391534391535 0.21097417840375587
0 0.5918871252204585 0.38218896713615025 0.12345679012345678 0.1159037558685446
0 0.5881834215167548 0.3783744131455399 0.10970017636684304 0.11120892018779342
