11 0.8224826388888888 0.8369791666666667 0.0546875 0.06493055555555556
7 0.2604166666666667 0.3098958333333333 0.3168402777777778 0.32534722222222223
10 0.03493923611111111 0.8098958333333334 0.055989583333333336 0.07395833333333333
7 0.2736545138888889 0.32743055555555556 0.3138020833333333 0.26180555555555557
10 0.8224826388888888 0.8369791666666667 0.0546875 0.06493055555555556
11 0.03493923611111111 0.8098958333333334 0.055989583333333336 0.07395833333333333
11 0.8205295138888888 0.8388888888888889 0.05772569444444445 0.06111111111111111
11 0.8226996527777778 0.8463541666666666 0.053385416666666664 0.08229166666666667
10 0.021484375 0.8142361111111112 0.038628472222222224 0.07569444444444444
10 0.8226996527777778 0.8463541666666666 0.053385416666666664 0.08229166666666667
4 0.2651909722222222 0.32013888888888886 0.3064236111111111 0.2638888888888889
11 0.029730902777777776 0.8128472222222223 0.05685763888888889 0.07777777777777778
4 0.2736545138888889 0.32743055555555556 0.3138020833333333 0.26180555555555557
11 0.021484375 0.8142361111111112 0.038628472222222224 0.07569444444444444
0 0.5251736111111112 0.3704861111111111 0.1284722222222222 0.09375
