0 0.5875454913061059 0.4018175916910094 0.1196926809543065 0.13047711781888996
13 0.3499797816417307 0.27069133398247325 0.023857662757784066 0.021421616358325218
13 0.5928022644561262 0.2839987017202207 0.016983420946219168 0.01622849724115547
8 0.5889607763849576 0.2836741317753976 0.016579053780832995 0.017526777020447908
8 0.62778002426203 0.2705290490100617 0.02547513141932875 0.017851346965271016
0 0.5790537808329964 0.40165530671859784 0.12616255560048525 0.13339824732229796
13 0.6556813586736757 0.33349561830574487 0.03841488071168621 0.10678351184680299
11 0.37970076829761423 0.24618630314832846 0.06550748079255965 0.03018500486854917
11 0.623331985442782 0.24229146381045116 0.12575818843509906 0.045764362220058426
13 0.6298018600889608 0.27166504381694256 0.023048928427011728 0.019474196689386564
7 0.35078851597250305 0.27377474845829275 0.01900525677315002 0.018500486854917234
3 0.5869389405580266 0.6806231742940604 0.45248685806712496 0.12658227848101267
3 0.6012939749292358 0.6919831223628692 0.46340477153255155 0.11814345991561181
3 0.5919935301253538 0.6897111327491074 0.4545086938940558 0.11035378123985719
13 0.5889607763849576 0.2836741317753976 0.016579053780832995 0.017526777020447908
13 0.4065911847957946 0.29633235962349885 0.007682976142337242 0.01103537812398572
0 0.5739991912656692 0.39094449853943525 0.14355034371209058 0.11846802986043492
