9 0.69970703125 0.4759114583333333 0.16373697916666666 0.3984375
5 0.69970703125 0.4759114583333333 0.16373697916666666 0.3984375
13 0.3460286458333333 0.47021484375 0.185546875 0.3733723958333333
11 0.76806640625 0.7532552083333334 0.0341796875 0.055989583333333336
10 0.76806640625 0.7532552083333334 0.0341796875 0.055989583333333336
13 0.69970703125 0.4759114583333333 0.16373697916666666 0.3984375
5 0.3427734375 0.4850260416666667 0.20182291666666666 0.5384114583333334
11 0.2571614583333333 0.78515625 0.044270833333333336 0.055989583333333336
5 0.6770833333333334 0.4451497395833333 0.212890625 0.5472005208333334
5 0.3460286458333333 0.47021484375 0.185546875 0.3733723958333333
5 0.3483072916666667 0.4876302083333333 0.21809895833333334 0.5651041666666666
5 0.6839192708333334 0.4541015625 0.19270833333333334 0.5651041666666666
10 0.2571614583333333 0.78515625 0.044270833333333336 0.055989583333333336
9 0.3460286458333333 0.47021484375 0.185546875 0.3733723958333333
