11 0.29705144291091595 0.2066953316953317 0.19008782936010038 0.22051597051597052
10 0.3248117942283563 0.47696560196560195 0.2801129234629862 0.3157248157248157
10 0.8244981179422836 0.6225429975429976 0.027289836888331243 0.055896805896805894
7 0.32575282308657466 0.27257371007371006 0.19730238393977415 0.2374078624078624
11 0.8244981179422836 0.6225429975429976 0.027289836888331243 0.055896805896805894
6 0.6999686323713927 0.4318181818181818 0.2048306148055207 0.3347665847665848
7 0.7165934755332497 0.47343366093366096 0.1910288582183187 0.24846437346437347
7 0.340495608531995 0.2658169533169533 0.21235884567126725 0.26259213759213756
7 0.3409661229611041 0.26474201474201475 0.19510664993726473 0.25
0 0.543444165621079 0.28654791154791154 0.09504391468005019 0.11179361179361179
10 0.3055207026348808 0.3828316953316953 0.25407779171894607 0.5211916461916462
10 0.32434127979924715 0.3339987714987715 0.2766624843161857 0.4751228501228501
