6 0.3138339920948617 0.22879504914452128 0.31778656126482213 0.33600291226792867
4 0.3138339920948617 0.22879504914452128 0.31778656126482213 0.33600291226792867
4 0.7383399209486166 0.21860211139424826 0.28695652173913044 0.336730979250091
10 0.8719367588932806 0.7602839461230433 0.09565217391304348 0.08336366945759009
6 0.7351778656126482 0.27029486712777573 0.2845849802371542 0.29741536221332365
7 0.8144268774703557 0.5977429923552967 0.16956521739130434 0.1951219512195122
4 0.7351778656126482 0.27029486712777573 0.2845849802371542 0.29741536221332365
10 0.8399209486166008 0.7080451401528941 0.17391304347826086 0.2024026210411358
10 0.8960474308300396 0.7144157262468147 0.10988142292490119 0.09646887513651256
6 0.7193675889328063 0.23734983618492903 0.32885375494071145 0.3582089552238806
4 0.28873517786561265 0.1949399344739716 0.3577075098814229 0.33236257735711683
6 0.2926877470355731 0.23425555151073899 0.3482213438735178 0.3440116490717146
