8 0.7139756944444444 0.21753472222222223 0.019097222222222224 0.017013888888888887
2 0.6471354166666666 0.2189236111111111 0.035590277777777776 0.028819444444444446
3 0.5444878472222222 0.5380208333333333 0.4110243055555556 0.13645833333333332
8 0.7784288194444444 0.32395833333333335 0.016059027777777776 0.016666666666666666
8 0.7163628472222222 0.21996527777777777 0.020399305555555556 0.022569444444444444
13 0.3741319444444444 0.19479166666666667 0.07465277777777778 0.06597222222222222
2 0.7259114583333334 0.22378472222222223 0.03428819444444445 0.05173611111111111
3 0.5423177083333334 0.5013888888888889 0.4205729166666667 0.13680555555555557
0 0.5646701388888888 0.28020833333333334 0.10069444444444445 0.1
8 0.6493055555555556 0.21961805555555555 0.028645833333333332 0.02326388888888889
13 0.7259114583333334 0.22378472222222223 0.03428819444444445 0.05173611111111111
0 0.4978298611111111 0.30416666666666664 0.2282986111111111 0.14791666666666667
8 0.7810329861111112 0.3232638888888889 0.022135416666666668 0.01875
8 0.6477864583333334 0.2189236111111111 0.031684027777777776 0.028819444444444446
8 0.724609375 0.2456597222222222 0.018663194444444444 0.010069444444444445
2 0.7801649305555556 0.32395833333333335 0.023003472222222224 0.021527777777777778
13 0.6345486111111112 0.3706597222222222 0.07118055555555555 0.060069444444444446
7 0.3689236111111111 0.19947916666666668 0.07552083333333333 0.04826388888888889
0 0.5475260416666666 0.3050347222222222 0.1349826388888889 0.14131944444444444
2 0.3706597222222222 0.19670138888888888 0.0798611111111111 0.05381944444444445
3 0.5499131944444444 0.5397569444444444 0.4305555555555556 0.10034722222222223
2 0.3741319444444444 0.19479166666666667 0.07465277777777778 0.06597222222222222
8 0.7269965277777778 0.2456597222222222 0.019097222222222224 0.011458333333333333
