6 0.30859375 0.27118055555555554 0.2204861111111111 0.33541666666666664
5 0.3385416666666667 0.2942708333333333 0.2612847222222222 0.31006944444444445
4 0.3155381944444444 0.18663194444444445 0.15104166666666666 0.10729166666666666
13 0.3313802083333333 0.26545138888888886 0.2599826388888889 0.3454861111111111
10 0.17513020833333334 0.6277777777777778 0.055121527777777776 0.06180555555555556
10 0.17252604166666666 0.6473958333333333 0.026475694444444444 0.03090277777777778
6 0.3313802083333333 0.26545138888888886 0.2599826388888889 0.3454861111111111
11 0.17513020833333334 0.6277777777777778 0.055121527777777776 0.06180555555555556
10 0.1755642361111111 0.6385416666666667 0.055121527777777776 0.049305555555555554
13 0.3385416666666667 0.2942708333333333 0.2612847222222222 0.31006944444444445
7 0.3155381944444444 0.18663194444444445 0.15104166666666666 0.10729166666666666
8 0.322265625 0.17725694444444445 0.18880208333333334 0.11076388888888888
13 0.30859375 0.27118055555555554 0.2204861111111111 0.33541666666666664
11 0.1755642361111111 0.6385416666666667 0.055121527777777776 0.049305555555555554
11 0.17252604166666666 0.6473958333333333 0.026475694444444444 0.03090277777777778
