3 0.6399739583333334 0.54052734375 0.4055989583333333 0.11946614583333333
0 0.6139322916666666 0.2635091145833333 0.15234375 0.10514322916666667
0 0.6456705729166666 0.2840169270833333 0.14876302083333334 0.14876302083333334
3 0.6363932291666666 0.5592447916666666 0.4016927083333333 0.13151041666666666
13 0.81640625 0.43408203125 0.10026041666666667 0.025065104166666668
13 0.806640625 0.431640625 0.111328125 0.026041666666666668
0 0.65380859375 0.3053385416666667 0.1376953125 0.1953125
9 0.51171875 0.2607421875 0.10807291666666667 0.23372395833333334
9 0.3302408854166667 0.5128580729166666 0.051106770833333336 0.055013020833333336
3 0.6276041666666666 0.5247395833333334 0.4212239583333333 0.14192708333333334
