13 0.6445473251028807 0.397902397260274 0.10802469135802469 0.1305650684931507
11 0.0889917695473251 0.8154965753424658 0.0411522633744856 0.05736301369863014
13 0.635545267489712 0.4274400684931507 0.14146090534979425 0.15111301369863014
13 0.21707818930041153 0.367722602739726 0.19753086419753085 0.125
11 0.9251543209876543 0.802654109589041 0.047839506172839504 0.06506849315068493
11 0.0874485596707819 0.8191352739726028 0.06275720164609054 0.09032534246575342
11 0.9161522633744856 0.8022260273972602 0.06995884773662552 0.0547945205479452
10 0.0874485596707819 0.8191352739726028 0.06275720164609054 0.09032534246575342
13 0.25848765432098764 0.4304366438356164 0.19804526748971193 0.24700342465753425
10 0.9161522633744856 0.8022260273972602 0.06995884773662552 0.0547945205479452
8 0.209619341563786 0.7292380136986302 0.028292181069958847 0.019263698630136987
10 0.0889917695473251 0.8154965753424658 0.0411522633744856 0.05736301369863014
10 0.9251543209876543 0.802654109589041 0.047839506172839504 0.06506849315068493
13 0.21733539094650206 0.3722174657534247 0.20421810699588477 0.1305650684931507
