0 0.6187065972222222 0.34097222222222223 0.1644965277777778 0.12777777777777777
11 0.7345920138888888 0.21961805555555555 0.20789930555555555 0.11215277777777778
0 0.6360677083333334 0.3314236111111111 0.1193576388888889 0.10381944444444445
13 0.3932291666666667 0.49496527777777777 0.1623263888888889 0.12534722222222222
11 0.9262152777777778 0.6229166666666667 0.04079861111111111 0.03680555555555556
13 0.396484375 0.4982638888888889 0.16015625 0.13819444444444445
0 0.5740017361111112 0.35555555555555557 0.2547743055555556 0.1423611111111111
10 0.9262152777777778 0.6229166666666667 0.04079861111111111 0.03680555555555556
7 0.6859809027777778 0.18802083333333333 0.1931423611111111 0.07604166666666666
13 0.3836805555555556 0.49149305555555556 0.15625 0.11701388888888889
11 0.7658420138888888 0.2078125 0.09331597222222222 0.05451388888888889
