6 0.7276475694444444 0.29704861111111114 0.06640625 0.024652777777777777
13 0.22786458333333334 0.5402777777777777 0.1909722222222222 0.035416666666666666
10 0.09526909722222222 0.6555555555555556 0.037760416666666664 0.021527777777777778
13 0.7350260416666666 0.2904513888888889 0.06987847222222222 0.03854166666666667
13 0.2209201388888889 0.5392361111111111 0.20052083333333334 0.03888888888888889
13 0.23893229166666666 0.5423611111111111 0.22265625 0.03333333333333333
11 0.09526909722222222 0.6555555555555556 0.037760416666666664 0.021527777777777778
11 0.091796875 0.6595486111111111 0.040364583333333336 0.06076388888888889
13 0.3001302083333333 0.23055555555555557 0.08637152777777778 0.07152777777777777
13 0.7183159722222222 0.29756944444444444 0.044270833333333336 0.027083333333333334
