5 0.8042691751085383 0.4427083333333333 0.24095513748191028 0.43680555555555556
11 0.33285094066570187 0.1828125 0.17293777134587554 0.05590277777777778
11 0.7727930535455861 0.203125 0.10347322720694646 0.06111111111111111
0 0.5776049204052098 0.31527777777777777 0.10672937771345875 0.12986111111111112
11 0.3393632416787265 0.18263888888888888 0.17655571635311143 0.05694444444444444
11 0.7559696092619392 0.19618055555555555 0.07923299565846599 0.043055555555555555
5 0.2541606367583213 0.4206597222222222 0.3107814761215629 0.44131944444444443
9 0.3319464544138929 0.08888888888888889 0.027134587554269174 0.025694444444444443
11 0.3024602026049204 0.1829861111111111 0.10926193921852388 0.03888888888888889
0 0.5794138929088278 0.3215277777777778 0.11107091172214183 0.11944444444444445
