11 0.3412332214765101 0.12239195230998509 0.22860738255033558 0.0815946348733234
11 0.337248322147651 0.121274217585693 0.18288590604026847 0.05476900149031297
11 0.7348993288590604 0.13338301043219075 0.19966442953020133 0.06929955290611028
9 0.4924496644295302 0.7826005961251863 0.14681208053691275 0.06594634873323398
0 0.6105285234899329 0.31389716840536513 0.1723993288590604 0.21423248882265275
11 0.7655201342281879 0.12462742175856929 0.10151006711409397 0.05923994038748137
11 0.7529362416107382 0.121274217585693 0.11073825503355705 0.04880774962742176
0 0.6208053691275168 0.294709388971684 0.16023489932885907 0.1557377049180328
11 0.26069630872483224 0.14120715350223548 0.10696308724832215 0.03427719821162444
0 0.6256291946308725 0.3103576751117735 0.1531040268456376 0.16542473919523099
9 0.4836409395973154 0.7744038748137109 0.13506711409395974 0.06296572280178837
