11 0.343505859375 0.1076 0.14404296875 0.0328
8 0.147705078125 0.5002 0.02880859375 0.0284
3 0.5830078125 0.6068 0.453125 0.1464
11 0.310302734375 0.6176 0.05517578125 0.0592
2 0.603515625 0.2604 0.0361328125 0.0648
3 0.58056640625 0.6168 0.4541015625 0.1656
9 0.31787109375 0.6236 0.0791015625 0.064
2 0.15966796875 0.5048 0.044921875 0.0344
8 0.147705078125 0.5014 0.01611328125 0.022
11 0.31787109375 0.6236 0.0791015625 0.064
11 0.67529296875 0.1138 0.072265625 0.0156
0 0.567138671875 0.254 0.10595703125 0.0896
3 0.577392578125 0.6086 0.45361328125 0.162
0 0.56640625 0.2682 0.1162109375 0.1076
0 0.568115234375 0.2734 0.12744140625 0.114
