10 0.9112531061412851 0.8565519523494375 0.0291089811856585 0.036068828590337526
11 0.9112531061412851 0.8565519523494375 0.0291089811856585 0.036068828590337526
0 0.5848420305289315 0.38352084712111184 0.10756123535676251 0.13964262078093978
9 0.14341498047568335 0.7782925215089345 0.17323393681221158 0.08405029781601589
2 0.6173233936812211 0.3825281270681668 0.04827831025914093 0.053606882859033755
0 0.5779197728079517 0.38947716743878225 0.13773517926872558 0.1270681667769689
0 0.5912318068867589 0.37111184645929846 0.09904153354632587 0.085704831237591
10 0.9121405750798722 0.8585373924553276 0.042243521476748314 0.0684976836532098
3 0.6082712105076322 0.7066512243547319 0.4263400780972666 0.157180675049636
11 0.3470003549875754 0.15949702183984116 0.11679091231806887 0.02911978821972204
11 0.9121405750798722 0.8585373924553276 0.042243521476748314 0.0684976836532098
3 0.61395101171459 0.6962276637988087 0.4412495562655307 0.1872931833223031
11 0.6794462193823216 0.15602250165453344 0.13560525381611643 0.02084712111184646
