2 0.6190944881889764 0.3001302083333333 0.02874015748031496 0.025390625
13 0.7137795275590552 0.2643229166666667 0.12913385826771653 0.140625
0 0.5868110236220473 0.2900390625 0.10748031496062992 0.08723958333333333
11 0.7507874015748032 0.19694010416666666 0.08110236220472442 0.083984375
11 0.7230314960629921 0.22932942708333334 0.12952755905511812 0.1357421875
11 0.639763779527559 0.13883463541666666 0.09370078740157481 0.0146484375
13 0.7072834645669291 0.2609049479166667 0.08385826771653543 0.14485677083333334
11 0.7490157480314961 0.19401041666666666 0.09409448818897638 0.09505208333333333
13 0.7431102362204725 0.33740234375 0.12716535433070866 0.1455078125
0 0.5972440944881889 0.2775065104166667 0.08110236220472442 0.06282552083333333
0 0.587992125984252 0.2967122395833333 0.10590551181102362 0.0908203125
