3 0.6088602801968951 0.6379835516296071 0.45664521014767134 0.24032896740785867
13 0.29155622870124953 0.5048735912275358 0.2226429382809542 0.1507767286018885
13 0.30594471790988265 0.5338105391410295 0.290798939795532 0.22753579043557723
7 0.25539568345323743 0.5007614986293024 0.16319575918212798 0.13402375875723424
7 0.30594471790988265 0.5338105391410295 0.290798939795532 0.22753579043557723
11 0.36501325255585004 0.16859579652756626 0.18250662627792502 0.09412123058178495
11 0.37239681938659597 0.16570210173621688 0.22756531616811815 0.13585135546756016
3 0.6213555471412344 0.6128540968626256 0.4324119651647103 0.2235759975632044
7 0.24290041650889815 0.6772768809016144 0.27300265051117 0.16966189460858971
0 0.6221128360469519 0.3230277185501066 0.13479742521772056 0.13128236369174537
