0 0.5548735119047619 0.27717391304347827 0.10677083333333333 0.18115942028985507
7 0.7578125 0.5584239130434783 0.05357142857142857 0.10869565217391304
3 0.5779389880952381 0.6003170289855072 0.35825892857142855 0.19882246376811594
9 0.8409598214285714 0.45652173913043476 0.0234375 0.08695652173913043
7 0.6581101190476191 0.2884963768115942 0.07663690476190477 0.14764492753623187
3 0.5879836309523809 0.5801630434782609 0.3664434523809524 0.1956521739130435
4 0.6497395833333334 0.302536231884058 0.06212797619047619 0.12047101449275362
0 0.5602678571428571 0.2667572463768116 0.09523809523809523 0.14855072463768115
3 0.5883556547619048 0.5785778985507246 0.38058035714285715 0.14266304347826086
10 0.18508184523809523 0.6535326086956522 0.05766369047619048 0.09057971014492754
11 0.18508184523809523 0.6535326086956522 0.05766369047619048 0.09057971014492754
7 0.6923363095238095 0.32065217391304346 0.15178571428571427 0.19927536231884058
8 0.6419270833333334 0.2896286231884058 0.07328869047619048 0.15625
7 0.6419270833333334 0.2896286231884058 0.07328869047619048 0.15625
