11 0.27884615384615385 0.15154367469879518 0.11865021770682148 0.09149096385542169
13 0.2240566037735849 0.2648719879518072 0.04245283018867924 0.03576807228915663
13 0.2817489114658926 0.29103915662650603 0.22169811320754718 0.20783132530120482
7 0.28918722786647316 0.291980421686747 0.0899854862119013 0.07341867469879518
6 0.2844702467343977 0.26976656626506024 0.14876632801161102 0.14947289156626506
5 0.319121915820029 0.47496234939759036 0.2441944847605225 0.4567018072289157
0 0.5932510885341074 0.40681475903614456 0.12264150943396226 0.16453313253012047
0 0.5845428156748912 0.4054969879518072 0.15239477503628446 0.1844879518072289
5 0.7287735849056604 0.5013177710843374 0.22750362844702468 0.43938253012048195
3 0.5801886792452831 0.6955948795180723 0.4898403483309144 0.19540662650602408
3 0.5841799709724238 0.7085843373493976 0.5341074020319303 0.18599397590361447
0 0.5821843251088534 0.3885542168674699 0.14187227866473148 0.1438253012048193
3 0.5582365747460087 0.7172439759036144 0.5351959361393324 0.1822289156626506
11 0.7115384615384616 0.18580572289156627 0.1748911465892598 0.09224397590361445
13 0.28918722786647316 0.291980421686747 0.0899854862119013 0.07341867469879518
