3 0.5575086805555556 0.5690972222222223 0.3988715277777778 0.09930555555555555
7 0.2463107638888889 0.5723958333333333 0.10546875 0.03923611111111111
11 0.78515625 0.6253472222222223 0.059027777777777776 0.05486111111111111
10 0.7782118055555556 0.6315972222222223 0.06076388888888889 0.04791666666666667
8 0.24717881944444445 0.5871527777777777 0.11588541666666667 0.07361111111111111
3 0.5601128472222222 0.5697916666666667 0.3919270833333333 0.1125
0 0.5230034722222222 0.3723958333333333 0.11805555555555555 0.134375
10 0.78515625 0.6253472222222223 0.059027777777777776 0.05486111111111111
0 0.5345052083333334 0.36041666666666666 0.12977430555555555 0.12708333333333333
11 0.7782118055555556 0.6315972222222223 0.06076388888888889 0.04791666666666667
8 0.24544270833333334 0.5871527777777777 0.11328125 0.07916666666666666
