11 0.3138020833333333 0.1560763888888889 0.1111111111111111 0.015625
7 0.751953125 0.5395833333333333 0.20182291666666666 0.1111111111111111
7 0.7886284722222222 0.5508680555555555 0.14149305555555555 0.08298611111111111
6 0.2619357638888889 0.5065972222222223 0.14973958333333334 0.07083333333333333
7 0.2743055555555556 0.4970486111111111 0.2361111111111111 0.11701388888888889
6 0.7947048611111112 0.5484375 0.12413194444444445 0.08159722222222222
0 0.5509982638888888 0.26944444444444443 0.11241319444444445 0.1076388888888889
7 0.3072916666666667 0.49027777777777776 0.18663194444444445 0.12083333333333333
11 0.6638454861111112 0.1451388888888889 0.11067708333333333 0.02847222222222222
0 0.5625 0.2828125 0.11805555555555555 0.12604166666666666
