11 0.7102490421455939 0.18504901960784315 0.15517241379310345 0.08496732026143791
13 0.6728927203065134 0.2853349673202614 0.17624521072796934 0.1736111111111111
7 0.2885536398467433 0.22794117647058823 0.1910919540229885 0.17647058823529413
13 0.6585249042145593 0.2694035947712418 0.1781609195402299 0.20383986928104575
11 0.7068965517241379 0.18668300653594772 0.171455938697318 0.08905228758169935
0 0.5636973180076629 0.3249591503267974 0.10440613026819924 0.08700980392156862
9 0.2998084291187739 0.2391748366013072 0.14367816091954022 0.11642156862745098
13 0.6479885057471264 0.2653186274509804 0.13505747126436782 0.19158496732026145
8 0.23659003831417624 0.28880718954248363 0.05459770114942529 0.06454248366013073
7 0.18630268199233715 0.5328839869281046 0.05268199233716475 0.06576797385620915
13 0.2962164750957854 0.2397875816993464 0.16906130268199235 0.1503267973856209
13 0.2998084291187739 0.2391748366013072 0.14367816091954022 0.11642156862745098
9 0.18630268199233715 0.5328839869281046 0.05268199233716475 0.06576797385620915
11 0.7550287356321839 0.20036764705882354 0.07806513409961686 0.051879084967320264
