2 0.45729042510925705 0.41187229797140007 0.05403257846642829 0.04888593282341204
2 0.4854986094557012 0.3097771865646824 0.08502185141040922 0.07482540738277353
0 0.5909813269765594 0.30113069504489526 0.1537544696066746 0.16461589624210177
11 0.8474374255065554 0.6998669770535417 0.07548669050456894 0.08413701363485201
2 0.48967024235200635 0.3126039241769205 0.07826777910210568 0.06651147322913202
2 0.4519268970997219 0.4205187894911872 0.06634882796980532 0.03957432657133356
1 0.31565355582042115 0.5435650149650815 0.1410409217322209 0.17924842035251082
11 0.37465236392530793 0.10691719321582974 0.21613031386571316 0.06617891586298637
0 0.5540325784664283 0.30761556368473564 0.24036551450139054 0.17226471566345194
2 0.6084624553039333 0.2904888593282341 0.0687326181962654 0.05021616228799468
2 0.5842272546682559 0.32274692384436315 0.06952721493841875 0.030927835051546393
