7 0.26484604105571846 0.4577621931781957 0.13379765395894427 0.1995537137392413
6 0.26484604105571846 0.4577621931781957 0.13379765395894427 0.1995537137392413
9 0.29802052785923755 0.2531080650302837 0.04032258064516129 0.1906279885240676
10 0.7272727272727273 0.44995218361491873 0.39002932551319647 0.5632770162575709
6 0.25788123167155425 0.5239081925406439 0.2401026392961877 0.28211667197959833
10 0.6992302052785924 0.42174051641695887 0.3786656891495601 0.4902773350334715
7 0.22892228739002932 0.5172138986292636 0.25843108504398826 0.29741791520561045
7 0.7272727272727273 0.44995218361491873 0.39002932551319647 0.5632770162575709
13 0.25788123167155425 0.5239081925406439 0.2401026392961877 0.28211667197959833
10 0.7131598240469208 0.4810328339177558 0.3684017595307918 0.5750717245776219
7 0.29802052785923755 0.2531080650302837 0.04032258064516129 0.1906279885240676
