13 0.2404045643153527 0.31168032786885247 0.2920124481327801 0.20860655737704917
13 0.2479253112033195 0.275 0.30186721991701243 0.1180327868852459
7 0.14600622406639005 0.2430327868852459 0.03682572614107884 0.022131147540983605
13 0.7655601659751037 0.41024590163934427 0.30186721991701243 0.30245901639344264
7 0.1862033195020747 0.30204918032786887 0.08091286307053942 0.054098360655737705
8 0.31820539419087135 0.25491803278688524 0.10321576763485477 0.07377049180327869
13 0.7806016597510373 0.4036885245901639 0.24066390041493776 0.27459016393442626
7 0.8101659751037344 0.34651639344262297 0.2551867219917012 0.1627049180327869
13 0.8101659751037344 0.34651639344262297 0.2551867219917012 0.1627049180327869
0 0.5656120331950207 0.257172131147541 0.1270746887966805 0.10040983606557377
8 0.1862033195020747 0.30204918032786887 0.08091286307053942 0.054098360655737705
