0 0.5880584192439863 0.3799846625766871 0.1400343642611684 0.16104294478527606
11 0.4014175257731959 0.19171779141104295 0.13015463917525774 0.06441717791411043
8 0.17719072164948454 0.6213573619631901 0.029639175257731958 0.031058282208588958
11 0.3799398625429553 0.1731211656441718 0.09664948453608248 0.03719325153374233
13 0.752147766323024 0.5214723926380368 0.2036082474226804 0.040644171779141106
11 0.6411082474226805 0.1857745398773006 0.0820446735395189 0.03872699386503067
8 0.8908934707903781 0.4904141104294479 0.03178694158075601 0.016104294478527608
13 0.32173539518900346 0.3015720858895706 0.13573883161512026 0.1276840490797546
13 0.3288230240549828 0.33378067484662577 0.07259450171821306 0.0763036809815951
13 0.22121993127147765 0.3004217791411043 0.05584192439862543 0.0325920245398773
13 0.18621134020618557 0.714148773006135 0.03479381443298969 0.03719325153374233
0 0.5955756013745704 0.3803680981595092 0.13788659793814434 0.147239263803681
8 0.8457903780068728 0.6039110429447853 0.014604810996563574 0.013803680981595092
3 0.5453178694158075 0.7335122699386503 0.43599656357388317 0.174079754601227
