9 0.5135970333745364 0.5145424836601307 0.18912237330037082 0.4493464052287582
11 0.7445405850844664 0.18202614379084966 0.08240626287597858 0.044444444444444446
0 0.5718994643592913 0.3303921568627451 0.12443345694272764 0.12483660130718954
9 0.522867737948084 0.6792483660130719 0.2661722290894108 0.3996732026143791
0 0.5784919653893696 0.3183006535947712 0.12031314379892871 0.08366013071895424
9 0.4938195302843016 0.5645424836601307 0.2426864441697569 0.380718954248366
3 0.5894107952204367 0.6426470588235295 0.457766790276061 0.16111111111111112
3 0.6032138442521632 0.6212418300653595 0.4466419447878039 0.14901960784313725
0 0.5791100123609394 0.3183006535947712 0.1330861145447054 0.09738562091503268
3 0.599711578079934 0.6547385620915033 0.45199835187474247 0.14084967320261438
