0 0.6155430711610487 0.3740431454418928 0.10674157303370786 0.14474599860821155
0 0.6247191011235955 0.39318023660403617 0.1348314606741573 0.16701461377870563
0 0.6142322097378277 0.38448155880306195 0.12734082397003746 0.14474599860821155
7 0.36217228464419476 0.30306193458594294 0.0599250936329588 0.033402922755741124
11 0.33277153558052436 0.1837160751565762 0.10674157303370786 0.059846903270702856
11 0.35280898876404493 0.17345163535142658 0.13632958801498127 0.06784968684759916
11 0.6619850187265918 0.15222686151704942 0.1194756554307116 0.026096033402922755
11 0.6739700374531835 0.16022964509394572 0.1344569288389513 0.04279749478079332
11 0.6694756554307116 0.16092553931802367 0.149438202247191 0.04001391788448156
9 0.36217228464419476 0.30306193458594294 0.0599250936329588 0.033402922755741124
