3 0.5373263888888888 0.6027777777777777 0.4670138888888889 0.15763888888888888
0 0.5364583333333334 0.33038194444444446 0.1171875 0.11631944444444445
13 0.2458767361111111 0.36354166666666665 0.16276041666666666 0.1423611111111111
6 0.2458767361111111 0.36354166666666665 0.16276041666666666 0.1423611111111111
3 0.5049913194444444 0.6145833333333334 0.4917534722222222 0.10347222222222222
7 0.3504774305555556 0.41128472222222223 0.1193576388888889 0.12118055555555556
7 0.3441840277777778 0.3984375 0.1284722222222222 0.13090277777777778
8 0.3504774305555556 0.41128472222222223 0.1193576388888889 0.12118055555555556
8 0.3565538194444444 0.4071180555555556 0.13758680555555555 0.18368055555555557
0 0.5234375 0.3293402777777778 0.1284722222222222 0.11631944444444445
11 0.3103298611111111 0.14652777777777778 0.12239583333333333 0.02361111111111111
