7 0.3153359127682026 0.4873962040332147 0.17833274709813576 0.1396797153024911
9 0.25993668659866337 0.44083629893238435 0.4952514948997538 0.3733689205219454
9 0.0645444952514949 0.6379003558718861 0.07984523390784383 0.638196915776987
13 0.2214210341188885 0.47004744958481615 0.06577558916637355 0.0634638196915777
0 0.5842419978895533 0.2947805456702254 0.13506858951811468 0.11862396204033215
12 0.2966936334857545 0.3487544483985765 0.26908195568061904 0.2526690391459075
9 0.28139289482940555 0.09786476868327403 0.2891311994372142 0.14412811387900357
9 0.09110094970102005 0.5140865954922894 0.16039395005276116 0.8312574139976275
12 0.2697854379176926 0.42408066429418745 0.3552585297221245 0.5966785290628707
9 0.05504748505100246 0.5222419928825622 0.10306014773126979 0.4015421115065243
9 0.7017235314808301 0.09000593119810202 0.27787548364403797 0.13256227758007116
9 0.24903271192402393 0.07962633451957295 0.28279985930355256 0.14679715302491103
12 0.26890608512135067 0.42319098457888493 0.37952866690116077 0.6061684460260973
9 0.49138234259584945 0.07962633451957295 0.7632782272247626 0.0898576512455516
3 0.5782623988744284 0.6069098457888493 0.42279282448118183 0.14086595492289442
10 0.11941610974322898 0.7372479240806643 0.06296166021807949 0.0711743772241993
11 0.11941610974322898 0.7372479240806643 0.06296166021807949 0.0711743772241993
9 0.6975026380583891 0.06672597864768683 0.22933520928596554 0.11803084223013048
9 0.1438621174815336 0.26586595492289444 0.05909250791417517 0.10290628706998814
10 0.25536405205768553 0.7443653618030842 0.3629968343299332 0.0468564650059312
