0 0.6057086614173228 0.2698567708333333 0.10433070866141732 0.09830729166666667
3 0.5696850393700787 0.5032552083333334 0.41338582677165353 0.126953125
13 0.3311023622047244 0.53662109375 0.13307086614173227 0.1396484375
10 0.2513779527559055 0.6181640625 0.03818897637795276 0.0625
7 0.4372047244094488 0.4295247395833333 0.09251968503937008 0.2607421875
3 0.5803149606299213 0.5348307291666666 0.38188976377952755 0.12565104166666666
0 0.6084645669291339 0.2607421875 0.11062992125984251 0.078125
11 0.2513779527559055 0.6181640625 0.03818897637795276 0.0625
11 0.2525590551181102 0.6246744791666666 0.02874015748031496 0.02734375
10 0.2525590551181102 0.6246744791666666 0.02874015748031496 0.02734375
0 0.6163385826771653 0.2745768229166667 0.08937007874015748 0.10188802083333333
