2 0.42234576757532283 0.6189227836034319 0.027618364418938307 0.06720686367969494
0 0.5959469153515065 0.19089609151572925 0.09146341463414634 0.09389895138226882
11 0.869261119081779 0.6549094375595805 0.04555236728837877 0.055290753098188754
2 0.42252510760401724 0.6179694947569113 0.028694404591104734 0.07292659675881792
0 0.5982783357245337 0.20424213536701621 0.08895265423242468 0.13393708293612966
0 0.6004304160688666 0.22140133460438513 0.09038737446197992 0.13393708293612966
3 0.6558464849354376 0.5714966634890372 0.28084648493543757 0.14966634890371783
13 0.45462697274031566 0.19351763584366063 0.09863701578192252 0.1954242135367016
10 0.869261119081779 0.6549094375595805 0.04555236728837877 0.055290753098188754
10 0.8654949784791965 0.6370352716873212 0.040172166427546625 0.07102001906577693
11 0.8654949784791965 0.6370352716873212 0.040172166427546625 0.07102001906577693
11 0.8645982783357246 0.6387035271687321 0.031922525107604016 0.05338417540514776
2 0.42449784791965567 0.6203527168732126 0.032639885222381634 0.07006673021925644
