8 0.2671440972222222 0.1467013888888889 0.020399305555555556 0.015625
0 0.4741753472222222 0.2361111111111111 0.12022569444444445 0.12222222222222222
13 0.271484375 0.1234375 0.03342013888888889 0.06493055555555556
6 0.2133246527777778 0.4965277777777778 0.1723090277777778 0.15069444444444444
9 0.2664930555555556 0.14774305555555556 0.028645833333333332 0.014930555555555556
7 0.21202256944444445 0.47413194444444445 0.18098958333333334 0.18090277777777777
3 0.5130208333333334 0.5347222222222222 0.390625 0.12013888888888889
3 0.5073784722222222 0.5354166666666667 0.4001736111111111 0.13194444444444445
0 0.4659288194444444 0.2342013888888889 0.10460069444444445 0.07743055555555556
8 0.2664930555555556 0.14774305555555556 0.028645833333333332 0.014930555555555556
