2 0.7542317708333334 0.5525716145833334 0.1015625 0.16243489583333334
3 0.6033528645833334 0.62939453125 0.3473307291666667 0.1181640625
11 0.7281901041666666 0.20231119791666666 0.054036458333333336 0.060221354166666664
9 0.7542317708333334 0.5525716145833334 0.1015625 0.16243489583333334
0 0.5828450520833334 0.3527018229166667 0.0966796875 0.09537760416666667
6 0.3419596354166667 0.2941080729166667 0.036783854166666664 0.032877604166666664
11 0.7151692708333334 0.56103515625 0.1640625 0.1474609375
13 0.7542317708333334 0.5525716145833334 0.1015625 0.16243489583333334
11 0.853515625 0.6315104166666666 0.06380208333333333 0.21940104166666666
11 0.7508138020833334 0.5511067708333334 0.08170572916666667 0.16861979166666666
13 0.3382161458333333 0.2950846354166667 0.041015625 0.044596354166666664
2 0.7508138020833334 0.5511067708333334 0.08170572916666667 0.16861979166666666
10 0.8513997395833334 0.7138671875 0.0361328125 0.059895833333333336
11 0.8513997395833334 0.7138671875 0.0361328125 0.059895833333333336
13 0.33251953125 0.29248046875 0.0458984375 0.054361979166666664
11 0.8455403645833334 0.6305338541666666 0.044596354166666664 0.09895833333333333
