6 2075.5 2138.0 373.0 230.0
10 232.0 2347.5 156.0 487.0
10 237.5 2429.5 149.0 173.0
11 659.0 1058.0 718.0 1034.0
4 2086.5 2141.5 441.0 245.0
4 766.5 1211.0 827.0 982.0
13 538.0 1448.5 500.0 151.0
7 699.0 1037.0 690.0 672.0
4 953.0 1468.0 372.0 486.0
13 749.0 1277.5 884.0 1465.0
6 766.5 1211.0 827.0 982.0
6 749.0 1277.5 884.0 1465.0
11 307.0 2394.0 268.0 236.0
7 749.0 1277.5 884.0 1465.0
10 307.0 2394.0 268.0 236.0
11 232.0 2347.5 156.0 487.0
3 1378.5 2383.5 1191.0 453.0
0 1521.5 1298.5 373.0 427.0
6 2107.0 2125.5 396.0 257.0
0 1528.5 1284.0 343.0 368.0
11 237.5 2429.5 149.0 173.0
