3 0.6204427083333334 0.6166666666666667 0.4891493055555556 0.17777777777777778
3 0.6391059027777778 0.6387152777777778 0.44921875 0.15520833333333334
10 0.2588975694444444 0.6003472222222223 0.3077256944444444 0.2361111111111111
11 0.3111979166666667 0.21145833333333333 0.24479166666666666 0.06944444444444445
7 0.3098958333333333 0.2730902777777778 0.24131944444444445 0.21631944444444445
7 0.2847222222222222 0.5038194444444445 0.2682291666666667 0.16041666666666668
0 0.6017795138888888 0.36041666666666666 0.1037326388888889 0.09583333333333334
4 0.3335503472222222 0.3177083333333333 0.14453125 0.125
7 0.2673611111111111 0.5265625 0.20225694444444445 0.08645833333333333
4 0.3098958333333333 0.2730902777777778 0.24131944444444445 0.21631944444444445
0 0.5933159722222222 0.38263888888888886 0.13194444444444445 0.12916666666666668
8 0.2552083333333333 0.5088541666666667 0.2170138888888889 0.1482638888888889
10 0.2736545138888889 0.43802083333333336 0.3676215277777778 0.5565972222222222
10 0.2482638888888889 0.5666666666666667 0.3098958333333333 0.3611111111111111
0 0.5811631944444444 0.3753472222222222 0.12760416666666666 0.12152777777777778
