11 2367.0 2639.5 308.0 413.0
11 162.5 2854.0 117.0 234.0
13 2127.0 1887.5 648.0 645.0
10 2362.0 2600.0 300.0 304.0
13 602.0 1369.0 228.0 142.0
11 2362.0 2600.0 300.0 304.0
7 595.0 1346.5 200.0 133.0
10 2396.5 2646.0 271.0 414.0
7 995.0 1582.5 334.0 671.0
13 2199.5 1822.5 487.0 417.0
7 2254.0 1342.5 334.0 443.0
11 155.5 2844.5 133.0 163.0
9 995.0 1582.5 334.0 671.0
7 565.5 1355.0 279.0 206.0
6 565.5 1355.0 279.0 206.0
13 2080.0 1628.5 798.0 901.0
10 155.5 2844.5 133.0 163.0
10 2367.0 2639.5 308.0 413.0
9 2052.5 1565.5 599.0 1001.0
5 2052.5 1565.5 599.0 1001.0
