9 0.24928249282492826 0.5767857142857142 0.024600246002460024 0.024404761904761905
8 0.23062730627306274 0.6386904761904761 0.025830258302583026 0.02023809523809524
11 0.3421484214842148 0.17648809523809525 0.14555145551455514 0.026785714285714284
0 0.5699056990569906 0.36815476190476193 0.13530135301353013 0.11666666666666667
9 0.23267732677326775 0.643154761904762 0.01845018450184502 0.019642857142857142
0 0.5756457564575646 0.3592261904761905 0.13038130381303814 0.08988095238095238
8 0.24928249282492826 0.5767857142857142 0.024600246002460024 0.024404761904761905
11 0.6152111521115211 0.1800595238095238 0.14637146371463713 0.02142857142857143
0 0.5717507175071751 0.36666666666666664 0.13489134891348914 0.1125
8 0.27039770397703977 0.5739583333333333 0.06765067650676507 0.02886904761904762
