13 691.0 798.5 716.0 767.0
7 2155.0 2018.5 276.0 401.0
10 420.5 2518.0 265.0 272.0
4 2155.0 2018.5 276.0 401.0
7 1619.5 745.0 447.0 518.0
11 1686.0 534.0 684.0 462.0
11 2245.5 2293.5 129.0 115.0
9 1392.0 683.0 354.0 496.0
4 1738.5 982.0 347.0 320.0
11 1822.0 581.0 390.0 442.0
7 1640.5 752.5 673.0 839.0
6 691.0 798.5 716.0 767.0
13 675.0 907.0 646.0 1176.0
6 2108.5 2015.0 435.0 460.0
11 400.5 2558.0 103.0 160.0
7 1680.0 754.5 692.0 841.0
13 693.5 1021.5 695.0 1273.0
6 693.5 1021.5 695.0 1273.0
13 1640.5 752.5 673.0 839.0
7 2046.5 1870.0 527.0 722.0
10 2245.5 2293.5 129.0 115.0
10 400.5 2558.0 103.0 160.0
11 420.5 2518.0 265.0 272.0
