11 0.6727807971014492 0.2172 0.18342391304347827 0.0632
13 0.3423913043478261 0.2676 0.18931159420289856 0.1416
11 0.6748188405797102 0.2252 0.15489130434782608 0.0248
1 0.6804800724637681 0.2194 0.17527173913043478 0.0596
8 0.7710597826086957 0.6918 0.2821557971014493 0.2916
13 0.7203351449275363 0.3756 0.21784420289855072 0.288
13 0.7309782608695652 0.3456 0.2246376811594203 0.2496
8 0.31929347826086957 0.723 0.020833333333333332 0.0164
11 0.3272192028985507 0.211 0.06476449275362318 0.0412
13 0.3842844202898551 0.3072 0.16983695652173914 0.1656
13 0.7001811594202898 0.3574 0.18478260869565216 0.2508
7 0.7203351449275363 0.3756 0.21784420289855072 0.288
11 0.42866847826086957 0.2032 0.07019927536231885 0.0248
