8 0.2732204861111111 0.3623263888888889 0.1618923611111111 0.14756944444444445
10 0.20985243055555555 0.6309027777777778 0.24522569444444445 0.16597222222222222
9 0.4136284722222222 0.31006944444444445 0.0798611111111111 0.17430555555555555
0 0.5763888888888888 0.35208333333333336 0.12760416666666666 0.12152777777777778
10 0.1603732638888889 0.5939236111111111 0.13671875 0.16284722222222223
4 0.2732204861111111 0.3623263888888889 0.1618923611111111 0.14756944444444445
10 0.24609375 0.6473958333333333 0.3342013888888889 0.20451388888888888
4 0.2751736111111111 0.3753472222222222 0.16493055555555555 0.13819444444444445
13 0.18077256944444445 0.39739583333333334 0.1037326388888889 0.12743055555555555
13 0.2803819444444444 0.28125 0.1267361111111111 0.12291666666666666
8 0.2719184027777778 0.3619791666666667 0.15494791666666666 0.134375
7 0.4136284722222222 0.31006944444444445 0.0798611111111111 0.17430555555555555
7 0.2719184027777778 0.3619791666666667 0.15494791666666666 0.134375
7 0.18077256944444445 0.39739583333333334 0.1037326388888889 0.12743055555555555
7 0.2680121527777778 0.3434027777777778 0.32421875 0.23125
