3 0.5487262434290335 0.6435518731988472 0.48685806712494945 0.12427953890489914
3 0.5701577031945007 0.646613832853026 0.5216336433481601 0.10158501440922191
0 0.551961180752123 0.3829250720461095 0.12292761827739587 0.15561959654178675
0 0.5430651031136272 0.37337896253602304 0.1293974929235746 0.14661383285302593
2 0.7808329963606955 0.5549351585014409 0.0606550748079256 0.082492795389049
9 0.459765467044076 0.8566282420749279 0.14718964820056613 0.06484149855907781
9 0.7808329963606955 0.5554755043227666 0.055802668823291546 0.07708933717579251
0 0.5634856449656288 0.3589697406340058 0.0950262838657501 0.1127521613832853
2 0.7741609381318237 0.5549351585014409 0.07480792559644157 0.0781700288184438
3 0.5659118479579458 0.6761527377521613 0.5204205418520016 0.12752161383285301
