12 0.3010033444816054 0.4514723557692308 0.3872166480862133 0.6439302884615384
11 0.8342623560014865 0.8149038461538461 0.06317354143441099 0.0859375
12 0.31735414344109997 0.3499098557692308 0.402081010776663 0.44320913461538464
10 0.11798587885544408 0.791015625 0.033816425120772944 0.042367788461538464
10 0.8342623560014865 0.8149038461538461 0.06317354143441099 0.0859375
11 0.11798587885544408 0.791015625 0.033816425120772944 0.042367788461538464
12 0.7432181345224823 0.4899338942307692 0.31809736157562246 0.6565504807692307
10 0.12430323299888517 0.7762920673076923 0.05165366034931252 0.0772235576923077
12 0.7251950947603122 0.4753605769230769 0.2738758825715347 0.6959134615384616
12 0.7408026755852842 0.4776141826923077 0.2946859903381642 0.6793870192307693
12 0.30379041248606464 0.45357572115384615 0.36529171311780007 0.6565504807692307
11 0.12430323299888517 0.7762920673076923 0.05165366034931252 0.0772235576923077
