6 0.3344184027777778 0.13159722222222223 0.12977430555555555 0.07152777777777777
6 0.6276041666666666 0.13177083333333334 0.1449652777777778 0.11006944444444444
6 0.345703125 0.1527777777777778 0.1480034722222222 0.13055555555555556
7 0.345703125 0.1527777777777778 0.1480034722222222 0.13055555555555556
6 0.6427951388888888 0.14010416666666667 0.1779513888888889 0.121875
6 0.3255208333333333 0.14704861111111112 0.12239583333333333 0.10243055555555555
13 0.3255208333333333 0.14704861111111112 0.12239583333333333 0.10243055555555555
13 0.6276041666666666 0.13177083333333334 0.1449652777777778 0.11006944444444444
7 0.6427951388888888 0.14010416666666667 0.1779513888888889 0.121875
6 0.6304253472222222 0.12795138888888888 0.1332465277777778 0.08090277777777778
