8 0.77294921875 0.6933656957928802 0.1123046875 0.07928802588996764
11 0.136474609375 0.8824838187702265 0.06298828125 0.06351132686084142
7 0.77294921875 0.6933656957928802 0.1123046875 0.07928802588996764
11 0.30908203125 0.1715210355987055 0.1826171875 0.050970873786407765
11 0.638916015625 0.17192556634304207 0.15673828125 0.04773462783171521
11 0.62841796875 0.1660598705501618 0.125 0.034385113268608415
8 0.7763671875 0.688915857605178 0.109375 0.0825242718446602
0 0.522216796875 0.33616504854368934 0.13427734375 0.08656957928802589
8 0.71484375 0.61084142394822 0.037109375 0.040453074433656956
8 0.728271484375 0.6217637540453075 0.06201171875 0.04449838187702265
11 0.6337890625 0.16949838187702265 0.1259765625 0.0372168284789644
8 0.771240234375 0.6899271844660194 0.11572265625 0.08940129449838188
