5 0.21458246780224347 0.6984046164290564 0.19983381803074365 0.20875763747454176
8 0.281678437889489 0.718601493550577 0.06730369754881595 0.042090970807875085
8 0.7793934358122144 0.6912763068567549 0.06481096800997092 0.045824847250509164
6 0.23764021603656002 0.6456211812627292 0.22600747818861652 0.31093007467752887
10 0.1429164935604487 0.8233197556008147 0.0656418778562526 0.06008146639511202
11 0.1429164935604487 0.8233197556008147 0.0656418778562526 0.06008146639511202
0 0.5619027835479851 0.343346911065852 0.11175737432488575 0.09945689069925323
6 0.205442459493145 0.6517311608961304 0.1823847112588284 0.34012219959266804
11 0.8080598255089323 0.761541072640869 0.04154549231408392 0.02002715546503734
7 0.205442459493145 0.6517311608961304 0.1823847112588284 0.34012219959266804
8 0.7791857083506439 0.6946707399864223 0.06273369339426672 0.03971486761710794
