13 0.3785807291666667 0.4098307291666667 0.134765625 0.044921875
0 0.55712890625 0.21614583333333334 0.08365885416666667 0.087890625
7 0.7194010416666666 0.4318033854166667 0.06705729166666667 0.0869140625
13 0.3859049479166667 0.4093424479166667 0.10579427083333333 0.036783854166666664
0 0.5555013020833334 0.21354166666666666 0.08756510416666667 0.08268229166666667
5 0.3427734375 0.2923177083333333 0.146484375 0.298828125
11 0.24381510416666666 0.4833984375 0.018880208333333332 0.037760416666666664
5 0.68359375 0.26220703125 0.12890625 0.3102213541666667
3 0.5475260416666666 0.40673828125 0.2923177083333333 0.0986328125
3 0.5504557291666666 0.4386393229166667 0.30078125 0.14420572916666666
13 0.3605143229166667 0.4005533854166667 0.06998697916666667 0.0419921875
0 0.5553385416666666 0.21435546875 0.09244791666666667 0.08756510416666667
3 0.5506184895833334 0.4197591145833333 0.2783203125 0.0693359375
