0 0.568503937007874 0.2722981770833333 0.14251968503937007 0.12337239583333333
3 0.5787401574803149 0.5302734375 0.431496062992126 0.076171875
0 0.5696850393700787 0.26806640625 0.12755905511811025 0.1123046875
11 0.15531496062992126 0.6780598958333334 0.04133858267716536 0.059244791666666664
0 0.5679133858267716 0.2884114583333333 0.13031496062992126 0.14127604166666666
10 0.15531496062992126 0.6780598958333334 0.04133858267716536 0.059244791666666664
3 0.5665354330708662 0.5154622395833334 0.4503937007874016 0.13639322916666666
11 0.6492125984251969 0.14485677083333334 0.115748031496063 0.057291666666666664
9 0.5013779527559055 0.4305013020833333 0.28228346456692915 0.6018880208333334
9 0.443503937007874 0.3741861979166667 0.10748031496062992 0.3245442708333333
3 0.568503937007874 0.52734375 0.4409448818897638 0.09375
9 0.4352362204724409 0.4005533854166667 0.08858267716535433 0.3727213541666667
