11 795.5 1520.0 263.0 1054.0
3 1693.5 1811.0 975.0 306.0
10 1016.0 1920.0 588.0 352.0
11 1176.0 455.0 260.0 44.0
11 1837.0 407.0 320.0 92.0
11 872.5 1901.0 301.0 508.0
10 872.5 1901.0 301.0 508.0
5 1070.5 1148.0 597.0 1364.0
11 825.0 1853.0 188.0 304.0
11 1196.0 442.0 362.0 100.0
6 956.0 820.5 268.0 231.0
10 825.0 1853.0 188.0 304.0
0 1652.0 931.0 288.0 360.0
7 956.0 820.5 268.0 231.0
11 1129.0 527.0 364.0 146.0
11 832.0 1422.0 192.0 962.0
0 1650.0 944.5 316.0 441.0
3 1628.5 1726.0 993.0 508.0
0 1638.5 948.0 315.0 364.0
5 2080.5 1474.0 603.0 1004.0
