13 0.8265748031496063 0.5880533854166666 0.0610236220472441 0.0322265625
10 0.8450787401574803 0.6080729166666666 0.07362204724409449 0.08138020833333333
13 0.7921259842519685 0.56494140625 0.1204724409448819 0.06608072916666667
11 0.8494094488188977 0.5950520833333334 0.05393700787401575 0.08463541666666667
0 0.5448818897637795 0.2706705729166667 0.10551181102362205 0.1103515625
10 0.8494094488188977 0.5950520833333334 0.05393700787401575 0.08463541666666667
11 0.12893700787401574 0.65576171875 0.0610236220472441 0.07779947916666667
13 0.8188976377952756 0.5789388020833334 0.06220472440944882 0.0341796875
10 0.12893700787401574 0.65576171875 0.0610236220472441 0.07779947916666667
11 0.8450787401574803 0.6080729166666666 0.07362204724409449 0.08138020833333333
