3 0.5773628048780488 0.5317095588235294 0.44359756097560976 0.14430147058823528
7 0.33384146341463417 0.4518995098039216 0.14329268292682926 0.08026960784313726
11 0.08708079268292683 0.5916053921568627 0.041539634146341466 0.11519607843137254
10 0.08708079268292683 0.5916053921568627 0.041539634146341466 0.11519607843137254
12 0.916920731707317 0.5984987745098039 0.0861280487804878 0.12408088235294118
0 0.5910823170731707 0.3166360294117647 0.14557926829268292 0.13878676470588236
0 0.5832698170731707 0.31755514705882354 0.13452743902439024 0.1400122549019608
11 0.916920731707317 0.5984987745098039 0.0861280487804878 0.12408088235294118
3 0.5996570121951219 0.5260416666666666 0.4493140243902439 0.12990196078431374
8 0.5817454268292683 0.32965686274509803 0.17873475609756098 0.15502450980392157
