10 0.14311023622047245 0.5260416666666666 0.05078740157480315 0.06575520833333333
9 0.7688976377952756 0.5021158854166666 0.23700787401574802 0.09407552083333333
3 0.5643700787401574 0.4715169270833333 0.41141732283464566 0.10904947916666667
0 0.5610236220472441 0.24886067708333334 0.11653543307086614 0.10774739583333333
10 0.15236220472440945 0.5164388020833334 0.07244094488188976 0.07454427083333333
11 0.14311023622047245 0.5260416666666666 0.05078740157480315 0.06575520833333333
9 0.7561023622047244 0.50732421875 0.265748031496063 0.1240234375
0 0.5582677165354331 0.23551432291666666 0.12125984251968504 0.0888671875
11 0.15236220472440945 0.5164388020833334 0.07244094488188976 0.07454427083333333
7 0.3655511811023622 0.3699544270833333 0.08543307086614173 0.11165364583333333
0 0.5586614173228347 0.23893229166666666 0.11653543307086614 0.09049479166666667
