10 0.792724609375 0.7626 0.03271484375 0.0412
10 0.80224609375 0.7556 0.0390625 0.04
10 0.048583984375 0.7384 0.04736328125 0.0536
11 0.792724609375 0.7626 0.03271484375 0.0412
9 0.225341796875 0.185 0.06982421875 0.0452
11 0.1953125 0.1518 0.068359375 0.042
13 0.176513671875 0.3528 0.10595703125 0.032
11 0.68896484375 0.1708 0.068359375 0.0456
10 0.052978515625 0.7372 0.04150390625 0.0392
11 0.048583984375 0.7384 0.04736328125 0.0536
13 0.225341796875 0.185 0.06982421875 0.0452
11 0.052978515625 0.7372 0.04150390625 0.0392
6 0.154296875 0.338 0.0751953125 0.052
11 0.80224609375 0.7556 0.0390625 0.04
13 0.23291015625 0.1866 0.0654296875 0.0436
13 0.169921875 0.3434 0.123046875 0.0492
9 0.23291015625 0.1866 0.0654296875 0.0436
