10 0.10094637223974763 0.8248287671232877 0.04337539432176656 0.05856164383561644
6 0.31447160883280756 0.29212328767123286 0.18178233438485805 0.18356164383561643
13 0.31447160883280756 0.29212328767123286 0.18178233438485805 0.18356164383561643
13 0.7868690851735016 0.28886986301369866 0.07452681388012618 0.060616438356164384
13 0.3414826498422713 0.30376712328767125 0.17350157728706625 0.17054794520547945
13 0.776813880126183 0.275 0.04337539432176656 0.05684931506849315
13 0.3339905362776025 0.30667808219178083 0.138801261829653 0.15376712328767123
10 0.8866324921135647 0.8398972602739726 0.04771293375394322 0.061986301369863016
11 0.8866324921135647 0.8398972602739726 0.04771293375394322 0.061986301369863016
11 0.10094637223974763 0.8248287671232877 0.04337539432176656 0.05856164383561644
13 0.7578864353312302 0.3078767123287671 0.12618296529968454 0.09794520547945205
