0 0.5572916666666666 0.35954861111111114 0.109375 0.1295138888888889
10 0.09483506944444445 0.8001736111111111 0.05078125 0.059375
11 0.09483506944444445 0.8001736111111111 0.05078125 0.059375
7 0.3146701388888889 0.3211805555555556 0.06510416666666667 0.19444444444444445
8 0.17643229166666666 0.7644097222222223 0.06553819444444445 0.04479166666666667
11 0.5963541666666666 0.18715277777777778 0.15711805555555555 0.05763888888888889
10 0.09505208333333333 0.8105902777777778 0.027777777777777776 0.04479166666666667
9 0.18077256944444445 0.765625 0.0681423611111111 0.03819444444444445
7 0.17881944444444445 0.7637152777777778 0.07725694444444445 0.04131944444444444
0 0.5581597222222222 0.3607638888888889 0.125 0.11736111111111111
10 0.0915798611111111 0.8036458333333333 0.041666666666666664 0.057291666666666664
11 0.0915798611111111 0.8036458333333333 0.041666666666666664 0.057291666666666664
11 0.09505208333333333 0.8105902777777778 0.027777777777777776 0.04479166666666667
9 0.17643229166666666 0.7644097222222223 0.06553819444444445 0.04479166666666667
0 0.5401475694444444 0.3576388888888889 0.1566840277777778 0.11527777777777778
