13 0.3196614583333333 0.4322916666666667 0.1332465277777778 0.0798611111111111
13 0.3237847222222222 0.4605902777777778 0.171875 0.16145833333333334
13 0.2766927083333333 0.4612847222222222 0.22526041666666666 0.134375
11 0.6176215277777778 0.23645833333333333 0.0859375 0.022916666666666665
9 0.3237847222222222 0.4605902777777778 0.171875 0.16145833333333334
11 0.3111979166666667 0.24947916666666667 0.1284722222222222 0.04618055555555556
11 0.9216579861111112 0.8482638888888889 0.053385416666666664 0.10694444444444444
13 0.7369791666666666 0.4519097222222222 0.044270833333333336 0.033680555555555554
11 0.9105902777777778 0.8559027777777778 0.04079861111111111 0.04583333333333333
10 0.9216579861111112 0.8482638888888889 0.053385416666666664 0.10694444444444444
13 0.7020399305555556 0.31979166666666664 0.1644965277777778 0.16666666666666666
13 0.6879340277777778 0.3112847222222222 0.11805555555555555 0.14131944444444444
13 0.6827256944444444 0.3314236111111111 0.1440972222222222 0.1267361111111111
