10 0.1558530724339169 0.7670694864048339 0.03432887058015791 0.056193353474320244
11 0.1558530724339169 0.7670694864048339 0.03432887058015791 0.056193353474320244
13 0.34775145897699966 0.22462235649546827 0.108479231033299 0.12658610271903323
11 0.3431170614486783 0.13187311178247735 0.1479574322004806 0.0770392749244713
13 0.7021970477171301 0.2324773413897281 0.08822519739100583 0.0649546827794562
13 0.7015104703055269 0.2312688821752266 0.08410573292138689 0.09274924471299094
13 0.3420871953312736 0.21586102719033232 0.09509097150703742 0.09939577039274924
7 0.8410573292138689 0.6889728096676737 0.061791967044284246 0.11208459214501511
2 0.3420871953312736 0.21586102719033232 0.09509097150703742 0.09939577039274924
8 0.3671472708547889 0.18761329305135951 0.03741846893237213 0.03323262839879154
2 0.3671472708547889 0.18761329305135951 0.03741846893237213 0.03323262839879154
11 0.3321318228630278 0.1255287009063444 0.1266735324407827 0.044410876132930516
13 0.8365945760384483 0.704380664652568 0.06522485410230003 0.07462235649546828
0 0.5411946446961895 0.29501510574018125 0.07106076210092688 0.06978851963746223
13 0.35633367662203913 0.2190332326283988 0.10161345691726742 0.11178247734138973
9 0.8365945760384483 0.704380664652568 0.06522485410230003 0.07462235649546828
13 0.6967044284243048 0.2321752265861027 0.06488156539649846 0.0716012084592145
13 0.829557157569516 0.6577039274924471 0.06694129763130793 0.1540785498489426
