10 0.9283209972730814 0.7252053990610329 0.04908453447604207 0.06836854460093897
7 0.3936501753019088 0.5283157276995305 0.1460849240358395 0.21038732394366197
12 0.7446435527853525 0.3163145539906103 0.30970003895597975 0.22711267605633803
12 0.29392286716010907 0.33392018779342725 0.3650175301908843 0.2775821596244131
12 0.29937670432411373 0.366637323943662 0.32684067004285156 0.2262323943661972
11 0.9261784183872225 0.738849765258216 0.043241137514608494 0.058098591549295774
12 0.28924814959096223 0.3370011737089202 0.3408648227502922 0.2819835680751174
1 0.3936501753019088 0.5283157276995305 0.1460849240358395 0.21038732394366197
11 0.9283209972730814 0.7252053990610329 0.04908453447604207 0.06836854460093897
12 0.19185820023373587 0.7395833333333334 0.3432021815348656 0.238556338028169
7 0.39813011297234124 0.5176056338028169 0.12543825477210752 0.15492957746478872
10 0.9261784183872225 0.738849765258216 0.043241137514608494 0.058098591549295774
