0 0.5273760330578512 0.24605263157894736 0.11776859504132231 0.08070175438596491
4 0.27634297520661155 0.3945175438596491 0.18698347107438015 0.12149122807017544
11 0.30036157024793386 0.1506578947368421 0.21642561983471073 0.06973684210526315
11 0.23243801652892562 0.5552631578947368 0.042355371900826444 0.02543859649122807
6 0.1859504132231405 0.4192982456140351 0.22210743801652894 0.30526315789473685
11 0.2660123966942149 0.14714912280701756 0.1652892561983471 0.04692982456140351
13 0.1859504132231405 0.4192982456140351 0.22210743801652894 0.30526315789473685
6 0.23605371900826447 0.3912280701754386 0.29132231404958675 0.37105263157894736
8 0.2190082644628099 0.5059210526315789 0.05785123966942149 0.04780701754385965
0 0.5387396694214877 0.24100877192982456 0.10743801652892562 0.08991228070175439
7 0.2306301652892562 0.39517543859649124 0.25361570247933884 0.12368421052631579
7 0.2660123966942149 0.14714912280701756 0.1652892561983471 0.04692982456140351
4 0.2306301652892562 0.39517543859649124 0.25361570247933884 0.12368421052631579
13 0.23605371900826447 0.3912280701754386 0.29132231404958675 0.37105263157894736
7 0.2202995867768595 0.5019736842105263 0.054235537190082644 0.052192982456140354
8 0.2202995867768595 0.5019736842105263 0.054235537190082644 0.052192982456140354
