10 0.9070216049382716 0.9048387096774193 0.05864197530864197 0.05806451612903226
13 0.9126157407407407 0.8524193548387097 0.015046296296296295 0.07387096774193548
13 0.2872299382716049 0.19983870967741935 0.03665123456790124 0.026129032258064518
11 0.14911265432098766 0.7937096774193548 0.12384259259259259 0.1461290322580645
10 0.9047067901234568 0.9101612903225806 0.06635802469135803 0.09516129032258064
11 0.1705246913580247 0.8103225806451613 0.125 0.1329032258064516
9 0.4699074074074074 0.6006451612903225 0.027777777777777776 0.025806451612903226
11 0.9070216049382716 0.9048387096774193 0.05864197530864197 0.05806451612903226
0 0.5922067901234568 0.32645161290322583 0.10030864197530864 0.09096774193548388
10 0.1537422839506173 0.7885483870967742 0.08603395061728394 0.14935483870967742
9 0.2208719135802469 0.2719354838709677 0.059799382716049385 0.03483870967741935
13 0.2208719135802469 0.2719354838709677 0.059799382716049385 0.03483870967741935
10 0.1705246913580247 0.8103225806451613 0.125 0.1329032258064516
8 0.2872299382716049 0.19983870967741935 0.03665123456790124 0.026129032258064518
10 0.14911265432098766 0.7937096774193548 0.12384259259259259 0.1461290322580645
11 0.9047067901234568 0.9101612903225806 0.06635802469135803 0.09516129032258064
11 0.1537422839506173 0.7885483870967742 0.08603395061728394 0.14935483870967742
