3 0.5514322916666666 0.5399305555555556 0.4292534722222222 0.14722222222222223
13 0.763671875 0.1998263888888889 0.023871527777777776 0.019791666666666666
3 0.5601128472222222 0.4996527777777778 0.4092881944444444 0.15902777777777777
3 0.552734375 0.5222222222222223 0.4344618055555556 0.15347222222222223
8 0.6623263888888888 0.11371527777777778 0.026909722222222224 0.021180555555555557
0 0.6236979166666666 0.23628472222222222 0.1310763888888889 0.14756944444444445
0 0.611328125 0.21388888888888888 0.15234375 0.11597222222222223
13 0.7384982638888888 0.15555555555555556 0.020399305555555556 0.017361111111111112
8 0.6647135416666666 0.10833333333333334 0.029947916666666668 0.03125
8 0.7384982638888888 0.15555555555555556 0.020399305555555556 0.017361111111111112
0 0.6343315972222222 0.21145833333333333 0.10112847222222222 0.09305555555555556
8 0.6590711805555556 0.1439236111111111 0.03342013888888889 0.02048611111111111
8 0.763671875 0.1998263888888889 0.023871527777777776 0.019791666666666666
11 0.1716579861111111 0.5493055555555556 0.05946180555555555 0.06875
8 0.7426215277777778 0.1560763888888889 0.03298611111111111 0.017708333333333333
11 0.4090711805555556 0.0763888888888889 0.08203125 0.02013888888888889
8 0.6638454861111112 0.14288194444444444 0.04210069444444445 0.021875
7 0.4388020833333333 0.1625 0.09809027777777778 0.1875
11 0.6662326388888888 0.09045138888888889 0.11458333333333333 0.023958333333333335
13 0.6623263888888888 0.11371527777777778 0.026909722222222224 0.021180555555555557
13 0.7330729166666666 0.17256944444444444 0.17708333333333334 0.14166666666666666
11 0.1694878472222222 0.5381944444444444 0.07682291666666667 0.08333333333333333
2 0.7330729166666666 0.17256944444444444 0.17708333333333334 0.14166666666666666
13 0.6590711805555556 0.1439236111111111 0.03342013888888889 0.02048611111111111
