13 0.40380859375 0.4793294270833333 0.0439453125 0.06282552083333333
0 0.5865885416666666 0.27001953125 0.09114583333333333 0.09602864583333333
11 0.419921875 0.17024739583333334 0.12044270833333333 0.041666666666666664
13 0.42529296875 0.3663736979166667 0.0400390625 0.0380859375
3 0.5859375 0.54541015625 0.3307291666666667 0.12923177083333334
3 0.5870768229166666 0.5572916666666666 0.3492838541666667 0.115234375
7 0.3976236979166667 0.421875 0.055013020833333336 0.09635416666666667
0 0.5935872395833334 0.265625 0.08170572916666667 0.08072916666666667
2 0.5940755208333334 0.27685546875 0.0546875 0.036783854166666664
3 0.58544921875 0.5524088541666666 0.3499348958333333 0.12434895833333333
0 0.5880533854166666 0.298828125 0.08821614583333333 0.138671875
