8 0.2682291666666667 0.5381944444444444 0.025173611111111112 0.018055555555555554
8 0.2378472222222222 0.38819444444444445 0.022569444444444444 0.018055555555555554
8 0.3107638888888889 0.36944444444444446 0.019965277777777776 0.021527777777777778
13 0.3279079861111111 0.3217013888888889 0.2591145833333333 0.16215277777777778
11 0.8658854166666666 0.8206597222222223 0.08246527777777778 0.115625
10 0.8782552083333334 0.8166666666666667 0.05859375 0.06944444444444445
11 0.8782552083333334 0.8166666666666667 0.05859375 0.06944444444444445
8 0.24696180555555555 0.36041666666666666 0.019965277777777776 0.013888888888888888
11 0.705078125 0.2232638888888889 0.1349826388888889 0.09513888888888888
13 0.3394097222222222 0.3232638888888889 0.2595486111111111 0.18263888888888888
13 0.7085503472222222 0.2894097222222222 0.19661458333333334 0.15104166666666666
13 0.7065972222222222 0.33697916666666666 0.22916666666666666 0.32048611111111114
13 0.3355034722222222 0.42916666666666664 0.2578125 0.3958333333333333
13 0.7777777777777778 0.33697916666666666 0.09114583333333333 0.050347222222222224
