0 0.6373390557939914 0.3181390977443609 0.14163090128755365 0.10432330827067669
11 0.3723175965665236 0.16423872180451127 0.1072961373390558 0.0587406015037594
11 0.3551502145922747 0.16635338345864661 0.1405579399141631 0.06954887218045112
0 0.6520922746781116 0.318843984962406 0.11963519313304721 0.11701127819548872
0 0.6410944206008584 0.34421992481203006 0.13733905579399142 0.15178571428571427
3 0.658530042918455 0.6475563909774437 0.42221030042918456 0.2387218045112782
11 0.365343347639485 0.16541353383458646 0.1072961373390558 0.05827067669172932
3 0.6633583690987125 0.6788063909774437 0.42972103004291845 0.2100563909774436
11 0.7572424892703863 0.15977443609022557 0.08637339055793991 0.04981203007518797
3 0.6333154506437768 0.636983082706767 0.476931330472103 0.14050751879699247
