11 0.3969849246231156 0.12676332288401254 0.14527181361352215 0.09600313479623825
2 0.2023755139333029 0.5658307210031348 0.15989036089538602 0.1590909090909091
13 0.33691183188670626 0.260384012539185 0.24349017816354498 0.2684169278996865
9 0.7231612608497031 0.7835031347962382 0.4193695751484696 0.20415360501567398
2 0.819780721790772 0.36559561128526646 0.13293741434444953 0.15752351097178682
11 0.31772498857925996 0.21571316614420064 0.26907263590680675 0.3420846394984326
11 0.33691183188670626 0.260384012539185 0.24349017816354498 0.2684169278996865
9 0.23892188213796253 0.7033699059561128 0.29511192325262675 0.11285266457680251
9 0.2275011420740064 0.7435344827586207 0.41480127912288717 0.22217868338557994
2 0.8318867062585655 0.36089341692789967 0.10507080858839653 0.08855799373040753
9 0.2364093193238922 0.7682210031347962 0.3293741434444952 0.2543103448275862
2 0.15029693924166285 0.5019592476489029 0.03380539058931019 0.03213166144200627
6 0.31772498857925996 0.21571316614420064 0.26907263590680675 0.3420846394984326
2 0.7948835084513477 0.38283699059561127 0.1845591594335313 0.15282131661442006
13 0.819780721790772 0.36559561128526646 0.13293741434444953 0.15752351097178682
13 0.33873915029693924 0.2323667711598746 0.187756966651439 0.17946708463949843
