13 0.8042337298810357 0.5055750238929595 0.11161651504548635 0.06944886906658171
3 0.58222533240028 0.5105129021981523 0.4177746675997201 0.1207390888818095
0 0.5552834149755074 0.24753106084740364 0.11406578026592022 0.09557183816502071
13 0.16147655703289013 0.5563873845173622 0.08432470258922323 0.014972921312519911
3 0.5855493351994402 0.5281936922586811 0.4279216235129461 0.13125199107996177
3 0.5769769069279216 0.5117871933736858 0.4163750874737579 0.11691621535520867
0 0.5603568929321203 0.24800892003822875 0.09762071378586425 0.10289901242433896
13 0.1698740377886634 0.5587766804714878 0.0815255423372988 0.02293724115960497
13 0.8159552134359692 0.5052564510990761 0.086074177746676 0.07327174259318255
13 0.8070328901329601 0.5184772220452374 0.11091672498250525 0.08442179037910162
13 0.17179846046186145 0.5576616756928958 0.099370188943317 0.03345014335775725
