2 0.5719110051648788 0.3168758256274769 0.10369487485101311 0.19319682959048878
2 0.15435041716328962 0.5911492734478203 0.05681366706396504 0.027080581241743725
2 0.3978943186332936 0.3252972258916777 0.10290027810885975 0.15059445178335534
2 0.389352403655145 0.33091149273447823 0.10011918951132301 0.15389696169088507
2 0.545689312673818 0.19996697490092472 0.07429479539133889 0.061756935270805814
2 0.5504568931267382 0.20046235138705415 0.05601907032181168 0.03302509907529723
2 0.2234803337306317 0.3129128137384412 0.06952721493841875 0.0511889035667107
2 0.5808502185141041 0.33322324966974903 0.10647596344854986 0.1571994715984148
2 0.2189114024632499 0.315224570673712 0.06595152959872864 0.0630779392338177
2 0.22228843861740166 0.31406869220607664 0.047278506158124754 0.04227212681638045
2 0.5961462058005562 0.3310766182298547 0.10528406833531982 0.13903566710700133
3 0.5683353198251887 0.5990752972258917 0.4843067143424712 0.24570673712021135
2 0.3972983710766786 0.32562747688243066 0.08978943186332936 0.13474240422721268
