0 0.5245535714285714 0.4277626811594203 0.12351190476190477 0.18614130434782608
10 0.7176339285714286 0.6843297101449275 0.09895833333333333 0.25271739130434784
3 0.5026041666666666 0.745697463768116 0.3630952380952381 0.17255434782608695
7 0.6861979166666666 0.5966938405797102 0.10602678571428571 0.43342391304347827
7 0.36532738095238093 0.5529891304347826 0.13169642857142858 0.23097826086956522
0 0.5344122023809523 0.411231884057971 0.12686011904761904 0.16847826086956522
3 0.4998139880952381 0.7721920289855072 0.36049107142857145 0.17119565217391305
7 0.6331845238095238 0.5135869565217391 0.2611607142857143 0.4891304347826087
7 0.5344122023809523 0.411231884057971 0.12686011904761904 0.16847826086956522
7 0.36532738095238093 0.5414402173913043 0.12276785714285714 0.23143115942028986
3 0.4992559523809524 0.7690217391304348 0.37648809523809523 0.2128623188405797
7 0.28813244047619047 0.5466485507246377 0.08816964285714286 0.1358695652173913
7 0.2654389880952381 0.7065217391304348 0.12239583333333333 0.12047101449275362
0 0.5379464285714286 0.43976449275362317 0.10714285714285714 0.19293478260869565
