9 0.7535762942779292 0.431446335078534 0.18358310626702998 0.3105366492146597
8 0.29666212534059944 0.3568390052356021 0.20572207084468666 0.09784031413612565
2 0.8199931880108992 0.4350458115183246 0.026226158038147138 0.08409685863874346
6 0.3048365122615804 0.33017015706806285 0.24318801089918257 0.1649214659685864
2 0.7482970027247956 0.4270287958115183 0.18732970027247955 0.3494764397905759
13 0.7482970027247956 0.4270287958115183 0.18732970027247955 0.3494764397905759
11 0.3366825613079019 0.22300392670157068 0.21696185286103542 0.08671465968586388
11 0.3581403269754768 0.20598821989528796 0.20946866485013624 0.143651832460733
8 0.27622615803814715 0.3484947643979058 0.042915531335149866 0.03926701570680628
1 0.3189713896457766 0.21596858638743455 0.2012942779291553 0.09816753926701571
13 0.7535762942779292 0.431446335078534 0.18358310626702998 0.3105366492146597
13 0.29666212534059944 0.3568390052356021 0.20572207084468666 0.09784031413612565
8 0.7535762942779292 0.431446335078534 0.18358310626702998 0.3105366492146597
2 0.7568119891008175 0.45091623036649214 0.16961852861035423 0.39725130890052357
9 0.29666212534059944 0.3568390052356021 0.20572207084468666 0.09784031413612565
9 0.27622615803814715 0.3484947643979058 0.042915531335149866 0.03926701570680628
13 0.3048365122615804 0.33017015706806285 0.24318801089918257 0.1649214659685864
2 0.30977520435967304 0.3390052356020942 0.24557220708446867 0.18455497382198952
13 0.7568119891008175 0.45091623036649214 0.16961852861035423 0.39725130890052357
