11 0.22578740157480315 0.5289713541666666 0.06338582677165354 0.057291666666666664
0 0.5742125984251969 0.18033854166666666 0.11141732283464567 0.08333333333333333
10 0.7974409448818898 0.5276692708333334 0.0515748031496063 0.056640625
3 0.5665354330708662 0.4680989583333333 0.4125984251968504 0.12174479166666667
11 0.22421259842519686 0.525390625 0.06181102362204725 0.057942708333333336
11 0.7974409448818898 0.5276692708333334 0.0515748031496063 0.056640625
0 0.5702755905511812 0.18603515625 0.11299212598425197 0.12076822916666667
0 0.5718503937007874 0.17496744791666666 0.10354330708661418 0.0908203125
10 0.22106299212598426 0.5315755208333334 0.0515748031496063 0.053385416666666664
3 0.5590551181102362 0.4923502604166667 0.38188976377952755 0.09212239583333333
10 0.22421259842519686 0.525390625 0.06181102362204725 0.057942708333333336
11 0.802755905511811 0.5392252604166666 0.1031496062992126 0.09212239583333333
10 0.802755905511811 0.5392252604166666 0.1031496062992126 0.09212239583333333
11 0.22106299212598426 0.5315755208333334 0.0515748031496063 0.053385416666666664
3 0.5625984251968504 0.4757486979166667 0.3952755905511811 0.11686197916666667
11 0.3661417322834646 0.08463541666666667 0.1173228346456693 0.028645833333333332
10 0.22578740157480315 0.5289713541666666 0.06338582677165354 0.057291666666666664
