8 0.8403083700440529 0.5432981927710844 0.04405286343612335 0.04216867469879518
10 0.27936857562408224 0.6602033132530121 0.328928046989721 0.2345632530120482
10 0.2856093979441997 0.6722515060240963 0.37958883994126286 0.2157379518072289
9 0.37591776798825255 0.5623117469879518 0.14390602055800295 0.12688253012048192
9 0.27936857562408224 0.6602033132530121 0.328928046989721 0.2345632530120482
10 0.23898678414096916 0.6790286144578314 0.28634361233480177 0.24134036144578314
8 0.8408590308370044 0.546875 0.04368575624082232 0.03125
11 0.3146108663729809 0.14175451807228914 0.22540381791483113 0.05082831325301205
8 0.8373715124816447 0.5427334337349398 0.04405286343612335 0.03727409638554217
9 0.23898678414096916 0.6790286144578314 0.28634361233480177 0.24134036144578314
