7 0.8504464285714286 0.6003170289855072 0.22395833333333334 0.6290760869565217
7 0.44047619047619047 0.7463768115942029 0.23660714285714285 0.2246376811594203
7 0.8160342261904762 0.33627717391304346 0.12611607142857142 0.14447463768115942
9 0.8376116071428571 0.6216032608695652 0.20870535714285715 0.6517210144927537
7 0.8376116071428571 0.6216032608695652 0.20870535714285715 0.6517210144927537
8 0.8160342261904762 0.33627717391304346 0.12611607142857142 0.14447463768115942
0 0.6785714285714286 0.4266304347826087 0.10119047619047619 0.18478260869565216
7 0.7918526785714286 0.31544384057971014 0.17075892857142858 0.1816123188405797
13 0.8160342261904762 0.33627717391304346 0.12611607142857142 0.14447463768115942
11 0.75 0.20357789855072464 0.14583333333333334 0.059329710144927536
7 0.41592261904761907 0.6222826086956522 0.2507440476190476 0.4429347826086957
9 0.8160342261904762 0.33627717391304346 0.12611607142857142 0.14447463768115942
0 0.6778273809523809 0.390625 0.11011904761904762 0.10009057971014493
