9 0.533203125 0.3660481770833333 0.126953125 0.3857421875
3 0.5616861979166666 0.4689127604166667 0.2965494791666667 0.0439453125
9 0.5078125 0.3489583333333333 0.06510416666666667 0.2858072916666667
11 0.6484375 0.154296875 0.09895833333333333 0.0390625
9 0.5309244791666666 0.20849609375 0.07161458333333333 0.15266927083333334
3 0.5582682291666666 0.4698893229166667 0.3170572916666667 0.10319010416666667
3 0.5550130208333334 0.4656575520833333 0.3098958333333333 0.07389322916666667
0 0.59521484375 0.236328125 0.07779947916666667 0.09700520833333333
0 0.59033203125 0.24658203125 0.0908203125 0.1162109375
0 0.5968424479166666 0.23942057291666666 0.0810546875 0.10774739583333333
