9 0.12491190979563073 0.2534970469381411 0.13777307963354474 0.24463786136151694
11 0.15133897110641298 0.593876282250544 0.06236786469344609 0.08423997513211066
9 0.2834742776603242 0.15247124650295307 0.010923185341789992 0.01896176562014299
9 0.2834742776603242 0.15076157911097296 0.015151515151515152 0.023624494870997825
0 0.5391120507399577 0.3183089835250233 0.12332628611698379 0.16474976686353746
7 0.3442565186751233 0.41342866024246194 0.11346018322762509 0.24059682934410942
4 0.2182875264270613 0.43145788001243396 0.16032417195207893 0.2505439850792664
10 0.15133897110641298 0.593876282250544 0.06236786469344609 0.08423997513211066
8 0.3442565186751233 0.41342866024246194 0.11346018322762509 0.24059682934410942
9 0.07311486962649753 0.60289089213553 0.06871035940803383 0.32732359341000933
9 0.33227625088090207 0.34271059993783026 0.03241719520789288 0.027665526888405345
7 0.25563777307963353 0.4423375815977619 0.20965468639887244 0.25924774634752873
9 0.05514446793516561 0.7169723344731116 0.03488372093023256 0.08859185576624184
9 0.136892177589852 0.25847062480571964 0.10465116279069768 0.18930680758470625
9 0.08914728682170543 0.5609263288778364 0.02466525722339676 0.23531240285980728
9 0.09337561663143058 0.5697855144544607 0.04439746300211417 0.23437985700963632
1 0.18252290345313602 0.4356543363382033 0.10923185341789993 0.20111905502020516
7 0.2182875264270613 0.43145788001243396 0.16032417195207893 0.2505439850792664
9 0.4420366455250176 0.2264532172831831 0.13424947145877378 0.2309605222256761
