11 0.42138671875 0.15234375 0.0849609375 0.020833333333333332
13 0.68798828125 0.2625325520833333 0.14029947916666666 0.15266927083333334
13 0.6907552083333334 0.2762044270833333 0.12369791666666667 0.16959635416666666
2 0.4000651041666667 0.2957356770833333 0.15494791666666666 0.18131510416666666
13 0.4012044270833333 0.24479166666666666 0.1689453125 0.169921875
11 0.4080403645833333 0.14973958333333334 0.1162109375 0.036458333333333336
2 0.6907552083333334 0.2762044270833333 0.12369791666666667 0.16959635416666666
2 0.41455078125 0.2840169270833333 0.1630859375 0.19889322916666666
13 0.7263997395833334 0.2781575520833333 0.13053385416666666 0.16373697916666666
13 0.4000651041666667 0.2957356770833333 0.15494791666666666 0.18131510416666666
8 0.3492838541666667 0.369140625 0.028645833333333332 0.01953125
2 0.7263997395833334 0.2781575520833333 0.13053385416666666 0.16373697916666666
13 0.41455078125 0.2840169270833333 0.1630859375 0.19889322916666666
