11 0.64625 0.16559436274509803 0.12964285714285714 0.029105392156862746
11 0.35428571428571426 0.15701593137254902 0.085 0.01685049019607843
0 0.5658928571428572 0.3092830882352941 0.1225 0.09650735294117647
11 0.6035714285714285 0.16513480392156862 0.11 0.05759803921568627
11 0.36875 0.17034313725490197 0.13892857142857143 0.04534313725490196
13 0.6066071428571429 0.20680147058823528 0.019642857142857142 0.04350490196078431
13 0.3794642857142857 0.1876531862745098 0.0875 0.02849264705882353
11 0.35696428571428573 0.16283700980392157 0.1432142857142857 0.020526960784313725
0 0.5655357142857143 0.3193933823529412 0.10178571428571428 0.11550245098039216
13 0.61125 0.19087009803921567 0.0575 0.058823529411764705
13 0.3694642857142857 0.18642769607843138 0.031071428571428573 0.046875
0 0.5730357142857143 0.3088235294117647 0.09392857142857143 0.07965686274509803
11 0.6219642857142857 0.1636029411764706 0.1382142857142857 0.018995098039215685
