11 0.11166666666666666 0.7772671568627451 0.06259259259259259 0.08394607843137254
11 0.6762962962962963 0.13955269607843138 0.15555555555555556 0.02971813725490196
11 0.7324074074074074 0.14613970588235295 0.11 0.0392156862745098
11 0.7161111111111111 0.13694852941176472 0.0811111111111111 0.031862745098039214
11 0.1112962962962963 0.7740502450980392 0.07740740740740741 0.13204656862745098
11 0.327037037037037 0.17570465686274508 0.17851851851851852 0.03768382352941176
11 0.11981481481481482 0.7866115196078431 0.07074074074074074 0.08854166666666667
11 0.88 0.8834252450980392 0.04814814814814815 0.07077205882352941
10 0.1112962962962963 0.7740502450980392 0.07740740740740741 0.13204656862745098
10 0.11166666666666666 0.7772671568627451 0.06259259259259259 0.08394607843137254
11 0.31925925925925924 0.17524509803921567 0.1637037037037037 0.028186274509803922
11 0.2992592592592593 0.18443627450980393 0.16 0.05269607843137255
