10 0.2437007874015748 0.6306966145833334 0.047244094488188976 0.055013020833333336
11 0.2437007874015748 0.6306966145833334 0.047244094488188976 0.055013020833333336
0 0.565748031496063 0.3033854166666667 0.12283464566929134 0.142578125
8 0.7915354330708662 0.5431315104166666 0.04055118110236221 0.038736979166666664
8 0.31299212598425197 0.5670572916666666 0.04330708661417323 0.029296875
0 0.5289370078740158 0.2939453125 0.19566929133858268 0.12044270833333333
0 0.5677165354330709 0.2801106770833333 0.09921259842519685 0.10384114583333333
10 0.2375984251968504 0.6328125 0.0515748031496063 0.078125
10 0.2549212598425197 0.6349283854166666 0.08464566929133858 0.09147135416666667
11 0.2549212598425197 0.6349283854166666 0.08464566929133858 0.09147135416666667
11 0.2375984251968504 0.6328125 0.0515748031496063 0.078125
