0 0.578916827852998 0.4244652406417112 0.13191489361702127 0.12366310160427807
10 0.15570599613152805 0.7331216577540107 0.1381044487427466 0.1106283422459893
11 0.9042553191489362 0.8783422459893048 0.0700193423597679 0.1463903743315508
10 0.23500967117988394 0.777072192513369 0.3090909090909091 0.16310160427807488
7 0.3191489361702128 0.6796457219251337 0.20657640232108318 0.16945187165775402
7 0.29632495164410055 0.700701871657754 0.19032882011605415 0.1467245989304813
13 0.748742746615087 0.4219585561497326 0.023597678916827854 0.023061497326203207
10 0.23481624758220504 0.7528409090909091 0.3520309477756286 0.3044786096256685
13 0.2771760154738878 0.2957887700534759 0.13733075435203096 0.02874331550802139
11 0.15570599613152805 0.7331216577540107 0.1381044487427466 0.1106283422459893
13 0.19032882011605415 0.7087232620320856 0.15241779497098645 0.029745989304812835
7 0.30986460348162476 0.701370320855615 0.26305609284332687 0.25033422459893045
10 0.9042553191489362 0.8783422459893048 0.0700193423597679 0.1463903743315508
