0 0.597900390625 0.4107142857142857 0.16259765625 0.2361111111111111
0 0.62255859375 0.37202380952380953 0.125 0.17063492063492064
10 0.9150390625 0.8519345238095238 0.0634765625 0.11458333333333333
11 0.093017578125 0.8353174603174603 0.04150390625 0.1359126984126984
3 0.57177734375 0.78125 0.5087890625 0.1974206349206349
3 0.554931640625 0.7435515873015873 0.48779296875 0.14186507936507936
10 0.093017578125 0.8353174603174603 0.04150390625 0.1359126984126984
3 0.572265625 0.7544642857142857 0.494140625 0.17956349206349206
11 0.9150390625 0.8519345238095238 0.0634765625 0.11458333333333333
0 0.613525390625 0.376984126984127 0.13037109375 0.15674603174603174
