13 0.31657608695652173 0.20498511904761904 0.1875 0.15699404761904762
13 0.8134057971014492 0.3318452380952381 0.09601449275362318 0.15997023809523808
11 0.348731884057971 0.5978422619047619 0.0661231884057971 0.03050595238095238
13 0.7008605072463768 0.1402529761904762 0.06838768115942029 0.06770833333333333
13 0.291213768115942 0.19289434523809523 0.21467391304347827 0.13132440476190477
11 0.34125905797101447 0.5907738095238095 0.06385869565217392 0.03794642857142857
13 0.7058423913043478 0.15699404761904762 0.08378623188405797 0.10267857142857142
13 0.3115942028985507 0.22823660714285715 0.18115942028985507 0.18489583333333334
13 0.8278985507246377 0.36290922619047616 0.10778985507246377 0.23921130952380953
2 0.8201992753623188 0.3502604166666667 0.09963768115942029 0.19233630952380953
13 0.6854619565217391 0.18470982142857142 0.15172101449275363 0.16183035714285715
13 0.8201992753623188 0.3502604166666667 0.09963768115942029 0.19233630952380953
