3 0.534156976744186 0.7142509727626459 0.48304263565891475 0.16488326848249027
11 0.04312015503875969 0.7692120622568094 0.06782945736434108 0.0958171206225681
6 0.7267441860465116 0.5899805447470817 0.10368217054263566 0.16439688715953307
11 0.04699612403100775 0.7735894941634242 0.07364341085271318 0.1580739299610895
10 0.8808139534883721 0.7845330739299611 0.029069767441860465 0.05544747081712062
11 0.8808139534883721 0.7845330739299611 0.029069767441860465 0.05544747081712062
0 0.5251937984496124 0.4703307392996109 0.0998062015503876 0.11964980544747082
10 0.04312015503875969 0.7692120622568094 0.06782945736434108 0.0958171206225681
0 0.5198643410852714 0.46449416342412453 0.11143410852713179 0.11575875486381323
3 0.533672480620155 0.7414883268482491 0.4878875968992248 0.07928015564202334
3 0.530281007751938 0.7120622568093385 0.4937015503875969 0.14105058365758755
10 0.04699612403100775 0.7735894941634242 0.07364341085271318 0.1580739299610895
