13 0.3044150110375276 0.22918088737201364 0.1770419426048565 0.13208191126279864
13 0.7289183222958058 0.2401023890784983 0.17836644591611478 0.163481228668942
2 0.1770419426048565 0.35887372013651875 0.045033112582781455 0.02832764505119454
13 0.81280353200883 0.6213310580204778 0.2163355408388521 0.20375426621160408
2 0.6905077262693157 0.18566552901023892 0.05033112582781457 0.041638225255972695
2 0.18035320088300222 0.36194539249146757 0.03399558498896247 0.01877133105802048
13 0.8796909492273731 0.6438566552901024 0.08962472406181016 0.02764505119453925
8 0.2726269315673289 0.2551194539249147 0.06754966887417219 0.04880546075085324
13 0.7178807947019867 0.23225255972696246 0.1704194260485651 0.24197952218430033
2 0.7289183222958058 0.2401023890784983 0.17836644591611478 0.163481228668942
2 0.7178807947019867 0.23225255972696246 0.1704194260485651 0.24197952218430033
13 0.8485651214128035 0.6691126279863481 0.15011037527593818 0.11501706484641638
2 0.3044150110375276 0.22918088737201364 0.1770419426048565 0.13208191126279864
