11 0.9010416666666666 0.7010416666666667 0.0234375 0.03194444444444444
10 0.9010416666666666 0.7010416666666667 0.0234375 0.03194444444444444
9 0.8051215277777778 0.5748263888888889 0.04079861111111111 0.03229166666666667
3 0.5889756944444444 0.6204861111111111 0.4375 0.125
7 0.8051215277777778 0.5748263888888889 0.04079861111111111 0.03229166666666667
0 0.6085069444444444 0.3104166666666667 0.1684027777777778 0.1388888888888889
0 0.58984375 0.3064236111111111 0.15625 0.11840277777777777
13 0.2628038194444444 0.615625 0.07335069444444445 0.08125
0 0.6019965277777778 0.3067708333333333 0.16145833333333334 0.13784722222222223
13 0.8537326388888888 0.6039930555555556 0.059027777777777776 0.04131944444444444
13 0.8491753472222222 0.6133680555555555 0.0802951388888889 0.03854166666666667
7 0.8055555555555556 0.5729166666666666 0.044270833333333336 0.034722222222222224
