11 0.8797619047619047 0.7376319261213721 0.15714285714285714 0.10718997361477572
13 0.8226190476190476 0.39297493403693934 0.1761904761904762 0.07420844327176782
13 0.39087301587301587 0.47312005277044855 0.3007936507936508 0.6639182058047494
10 0.3771825396825397 0.7452176781002638 0.05357142857142857 0.0009894459102902375
13 0.368452380952381 0.6355540897097626 0.29642857142857143 0.19788918205804748
5 0.8095238095238095 0.42908970976253297 0.24841269841269842 0.566622691292876
10 0.3827380952380952 0.7287269129287599 0.31785714285714284 0.15864116094986808
5 0.39087301587301587 0.47312005277044855 0.3007936507936508 0.6639182058047494
2 0.6775793650793651 0.3530672823218997 0.05119047619047619 0.05507915567282322
6 0.39087301587301587 0.47312005277044855 0.3007936507936508 0.6639182058047494
5 0.3740079365079365 0.3867084432717678 0.1765873015873016 0.1658970976253298
13 0.7841269841269841 0.4744393139841689 0.2865079365079365 0.6520448548812665
11 0.37162698412698414 0.7612137203166227 0.30833333333333335 0.12203166226912929
13 0.8430555555555556 0.5135224274406333 0.1376984126984127 0.10554089709762533
2 0.682936507936508 0.35108839050131924 0.04206349206349207 0.05837730870712401
13 0.8172619047619047 0.3403693931398417 0.201984126984127 0.18865435356200527
6 0.7841269841269841 0.4744393139841689 0.2865079365079365 0.6520448548812665
13 0.3734126984126984 0.5651385224274407 0.30634920634920637 0.25560686015831136
5 0.7841269841269841 0.4744393139841689 0.2865079365079365 0.6520448548812665
10 0.37162698412698414 0.7612137203166227 0.30833333333333335 0.12203166226912929
