8 0.206787109375 0.43580572289156627 0.13427734375 0.3015813253012048
13 0.188232421875 0.4503012048192771 0.15478515625 0.21310240963855423
7 0.22900390625 0.8072289156626506 0.2451171875 0.14457831325301204
13 0.284912109375 0.2528237951807229 0.18115234375 0.20745481927710843
10 0.127685546875 0.8123117469879518 0.05517578125 0.09450301204819277
11 0.251220703125 0.1976656626506024 0.14794921875 0.10090361445783133
13 0.267578125 0.2498117469879518 0.21875 0.19239457831325302
13 0.206787109375 0.43580572289156627 0.13427734375 0.3015813253012048
11 0.127685546875 0.8123117469879518 0.05517578125 0.09450301204819277
2 0.20849609375 0.43580572289156627 0.1220703125 0.2571536144578313
13 0.282470703125 0.2761671686746988 0.20849609375 0.19691265060240964
10 0.13330078125 0.8140060240963856 0.130859375 0.17921686746987953
