7 0.4147135416666667 0.27291666666666664 0.09331597222222222 0.1111111111111111
7 0.4201388888888889 0.26336805555555554 0.0798611111111111 0.10520833333333333
0 0.5674913194444444 0.3388888888888889 0.10980902777777778 0.08333333333333333
8 0.146484375 0.48194444444444445 0.020399305555555556 0.019444444444444445
8 0.14713541666666666 0.48159722222222223 0.017361111111111112 0.013888888888888888
0 0.5651041666666666 0.3524305555555556 0.10590277777777778 0.1361111111111111
3 0.5598958333333334 0.5677083333333334 0.4131944444444444 0.13680555555555557
0 0.5707465277777778 0.33211805555555557 0.09114583333333333 0.08576388888888889
8 0.1831597222222222 0.38211805555555556 0.024305555555555556 0.014930555555555556
9 0.5240885416666666 0.27621527777777777 0.09678819444444445 0.1232638888888889
8 0.18250868055555555 0.3807291666666667 0.020399305555555556 0.014930555555555556
