13 0.7441019786910198 0.44426121372031663 0.13964992389649925 0.09564643799472296
11 0.9117199391171994 0.83311345646438 0.0715372907153729 0.09498680738786279
10 0.9025875190258752 0.8192612137203166 0.09360730593607305 0.0870712401055409
11 0.2789193302891933 0.1779353562005277 0.08143074581430745 0.061015831134564644
5 0.8139269406392694 0.3862137203166227 0.1567732115677321 0.18271767810026385
13 0.7768264840182648 0.44755936675461744 0.1525875190258752 0.262532981530343
10 0.9117199391171994 0.83311345646438 0.0715372907153729 0.09498680738786279
5 0.1921613394216134 0.5445250659630607 0.20776255707762556 0.2532981530343008
11 0.9025875190258752 0.8192612137203166 0.09360730593607305 0.0870712401055409
0 0.5998858447488584 0.325032981530343 0.11910197869101978 0.10323218997361477
13 0.7791095890410958 0.44327176781002636 0.14726027397260275 0.22031662269129287
