11 0.7995716034271726 0.7893206854345165 0.05813953488372093 0.057833537331701344
13 0.3165544675642595 0.6406058751529988 0.13004895960832313 0.1361689106487148
11 0.8020195838433293 0.6809975520195839 0.07099143206854346 0.13310893512851898
13 0.3584761321909425 0.5953182374541004 0.16921664626682986 0.19859241126070992
11 0.8018665850673194 0.7844247246022031 0.04314565483476132 0.07741738066095472
7 0.3226744186046512 0.6204100367197063 0.15636474908200734 0.17962056303549573
7 0.3584761321909425 0.5953182374541004 0.16921664626682986 0.19859241126070992
7 0.7882496940024479 0.6884944920440637 0.05446756425948592 0.09730722154222766
13 0.3226744186046512 0.6204100367197063 0.15636474908200734 0.17962056303549573
10 0.8018665850673194 0.7844247246022031 0.04314565483476132 0.07741738066095472
11 0.3693390452876377 0.1193390452876377 0.08384332925336598 0.033659730722154224
0 0.5634944920440637 0.3061505507955936 0.09761321909424725 0.13188494492044064
11 0.7977356181150551 0.7746328029375765 0.04773561811505508 0.058445532435740515
10 0.7995716034271726 0.7893206854345165 0.05813953488372093 0.057833537331701344
11 0.8020195838433293 0.6765605875152999 0.05446756425948592 0.12484700122399021
0 0.5607405140758874 0.3053855569155447 0.09883720930232558 0.13341493268053856
