0 0.5681102362204724 0.3746744791666667 0.10551181102362205 0.09765625
13 0.315748031496063 0.5989583333333334 0.15590551181102363 0.091796875
3 0.5850393700787402 0.6456705729166666 0.4259842519685039 0.12662760416666666
3 0.6068897637795275 0.6158854166666666 0.41614173228346457 0.09244791666666667
2 0.5968503937007874 0.3583984375 0.02047244094488189 0.02734375
0 0.5618110236220473 0.3810221354166667 0.14409448818897638 0.11100260416666667
3 0.6005905511811024 0.6222330729166666 0.44448818897637793 0.10579427083333333
0 0.5584645669291338 0.39013671875 0.1468503937007874 0.12858072916666666
11 0.5860236220472441 0.22298177083333334 0.03346456692913386 0.01171875
13 0.2812992125984252 0.626953125 0.10118110236220472 0.059244791666666664
