3 0.6143663194444444 0.6338541666666667 0.4544270833333333 0.16354166666666667
13 0.3472222222222222 0.3560763888888889 0.16493055555555555 0.21631944444444445
13 0.265625 0.5029513888888889 0.22135416666666666 0.065625
7 0.2960069444444444 0.5649305555555556 0.1996527777777778 0.10416666666666667
11 0.9066840277777778 0.7340277777777777 0.08680555555555555 0.08055555555555556
10 0.9346788194444444 0.7364583333333333 0.05078125 0.07222222222222222
4 0.2884114583333333 0.5362847222222222 0.3311631944444444 0.12256944444444444
4 0.2990451388888889 0.5253472222222222 0.2439236111111111 0.11458333333333333
10 0.9066840277777778 0.7340277777777777 0.08680555555555555 0.08055555555555556
10 0.2649739583333333 0.6494791666666667 0.2990451388888889 0.1482638888888889
11 0.9346788194444444 0.7364583333333333 0.05078125 0.07222222222222222
13 0.3509114583333333 0.2795138888888889 0.16276041666666666 0.15416666666666667
10 0.2706163194444444 0.6237847222222223 0.3207465277777778 0.16006944444444443
7 0.2884114583333333 0.5362847222222222 0.3311631944444444 0.12256944444444444
0 0.5983072916666666 0.3692708333333333 0.13411458333333334 0.12743055555555555
11 0.7526041666666666 0.2185763888888889 0.11805555555555555 0.07256944444444445
7 0.3650173611111111 0.3390625 0.1857638888888889 0.278125
0 0.5989583333333334 0.3737847222222222 0.1605902777777778 0.15034722222222222
13 0.2664930555555556 0.49635416666666665 0.15625 0.04756944444444444
0 0.6026475694444444 0.3723958333333333 0.1306423611111111 0.13923611111111112
13 0.2990451388888889 0.5253472222222222 0.2439236111111111 0.11458333333333333
4 0.3650173611111111 0.3390625 0.1857638888888889 0.278125
4 0.3509114583333333 0.2795138888888889 0.16276041666666666 0.15416666666666667
