13 0.7829861111111112 0.659375 0.08159722222222222 0.025
0 0.5542534722222222 0.39375 0.13368055555555555 0.10902777777777778
3 0.5416666666666666 0.6850694444444444 0.5260416666666666 0.11388888888888889
13 0.7918836805555556 0.6553819444444444 0.08984375 0.028125
3 0.5440538194444444 0.6671875 0.5368923611111112 0.12118055555555556
13 0.7955729166666666 0.6621527777777778 0.0954861111111111 0.019444444444444445
13 0.2842881944444444 0.6333333333333333 0.07899305555555555 0.07361111111111111
0 0.5577256944444444 0.40381944444444445 0.1328125 0.12986111111111112
13 0.8667534722222222 0.7147569444444445 0.04513888888888889 0.02048611111111111
0 0.5740017361111112 0.3854166666666667 0.08897569444444445 0.0875
13 0.8524305555555556 0.7151041666666667 0.06510416666666667 0.02326388888888889
3 0.5210503472222222 0.6651041666666667 0.4908854166666667 0.115625
