6 779.0 1189.0 726.0 858.0
6 857.0 1092.5 718.0 1093.0
6 2147.0 1196.5 530.0 415.0
13 779.0 1189.0 726.0 858.0
6 1876.0 470.5 226.0 239.0
7 1943.0 487.0 198.0 150.0
0 1625.0 906.0 298.0 294.0
10 2528.0 2543.0 172.0 310.0
7 2147.0 1196.5 530.0 415.0
11 2528.0 2543.0 172.0 310.0
11 2501.0 2535.0 226.0 386.0
6 2111.5 1184.0 573.0 520.0
7 821.5 1236.5 675.0 703.0
13 2133.5 1162.0 579.0 516.0
13 857.0 1092.5 718.0 1093.0
6 821.5 1236.5 675.0 703.0
13 2111.5 1184.0 573.0 520.0
4 779.0 1189.0 726.0 858.0
13 1943.0 487.0 198.0 150.0
10 2501.0 2535.0 226.0 386.0
