10 162.0 1995.0 88.0 134.0
13 1569.5 784.0 447.0 492.0
7 598.0 1223.0 326.0 564.0
11 1605.5 433.0 185.0 140.0
4 559.0 966.0 588.0 1068.0
7 686.5 639.0 269.0 376.0
0 1237.0 856.5 298.0 397.0
4 541.0 762.5 568.0 601.0
4 686.5 639.0 269.0 376.0
7 576.0 1241.5 376.0 567.0
11 162.0 1995.0 88.0 134.0
8 686.5 639.0 269.0 376.0
7 541.0 762.5 568.0 601.0
7 456.0 877.5 354.0 471.0
7 559.0 966.0 588.0 1068.0
9 1543.0 742.5 346.0 303.0
4 456.0 877.5 354.0 471.0
6 576.0 1241.5 376.0 567.0
13 1543.0 742.5 346.0 303.0
