13 0.3282877604166667 0.21826171875 0.058268229166666664 0.1416015625
5 0.6722005208333334 0.57275390625 0.17122395833333334 0.3942057291666667
13 0.6318359375 0.20231119791666666 0.041015625 0.1298828125
13 0.3194986979166667 0.54638671875 0.07649739583333333 0.1611328125
13 0.6201171875 0.20930989583333334 0.05859375 0.15950520833333334
11 0.16341145833333334 0.7931315104166666 0.0546875 0.07845052083333333
11 0.19010416666666666 0.8011067708333334 0.09830729166666667 0.06640625
10 0.16341145833333334 0.7931315104166666 0.0546875 0.07845052083333333
9 0.3084309895833333 0.26123046875 0.2516276041666667 0.3134765625
11 0.3653971354166667 0.134765625 0.1357421875 0.037760416666666664
9 0.24072265625 0.6393229166666666 0.2138671875 0.2858072916666667
9 0.453125 0.5152994791666666 0.12174479166666667 0.3541666666666667
11 0.6251627604166666 0.13134765625 0.07649739583333333 0.0263671875
12 0.3084309895833333 0.26123046875 0.2516276041666667 0.3134765625
13 0.3014322916666667 0.3592122395833333 0.17122395833333334 0.1337890625
13 0.3338216145833333 0.22867838541666666 0.0615234375 0.1455078125
13 0.3209635416666667 0.3601888020833333 0.20833333333333334 0.13639322916666666
12 0.24072265625 0.6393229166666666 0.2138671875 0.2858072916666667
10 0.19010416666666666 0.8011067708333334 0.09830729166666667 0.06640625
