6 0.2732283464566929 0.6116536458333334 0.21023622047244095 0.05859375
7 0.234251968503937 0.615234375 0.14881889763779527 0.059895833333333336
11 0.3529527559055118 0.16178385416666666 0.12952755905511812 0.027994791666666668
6 0.8301181102362205 0.6446940104166666 0.13503937007874015 0.0849609375
11 0.655511811023622 0.14892578125 0.0984251968503937 0.021809895833333332
3 0.5669291338582677 0.6292317708333334 0.4503937007874016 0.12565104166666666
0 0.5671259842519685 0.3426106770833333 0.11929133858267717 0.10579427083333333
3 0.5868110236220473 0.626953125 0.4484251968503937 0.14192708333333334
11 0.6637795275590551 0.14371744791666666 0.09606299212598425 0.031575520833333336
9 0.1501968503937008 0.6739908854166666 0.08937007874015748 0.0615234375
11 0.4076771653543307 0.14860026041666666 0.07677165354330709 0.025065104166666668
7 0.8383858267716535 0.6653645833333334 0.10669291338582677 0.08919270833333333
