13 0.8271065182829889 0.5228697897454814 0.08585055643879173 0.028402803393581703
11 0.6019475357710652 0.19420877904832165 0.09419713831478538 0.052010328292143124
3 0.5961844197138315 0.6279970490593877 0.5214626391096979 0.19365547768351163
0 0.5548489666136724 0.3017336776097381 0.1271860095389507 0.1084470675027665
0 0.556637519872814 0.3070822574695684 0.12281399046104928 0.11250461084470675
3 0.5864467408585056 0.6348210992253781 0.5258346581875993 0.19845075617853192
0 0.5614069952305246 0.3216525267428993 0.11883942766295708 0.14607156030984877
13 0.8279014308426074 0.5232386573220213 0.10492845786963434 0.025451862781261526
13 0.8239268680445151 0.5232386573220213 0.09220985691573927 0.02471412762818148
3 0.5973767885532592 0.6471781630394688 0.5294117647058824 0.2098856510512726
