11 0.6315170521364171 0.12889847378898472 0.14425715405723247 0.05607166556071665
5 0.19149353194825558 0.5303583278035833 0.20031360250882008 0.2996018579960186
3 0.5987847902783222 0.5938951559389516 0.5194041552332419 0.16058394160583941
5 0.17189337514700118 0.5535832780358327 0.13210505684045473 0.2929661579296616
3 0.5872206977655822 0.6005308560053085 0.4719717757742062 0.16522893165228933
0 0.5719325754606037 0.32614465826144656 0.17483339866718933 0.1479761114797611
0 0.5956487651901216 0.32730590577305907 0.15013720109760878 0.15826144658261446
11 0.6252450019600156 0.1332116788321168 0.11211289690317522 0.05076310550763106
3 0.5883967071736574 0.577471798274718 0.46413171305370443 0.18148639681486398
0 0.586436691493532 0.3228268082282681 0.1764014112112897 0.16854678168546783
