11 0.1892361111111111 0.6975694444444445 0.09895833333333333 0.05555555555555555
11 0.053385416666666664 0.7878472222222223 0.05642361111111111 0.14652777777777778
0 0.5049913194444444 0.44375 0.10112847222222222 0.11458333333333333
10 0.053385416666666664 0.7878472222222223 0.05642361111111111 0.14652777777777778
13 0.298828125 0.45381944444444444 0.038628472222222224 0.08333333333333333
9 0.189453125 0.7289930555555556 0.2009548611111111 0.09131944444444444
9 0.1970486111111111 0.7161458333333334 0.17708333333333334 0.06215277777777778
11 0.1970486111111111 0.7161458333333334 0.17708333333333334 0.06215277777777778
13 0.24088541666666666 0.5585069444444445 0.171875 0.20243055555555556
11 0.2560763888888889 0.23472222222222222 0.07291666666666667 0.04791666666666667
13 0.2510850694444444 0.6354166666666666 0.12890625 0.19236111111111112
10 0.051432291666666664 0.8060763888888889 0.07508680555555555 0.12256944444444444
0 0.4826388888888889 0.44809027777777777 0.14930555555555555 0.13159722222222223
11 0.051432291666666664 0.8060763888888889 0.07508680555555555 0.12256944444444444
