9 0.812755671253254 0.7505013368983957 0.05689847526961696 0.04779411764705882
10 0.1500557828188918 0.9281417112299465 0.04202305689847527 0.05481283422459893
9 0.686500557828189 0.14421791443850268 0.0476013387876534 0.0999331550802139
13 0.7355894384529564 0.23963903743315507 0.1532168092227594 0.11029411764705882
8 0.812755671253254 0.7505013368983957 0.05689847526961696 0.04779411764705882
11 0.2714763852733358 0.20855614973262032 0.13090368166604685 0.10227272727272728
8 0.8170323540349572 0.7498328877005348 0.06917069542580885 0.0518048128342246
5 0.28412049088880625 0.5387700534759359 0.2900706582372629 0.6651069518716578
11 0.1500557828188918 0.9281417112299465 0.04202305689847527 0.05481283422459893
13 0.29323168464113053 0.2635360962566845 0.20639642989959092 0.20621657754010694
9 0.7355894384529564 0.23963903743315507 0.1532168092227594 0.11029411764705882
7 0.8239122350316103 0.7525066844919787 0.08516177017478617 0.0518048128342246
5 0.7671997024916326 0.6631016042780749 0.22089996281145408 0.3689839572192513
