8 0.5857300884955752 0.438838550247117 0.23783185840707965 0.24341021416803954
7 0.5857300884955752 0.438838550247117 0.23783185840707965 0.24341021416803954
10 0.2016961651917404 0.8307248764415156 0.3185840707964602 0.060955518945634266
10 0.7459439528023599 0.7689456342668863 0.2971976401179941 0.10626029654036244
7 0.1721976401179941 0.7973640856672158 0.13421828908554573 0.057660626029654036
10 0.7712020648967551 0.7767710049423394 0.2319321533923304 0.12685337726523888
4 0.6069321533923304 0.4289538714991763 0.19174041297935104 0.2730642504118616
7 0.7394911504424779 0.4779654036243822 0.18325958702064896 0.28377265238879734
10 0.8150811209439528 0.7691515650741351 0.13163716814159293 0.14868204283360792
7 0.17809734513274336 0.7835667215815486 0.21976401179941002 0.1000823723228995
8 0.6069321533923304 0.4289538714991763 0.19174041297935104 0.2730642504118616
