6 0.2701822916666667 0.4390625 0.12890625 0.06145833333333333
13 0.2591145833333333 0.4510416666666667 0.2621527777777778 0.1909722222222222
13 0.2378472222222222 0.4654513888888889 0.2604166666666667 0.24965277777777778
3 0.5496961805555556 0.7394097222222222 0.4214409722222222 0.11631944444444445
13 0.2224392361111111 0.4545138888888889 0.1870659722222222 0.23402777777777778
13 0.677734375 0.42916666666666664 0.1323784722222222 0.12986111111111112
0 0.5427517361111112 0.44305555555555554 0.1037326388888889 0.12708333333333333
6 0.2591145833333333 0.4510416666666667 0.2621527777777778 0.1909722222222222
13 0.6959635416666666 0.4496527777777778 0.1072048611111111 0.09166666666666666
7 0.2701822916666667 0.4390625 0.12890625 0.06145833333333333
