10 493.0 2459.5 606.0 175.0
11 190.5 2404.5 159.0 211.0
13 1627.0 670.5 174.0 173.0
13 798.5 538.5 335.0 471.0
7 608.0 1693.0 412.0 962.0
10 1687.0 1785.5 578.0 1119.0
13 820.0 554.0 298.0 544.0
12 585.5 1333.0 951.0 2220.0
1 820.0 554.0 298.0 544.0
13 799.5 562.0 355.0 494.0
10 1602.5 1777.5 511.0 1201.0
13 1617.5 817.5 403.0 771.0
10 190.5 2404.5 159.0 211.0
8 1582.0 1529.0 496.0 606.0
12 385.5 1873.0 645.0 976.0
12 484.5 1334.5 625.0 2067.0
7 1617.5 817.5 403.0 771.0
0 1349.5 938.5 271.0 229.0
7 1664.5 869.0 491.0 798.0
13 482.5 1751.0 213.0 860.0
10 1697.0 1973.0 346.0 610.0
