0 0.5123697916666666 0.3133680555555556 0.12977430555555555 0.11979166666666667
11 0.2899305555555556 0.18663194444444445 0.1892361111111111 0.03576388888888889
1 0.2578125 0.3423611111111111 0.2586805555555556 0.3298611111111111
10 0.0798611111111111 0.6817708333333333 0.051215277777777776 0.08576388888888889
10 0.08940972222222222 0.6875 0.050347222222222224 0.0625
4 0.2671440972222222 0.34149305555555554 0.3224826388888889 0.33784722222222224
11 0.0798611111111111 0.6817708333333333 0.051215277777777776 0.08576388888888889
11 0.8426649305555556 0.7163194444444444 0.04991319444444445 0.11736111111111111
11 0.07855902777777778 0.6814236111111112 0.05555555555555555 0.04895833333333333
0 0.5470920138888888 0.3046875 0.12022569444444445 0.10104166666666667
11 0.2805989583333333 0.34322916666666664 0.2565104166666667 0.3802083333333333
9 0.3394097222222222 0.5777777777777777 0.22135416666666666 0.21458333333333332
4 0.2578125 0.3423611111111111 0.2586805555555556 0.3298611111111111
10 0.07855902777777778 0.6814236111111112 0.05555555555555555 0.04895833333333333
11 0.08940972222222222 0.6875 0.050347222222222224 0.0625
7 0.2805989583333333 0.34322916666666664 0.2565104166666667 0.3802083333333333
0 0.5286458333333334 0.3265625 0.1293402777777778 0.1329861111111111
7 0.2671440972222222 0.34149305555555554 0.3224826388888889 0.33784722222222224
