0 0.5685339690107271 0.44985731757032205 0.12713547874453715 0.1471667346106808
11 0.6740166865315852 0.2594781899714635 0.1299165673420739 0.028944150020383204
3 0.624751688518077 0.7586628618018753 0.4461660707191101 0.19894007337953526
11 0.36233611442193087 0.2570322054626987 0.15176797775129122 0.026498165511618425
0 0.5746920937624156 0.4441500203832042 0.11005164878823996 0.12352221769262128
13 0.25387365911799764 0.46922136159804323 0.08025427095748908 0.06685690990623726
13 0.3059197457290425 0.5152874031797798 0.17719507350019864 0.16958825927435792
11 0.9012713547874454 0.7666123114553608 0.05125148986889154 0.08438646555238484
10 0.9012713547874454 0.7666123114553608 0.05125148986889154 0.08438646555238484
3 0.6410409217322209 0.7474520994700367 0.4827175208581645 0.17407256420709336
0 0.5723083035359555 0.4490419894007338 0.1299165673420739 0.1333061557276804
3 0.6442193087008343 0.7531593966571545 0.47397695669447754 0.18222584590297594
