5 0.2191840277777778 0.45381944444444444 0.2560763888888889 0.23333333333333334
5 0.716796875 0.39947916666666666 0.2738715277777778 0.4232638888888889
5 0.2506510416666667 0.4029513888888889 0.2990451388888889 0.35659722222222223
13 0.1820746527777778 0.5138888888888888 0.0837673611111111 0.04861111111111111
5 0.7254774305555556 0.43802083333333336 0.20442708333333334 0.36215277777777777
13 0.20572916666666666 0.2824652777777778 0.0920138888888889 0.035069444444444445
11 0.3335503472222222 0.05642361111111111 0.10199652777777778 0.017013888888888887
5 0.6990017361111112 0.4267361111111111 0.23307291666666666 0.32708333333333334
5 0.21158854166666666 0.4161458333333333 0.2443576388888889 0.3732638888888889
6 0.1955295138888889 0.28177083333333336 0.11328125 0.04756944444444444
6 0.18077256944444445 0.5157986111111111 0.0915798611111111 0.05659722222222222
