11 0.6661783854166666 0.16031901041666666 0.0537109375 0.041341145833333336
10 0.8369140625 0.7286783854166666 0.037760416666666664 0.0517578125
11 0.8369140625 0.7286783854166666 0.037760416666666664 0.0517578125
0 0.5501302083333334 0.2903645833333333 0.087890625 0.08854166666666667
3 0.580078125 0.5909830729166666 0.34765625 0.1630859375
0 0.5445963541666666 0.3025716145833333 0.09049479166666667 0.12141927083333333
5 0.34326171875 0.4222005208333333 0.1630859375 0.4270833333333333
11 0.3868815104166667 0.16389973958333334 0.16764322916666666 0.050455729166666664
10 0.2814127604166667 0.7809244791666666 0.041341145833333336 0.061848958333333336
5 0.6935221354166666 0.4391276041666667 0.20670572916666666 0.4654947916666667
11 0.2814127604166667 0.7809244791666666 0.041341145833333336 0.061848958333333336
3 0.58642578125 0.6214192708333334 0.3603515625 0.12630208333333334
11 0.3927408854166667 0.1533203125 0.11881510416666667 0.03515625
3 0.5826822916666666 0.59814453125 0.3522135416666667 0.1513671875
