0 0.4782986111111111 0.4576388888888889 0.12586805555555555 0.1
3 0.5047743055555556 0.6692708333333334 0.4175347222222222 0.13576388888888888
2 0.7068142361111112 0.42465277777777777 0.1931423611111111 0.12222222222222222
3 0.50390625 0.6789930555555556 0.4305555555555556 0.1440972222222222
13 0.7068142361111112 0.42465277777777777 0.1931423611111111 0.12222222222222222
1 0.6640625 0.3763888888888889 0.15364583333333334 0.10902777777777778
0 0.4644097222222222 0.4638888888888889 0.10590277777777778 0.11319444444444444
0 0.470703125 0.46024305555555556 0.11588541666666667 0.10451388888888889
6 0.7068142361111112 0.42465277777777777 0.1931423611111111 0.12222222222222222
3 0.5071614583333334 0.6826388888888889 0.4283854166666667 0.1326388888888889
1 0.7144097222222222 0.39479166666666665 0.21180555555555555 0.15069444444444444
9 0.6605902777777778 0.5074652777777777 0.08940972222222222 0.109375
13 0.2918836805555556 0.4630208333333333 0.05251736111111111 0.050347222222222224
