0 0.5154079861111112 0.36875 0.1323784722222222 0.0798611111111111
8 0.3595920138888889 0.24930555555555556 0.09331597222222222 0.11736111111111111
3 0.5347222222222222 0.6369791666666667 0.4496527777777778 0.13159722222222223
3 0.5358072916666666 0.6576388888888889 0.4535590277777778 0.15694444444444444
8 0.3700086805555556 0.25104166666666666 0.09505208333333333 0.12361111111111112
7 0.3617621527777778 0.22951388888888888 0.10807291666666667 0.1625
3 0.5366753472222222 0.6486111111111111 0.4483506944444444 0.13541666666666666
9 0.2502170138888889 0.25972222222222224 0.03689236111111111 0.035416666666666666
7 0.3595920138888889 0.24930555555555556 0.09331597222222222 0.11736111111111111
9 0.3700086805555556 0.25104166666666666 0.09505208333333333 0.12361111111111112
