11 0.2936197916666667 0.11701388888888889 0.1540798611111111 0.024305555555555556
13 0.294921875 0.2263888888888889 0.054253472222222224 0.06805555555555555
0 0.5032552083333334 0.2560763888888889 0.11588541666666667 0.08784722222222222
3 0.5559895833333334 0.5255208333333333 0.4296875 0.10729166666666666
11 0.6076388888888888 0.11770833333333333 0.1796875 0.030555555555555555
3 0.560546875 0.5262152777777778 0.4327256944444444 0.1232638888888889
13 0.3003472222222222 0.2361111111111111 0.05295138888888889 0.06944444444444445
0 0.5147569444444444 0.24444444444444444 0.09114583333333333 0.07222222222222222
0 0.5145399305555556 0.26319444444444445 0.0881076388888889 0.11041666666666666
3 0.5677083333333334 0.5010416666666667 0.4210069444444444 0.12986111111111112
