0 0.5548211508553654 0.3140896921017403 0.1119751166407465 0.14491298527443106
7 0.6520217729393468 0.3947456492637216 0.1469673405909798 0.17704149933065597
11 0.3234836702954899 0.14340696117804552 0.18818040435458788 0.07329317269076305
11 0.6341368584758943 0.1569611780455154 0.11741835147744946 0.02610441767068273
8 0.6520217729393468 0.3947456492637216 0.1469673405909798 0.17704149933065597
11 0.30307153965785383 0.15528781793842034 0.20178849144634525 0.08835341365461848
4 0.6547433903576982 0.38771753681392235 0.12830482115085537 0.1536144578313253
11 0.31706842923794715 0.1467536813922356 0.14346811819595645 0.023092369477911646
0 0.5618195956454122 0.2971887550200803 0.10653188180404355 0.09772423025435073
7 0.6446345256609642 0.3865461847389558 0.14618973561430793 0.15997322623828647
0 0.557542768273717 0.30070281124497994 0.1290824261275272 0.12215528781793843
11 0.6502721617418351 0.15629183400267738 0.1333592534992224 0.0428380187416332
