10 2307.0 2187.5 258.0 243.0
11 319.5 2186.0 95.0 234.0
13 422.5 2052.0 231.0 200.0
13 382.0 2009.5 132.0 259.0
11 889.5 564.5 239.0 49.0
10 335.0 2211.0 236.0 188.0
10 315.0 2229.0 144.0 148.0
11 2360.5 2146.5 127.0 299.0
11 2313.5 2165.0 111.0 136.0
0 1454.5 1146.5 341.0 359.0
13 396.5 2020.0 119.0 114.0
10 319.5 2186.0 95.0 234.0
11 1736.5 542.0 219.0 68.0
10 2313.5 2165.0 111.0 136.0
11 315.0 2229.0 144.0 148.0
13 986.5 1518.5 267.0 77.0
10 2360.5 2146.5 127.0 299.0
13 2217.0 1827.5 214.0 71.0
