8 0.25033377837116155 0.4149730402322688 0.19804183355585225 0.46744089589382
5 0.7398753894080997 0.411862297801742 0.2977303070761015 0.5649108253836582
2 0.11793502447708056 0.721277478224803 0.032932799287939477 0.026545002073828285
8 0.22897196261682243 0.26047283284944006 0.08055184690698709 0.05640812940688511
8 0.7291944815309301 0.3596018249688926 0.21495327102803738 0.3981750311074243
5 0.21673342234089898 0.42907507258399 0.27236315086782376 0.4707590211530485
5 0.2345349354695149 0.43239319784321856 0.2839341344014241 0.6764827872252177
5 0.7291944815309301 0.3596018249688926 0.21495327102803738 0.3981750311074243
2 0.5373831775700935 0.2675238490253007 0.07699154428126391 0.05972625466611364
5 0.25033377837116155 0.4149730402322688 0.19804183355585225 0.46744089589382
5 0.712283044058745 0.4245126503525508 0.3591455273698264 0.6540854417254252
