5 0.24635439681838267 0.6120159247195078 0.11091471498011489 0.12305465074194716
8 0.18095448519664162 0.6094824466159972 0.037560760053026956 0.028954035468693448
5 0.8040212107821476 0.5928338762214984 0.18692001767565178 0.2895403546869345
5 0.25673884224480775 0.44046326456749907 0.39681838267786124 0.7086500180962721
2 0.18802474591250554 0.6091205211726385 0.05170128148475475 0.040535649656170826
5 0.9268669907202828 0.7754252623959464 0.054352629253203714 0.06116539992761491
0 0.6166593018117543 0.32446615997104594 0.1586389748121962 0.1849439015562794
13 0.29916040653999115 0.2824828085414405 0.13345117101193107 0.05682229460731089
5 0.7585064074237737 0.4406442272891784 0.3654441007512152 0.6576185305826999
2 0.18250110472823686 0.6089395584509592 0.04507291206363235 0.027868259138617443
