0 0.5979550102249489 0.3551236749116608 0.13824130879345603 0.12288967412642324
0 0.6108384458077709 0.35217903415783275 0.10756646216768916 0.1099332548095799
7 0.6930470347648262 0.24381625441696114 0.05930470347648262 0.0502552021986651
3 0.616359918200409 0.6996466431095406 0.4523517382413088 0.15076560659599528
8 0.694683026584867 0.24106792304672164 0.06175869120654397 0.05889281507656066
8 0.6973415132924335 0.24342363564978406 0.05725971370143149 0.058107577542206516
8 0.6930470347648262 0.24381625441696114 0.05930470347648262 0.0502552021986651
11 0.36728016359918203 0.13349038084020415 0.1292433537832311 0.0298390263054574
0 0.6114519427402862 0.37338044758539457 0.1325153374233129 0.1413427561837456
3 0.6239263803680981 0.7216332940714566 0.45848670756646215 0.15076560659599528
8 0.8666666666666667 0.6631330977620731 0.044171779141104296 0.038476639183352965
8 0.8666666666666667 0.7318413820180605 0.031083844580777096 0.027483313702394974
3 0.6186094069529653 0.7271299568119356 0.4494887525562372 0.1413427561837456
11 0.6417177914110429 0.13663133097762073 0.09161554192229039 0.04868472712995681
