9 0.6953125 0.27326388888888886 0.2309027777777778 0.20208333333333334
11 0.8459201388888888 0.6765625 0.04861111111111111 0.06076388888888889
9 0.7302517361111112 0.3453125 0.2339409722222222 0.08090277777777778
11 0.3240017361111111 0.16302083333333334 0.15928819444444445 0.036458333333333336
7 0.7302517361111112 0.3453125 0.2339409722222222 0.08090277777777778
11 0.330078125 0.15399305555555556 0.12196180555555555 0.027430555555555555
11 0.7185329861111112 0.19583333333333333 0.1540798611111111 0.10208333333333333
10 0.8485243055555556 0.6791666666666667 0.052083333333333336 0.06875
11 0.8485243055555556 0.6791666666666667 0.052083333333333336 0.06875
4 0.7302517361111112 0.3453125 0.2339409722222222 0.08090277777777778
11 0.8430989583333334 0.6706597222222223 0.06293402777777778 0.06215277777777778
10 0.8430989583333334 0.6706597222222223 0.06293402777777778 0.06215277777777778
7 0.7196180555555556 0.3234375 0.2144097222222222 0.05798611111111111
9 0.7196180555555556 0.3234375 0.2144097222222222 0.05798611111111111
10 0.8459201388888888 0.6765625 0.04861111111111111 0.06076388888888889
