10 0.06973938223938224 0.7445211038961039 0.08445945945945946 0.15381493506493507
10 0.09242277992277992 0.7652191558441559 0.08638996138996138 0.07589285714285714
13 0.2953667953667954 0.413961038961039 0.09652509652509653 0.02353896103896104
11 0.16722972972972974 0.5328733766233766 0.1944980694980695 0.2069805194805195
11 0.06973938223938224 0.7445211038961039 0.08445945945945946 0.15381493506493507
7 0.16722972972972974 0.5328733766233766 0.1944980694980695 0.2069805194805195
7 0.1969111969111969 0.3390827922077922 0.1525096525096525 0.14488636363636365
11 0.08952702702702703 0.755275974025974 0.0805984555984556 0.07305194805194805
0 0.5709459459459459 0.30174512987012986 0.12548262548262548 0.0864448051948052
4 0.19642857142857142 0.3756087662337662 0.13803088803088803 0.15706168831168832
11 0.26327220077220076 0.30823863636363635 0.2775096525096525 0.2390422077922078
11 0.09242277992277992 0.7652191558441559 0.08638996138996138 0.07589285714285714
2 0.26327220077220076 0.30823863636363635 0.2775096525096525 0.2390422077922078
10 0.08952702702702703 0.755275974025974 0.0805984555984556 0.07305194805194805
0 0.5668436293436293 0.30641233766233766 0.1336872586872587 0.09821428571428571
