0 0.524658203125 0.2776 0.12744140625 0.1192
11 0.787841796875 0.7726 0.05322265625 0.058
11 0.105712890625 0.7638 0.05712890625 0.0572
11 0.79443359375 0.7484 0.037109375 0.1024
3 0.54296875 0.633 0.3828125 0.1324
0 0.5234375 0.2872 0.119140625 0.1232
10 0.79443359375 0.7484 0.037109375 0.1024
11 0.326416015625 0.1028 0.08251953125 0.036
0 0.53076171875 0.2544 0.111328125 0.076
9 0.46533203125 0.4298 0.150390625 0.6548
10 0.105712890625 0.7638 0.05712890625 0.0572
11 0.11279296875 0.752 0.0556640625 0.048
9 0.472900390625 0.3956 0.18017578125 0.7304
11 0.35009765625 0.108 0.197265625 0.0432
