6 0.7323101777059774 0.3814151229881567 0.12633279483037158 0.15244457941087156
13 0.6967689822294023 0.3193136957181901 0.16445880452342487 0.1873671424233222
4 0.6381260096930533 0.21864561190403886 0.19709208400646203 0.16398420892802915
6 0.7224555735056543 0.32645004555116913 0.11243941841680129 0.17066504706954144
11 0.12003231017770598 0.8147585788035226 0.04426494345718902 0.055876100819921046
6 0.32762520193861067 0.2083206802307926 0.09046849757673667 0.08563619799574856
13 0.32568659127625205 0.21150926207105983 0.14668820678513733 0.10658973580321895
10 0.12003231017770598 0.8147585788035226 0.04426494345718902 0.055876100819921046
11 0.12407108239095314 0.8349529304585485 0.04135702746365105 0.04281809899787428
1 0.6381260096930533 0.21864561190403886 0.19709208400646203 0.16398420892802915
13 0.3072697899838449 0.20528393562101427 0.14474959612277868 0.07045247494685697
6 0.6967689822294023 0.3193136957181901 0.16445880452342487 0.1873671424233222
11 0.6289176090468498 0.19101123595505617 0.17996768982229402 0.11175220163984209
6 0.32568659127625205 0.21150926207105983 0.14668820678513733 0.10658973580321895
7 0.7224555735056543 0.32645004555116913 0.11243941841680129 0.17066504706954144
6 0.3072697899838449 0.20528393562101427 0.14474959612277868 0.07045247494685697
11 0.12084006462035542 0.8310051624658367 0.050403877221324715 0.06286061342241117
