13 0.7437007874015747 0.16162109375 0.04015748031496063 0.0537109375
2 0.7437007874015747 0.16162109375 0.04015748031496063 0.0537109375
0 0.6118110236220472 0.23746744791666666 0.12992125984251968 0.09798177083333333
0 0.6127952755905511 0.23307291666666666 0.1279527559055118 0.09765625
13 0.7505905511811024 0.15934244791666666 0.047637795275590554 0.06477864583333333
9 0.7478346456692914 0.16064453125 0.042913385826771656 0.0615234375
8 0.7478346456692914 0.16064453125 0.042913385826771656 0.0615234375
3 0.6096456692913386 0.478515625 0.4263779527559055 0.12434895833333333
0 0.6135826771653543 0.24300130208333334 0.12086614173228347 0.1103515625
3 0.6187007874015747 0.5017903645833334 0.4374015748031496 0.1142578125
3 0.6059055118110236 0.4951171875 0.4196850393700787 0.08072916666666667
