8 845.0 1679.0 84.0 126.0
8 1921.5 1114.5 127.0 157.0
8 2006.0 1403.0 110.0 100.0
11 1780.5 349.5 227.0 123.0
8 717.0 1163.5 804.0 1511.0
8 2200.5 1041.5 113.0 141.0
8 1908.0 1112.0 152.0 136.0
8 2026.5 1203.0 519.0 1458.0
0 1631.0 857.0 248.0 328.0
8 2128.0 1675.5 124.0 177.0
8 2019.5 1267.5 433.0 1287.0
3 1490.5 1702.0 1007.0 398.0
7 732.5 1243.0 537.0 1116.0
8 873.5 1188.0 91.0 98.0
7 2019.5 1267.5 433.0 1287.0
8 485.0 1651.5 122.0 133.0
8 693.5 1361.5 109.0 121.0
0 1629.0 836.0 260.0 350.0
8 732.5 1243.0 537.0 1116.0
8 930.0 980.0 134.0 160.0
