3 0.5249565972222222 0.4774305555555556 0.4526909722222222 0.1284722222222222
3 0.5444878472222222 0.44027777777777777 0.4830729166666667 0.15694444444444444
11 0.7918836805555556 0.4991319444444444 0.08984375 0.09131944444444444
11 0.0666232638888889 0.5168402777777777 0.0759548611111111 0.065625
3 0.4995659722222222 0.5107638888888889 0.4522569444444444 0.14305555555555555
10 0.7918836805555556 0.4991319444444444 0.08984375 0.09131944444444444
10 0.0666232638888889 0.5168402777777777 0.0759548611111111 0.065625
0 0.5444878472222222 0.253125 0.10894097222222222 0.07569444444444444
0 0.5455729166666666 0.26145833333333335 0.09375 0.11041666666666666
0 0.5308159722222222 0.2640625 0.1154513888888889 0.09826388888888889
11 0.0724826388888889 0.5321180555555556 0.04600694444444445 0.06493055555555556
