0 0.5647786458333334 0.3391927083333333 0.103515625 0.13411458333333334
7 0.2662760416666667 0.6261393229166666 0.10807291666666667 0.13899739583333334
9 0.2662760416666667 0.6261393229166666 0.10807291666666667 0.13899739583333334
13 0.34326171875 0.3304036458333333 0.14225260416666666 0.189453125
11 0.4313151041666667 0.201171875 0.11002604166666667 0.052734375
13 0.6842447916666666 0.27734375 0.029296875 0.029947916666666668
0 0.57275390625 0.3221028645833333 0.0869140625 0.10774739583333333
13 0.4313151041666667 0.201171875 0.11002604166666667 0.052734375
0 0.5703125 0.3269856770833333 0.099609375 0.1025390625
13 0.291015625 0.2877604166666667 0.048177083333333336 0.027994791666666668
