3 0.5264756944444444 0.6055555555555555 0.3940972222222222 0.12986111111111112
8 0.1759982638888889 0.3203125 0.010850694444444444 0.010763888888888889
8 0.20811631944444445 0.3140625 0.010850694444444444 0.012152777777777778
11 0.5798611111111112 0.1890625 0.09027777777777778 0.026041666666666668
8 0.2282986111111111 0.29270833333333335 0.028645833333333332 0.017361111111111112
3 0.5288628472222222 0.6034722222222222 0.3997395833333333 0.13055555555555556
11 0.3582899305555556 0.1859375 0.11067708333333333 0.017013888888888887
3 0.5279947916666666 0.6390625 0.3884548611111111 0.11006944444444444
0 0.52734375 0.3470486111111111 0.10416666666666667 0.08993055555555556
8 0.21006944444444445 0.33055555555555555 0.09375 0.12291666666666666
11 0.5731336805555556 0.18559027777777778 0.07769097222222222 0.021180555555555557
0 0.5225694444444444 0.35711805555555554 0.10677083333333333 0.11006944444444444
13 0.21571180555555555 0.3407986111111111 0.0842013888888889 0.11423611111111111
8 0.22786458333333334 0.38090277777777776 0.019965277777777776 0.0125
11 0.3648003472222222 0.18819444444444444 0.12630208333333334 0.022222222222222223
0 0.5208333333333334 0.3385416666666667 0.11631944444444445 0.09861111111111111
8 0.2035590277777778 0.3614583333333333 0.019097222222222224 0.013888888888888888
