10 0.9333743337433374 0.5701291079812206 0.056990569905699055 0.036384976525821594
7 0.8548585485854858 0.5271420187793427 0.11726117261172611 0.10064553990610328
8 0.6904469044690447 0.33113262910798125 0.13530135301353013 0.10357981220657277
4 0.6941369413694137 0.32981220657276994 0.12300123001230012 0.10211267605633803
10 0.9448544485444854 0.562206572769953 0.04633046330463304 0.0892018779342723
8 0.6941369413694137 0.32981220657276994 0.12300123001230012 0.10211267605633803
11 0.9333743337433374 0.5701291079812206 0.056990569905699055 0.036384976525821594
7 0.4200492004920049 0.32232981220657275 0.06847068470684707 0.0971244131455399
7 0.8079130791307914 0.3314260563380282 0.07667076670766708 0.07893192488262911
9 0.8618286182861828 0.5291960093896714 0.0975809758097581 0.06426056338028169
7 0.6904469044690447 0.33113262910798125 0.13530135301353013 0.10357981220657277
4 0.8548585485854858 0.5271420187793427 0.11726117261172611 0.10064553990610328
11 0.9448544485444854 0.562206572769953 0.04633046330463304 0.0892018779342723
11 0.8499384993849939 0.5271420187793427 0.05330053300533005 0.03374413145539906
7 0.8101681016810168 0.3315727699530516 0.1008610086100861 0.07863849765258216
10 0.9444444444444444 0.5576584507042254 0.05125051250512505 0.05545774647887324
0 0.5949159491594916 0.2813967136150235 0.13940139401394014 0.10269953051643192
11 0.9444444444444444 0.5576584507042254 0.05125051250512505 0.05545774647887324
8 0.4200492004920049 0.32232981220657275 0.06847068470684707 0.0971244131455399
8 0.8154981549815498 0.3361208920187793 0.09676096760967609 0.06719483568075117
8 0.6927019270192702 0.33113262910798125 0.11849118491184912 0.10357981220657277
7 0.42435424354243545 0.33098591549295775 0.05986059860598606 0.11561032863849766
