13 0.7901475694444444 0.5253472222222222 0.023003472222222224 0.034027777777777775
13 0.7960069444444444 0.5279513888888889 0.03211805555555555 0.027430555555555555
13 0.3207465277777778 0.2171875 0.11284722222222222 0.07256944444444445
8 0.7367621527777778 0.29409722222222223 0.022135416666666668 0.027083333333333334
13 0.7738715277777778 0.5904513888888889 0.08072916666666667 0.040625
13 0.7706163194444444 0.5581597222222222 0.062065972222222224 0.09270833333333334
9 0.7901475694444444 0.5253472222222222 0.023003472222222224 0.034027777777777775
8 0.3200954861111111 0.21336805555555555 0.13758680555555555 0.0954861111111111
13 0.3200954861111111 0.21336805555555555 0.13758680555555555 0.0954861111111111
11 0.6302083333333334 0.1796875 0.1519097222222222 0.053125
2 0.3207465277777778 0.2171875 0.11284722222222222 0.07256944444444445
8 0.3168402777777778 0.24253472222222222 0.03732638888888889 0.02048611111111111
