8 1991.5 2064.5 161.0 121.0
9 1062.5 1137.5 219.0 405.0
7 1015.5 1279.0 343.0 830.0
13 1935.0 1613.5 326.0 297.0
8 811.0 2120.5 150.0 147.0
13 2120.0 2107.0 136.0 148.0
11 836.5 500.5 357.0 75.0
8 1988.0 2054.0 162.0 116.0
8 513.5 2031.0 131.0 102.0
5 572.0 1855.5 738.0 949.0
7 626.5 1494.5 965.0 1817.0
13 2137.0 2117.0 160.0 124.0
13 1881.5 1722.5 433.0 447.0
7 572.0 1855.5 738.0 949.0
8 1015.5 1279.0 343.0 830.0
8 1996.0 2064.5 180.0 161.0
8 477.0 1651.5 106.0 89.0
10 490.5 2546.5 723.0 325.0
8 1062.5 1137.5 219.0 405.0
13 1907.0 1663.0 370.0 322.0
8 476.0 1658.0 94.0 90.0
11 1828.5 517.5 293.0 111.0
8 787.0 2001.5 154.0 175.0
