11 0.8637152777777778 0.6532986111111111 0.10416666666666667 0.10868055555555556
0 0.6078559027777778 0.31302083333333336 0.10112847222222222 0.07395833333333333
11 0.14344618055555555 0.6199652777777778 0.08289930555555555 0.11701388888888889
11 0.345703125 0.18628472222222223 0.1480034722222222 0.03854166666666667
11 0.3430989583333333 0.19375 0.13932291666666666 0.04097222222222222
10 0.8511284722222222 0.6541666666666667 0.08854166666666667 0.06805555555555555
11 0.8511284722222222 0.6541666666666667 0.08854166666666667 0.06805555555555555
10 0.8637152777777778 0.6532986111111111 0.10416666666666667 0.10868055555555556
10 0.18836805555555555 0.6423611111111112 0.15711805555555555 0.1527777777777778
0 0.6030815972222222 0.34184027777777776 0.10199652777777778 0.13229166666666667
10 0.14344618055555555 0.6199652777777778 0.08289930555555555 0.11701388888888889
