11 0.6215277777777778 0.05625 0.1076388888888889 0.029166666666666667
10 0.1484375 0.6637152777777777 0.0390625 0.10173611111111111
11 0.6393229166666666 0.04131944444444444 0.171875 0.049305555555555554
13 0.3784722222222222 0.08402777777777778 0.06076388888888889 0.05416666666666667
11 0.646484375 0.04809027777777778 0.14713541666666666 0.04895833333333333
11 0.333984375 0.0421875 0.12022569444444445 0.03854166666666667
11 0.3352864583333333 0.041666666666666664 0.1644965277777778 0.04236111111111111
11 0.3355034722222222 0.04496527777777778 0.15104166666666666 0.04826388888888889
11 0.16861979166666666 0.6699652777777778 0.055989583333333336 0.06909722222222223
11 0.1586371527777778 0.6713541666666667 0.039496527777777776 0.05590277777777778
11 0.1484375 0.6637152777777777 0.0390625 0.10173611111111111
13 0.17469618055555555 0.6315972222222223 0.046440972222222224 0.08125
