9 0.6482204861111112 0.5321180555555556 0.3580729166666667 0.1579861111111111
10 0.7914496527777778 0.47065972222222224 0.05946180555555555 0.06909722222222223
3 0.4674479166666667 0.4973958333333333 0.4296875 0.13506944444444444
0 0.4908854166666667 0.28194444444444444 0.1605902777777778 0.13055555555555556
0 0.5266927083333334 0.2828125 0.10460069444444445 0.11354166666666667
11 0.7471788194444444 0.465625 0.1480034722222222 0.07291666666666667
11 0.7914496527777778 0.47065972222222224 0.05946180555555555 0.06909722222222223
9 0.6647135416666666 0.5380208333333333 0.35546875 0.1920138888888889
10 0.7471788194444444 0.465625 0.1480034722222222 0.07291666666666667
0 0.5180121527777778 0.2671875 0.11675347222222222 0.09479166666666666
