2 0.8120762711864407 0.627400548696845 0.09957627118644068 0.24588477366255143
9 0.44851694915254237 0.38117283950617287 0.13347457627118645 0.23285322359396435
11 0.8120762711864407 0.627400548696845 0.09957627118644068 0.24588477366255143
0 0.5688559322033898 0.3227023319615912 0.12838983050847458 0.09602194787379972
7 0.7561440677966101 0.3036694101508916 0.09110169491525423 0.11488340192043896
0 0.5582627118644068 0.34962277091906724 0.14364406779661018 0.1670096021947874
2 0.826906779661017 0.6294581618655692 0.10211864406779661 0.26371742112482854
11 0.8271186440677966 0.5920781893004116 0.07033898305084746 0.22325102880658437
13 0.7741525423728813 0.5152606310013718 0.06610169491525424 0.044238683127572016
0 0.563135593220339 0.34550754458161864 0.14745762711864407 0.13751714677640603
9 0.4351694915254237 0.3950617283950617 0.15338983050847457 0.43072702331961593
9 0.7281779661016949 0.661522633744856 0.2538135593220339 0.07133058984910837
3 0.5444915254237288 0.6565500685871056 0.41271186440677965 0.1649519890260631
