11 0.33154296875 0.5467122395833334 0.0302734375 0.07259114583333333
5 0.4283854166666667 0.3162434895833333 0.1875 0.4228515625
0 0.6097005208333334 0.24169921875 0.08203125 0.08040364583333333
7 0.4352213541666667 0.50048828125 0.14127604166666666 0.043294270833333336
3 0.6241861979166666 0.4860026041666667 0.2724609375 0.12239583333333333
3 0.6193033854166666 0.5016276041666666 0.2646484375 0.12760416666666666
10 0.33154296875 0.5467122395833334 0.0302734375 0.07259114583333333
0 0.6036783854166666 0.24479166666666666 0.10123697916666667 0.09375
4 0.4295247395833333 0.5040690104166666 0.1259765625 0.041341145833333336
5 0.4181315104166667 0.3141276041666667 0.17220052083333334 0.3977864583333333
3 0.6246744791666666 0.4912109375 0.259765625 0.11263020833333333
0 0.61474609375 0.2522786458333333 0.07584635416666667 0.103515625
5 0.712890625 0.29541015625 0.13802083333333334 0.2952473958333333
7 0.4176432291666667 0.5035807291666666 0.10872395833333333 0.051432291666666664
5 0.70751953125 0.3107096354166667 0.15852864583333334 0.3636067708333333
