4 0.33463855421686745 0.6200527704485488 0.16626506024096385 0.11911044101017716
10 0.2641566265060241 0.6511496419148134 0.1427710843373494 0.20844327176781002
6 0.31626506024096385 0.3077647945721824 0.08012048192771085 0.19035054655107425
0 0.5614457831325301 0.38880512627214475 0.09096385542168675 0.10667169242367132
3 0.5700301204819277 0.6890312853373539 0.3617469879518072 0.1831888428194497
10 0.22801204819277107 0.6880889558989823 0.10180722891566266 0.10064078401809272
11 0.29186746987951806 0.340557859027516 0.1789156626506024 0.4044477949491142
11 0.22801204819277107 0.6880889558989823 0.10180722891566266 0.10064078401809272
3 0.5656626506024096 0.7086317376554844 0.3746987951807229 0.14700339238597815
13 0.36069277108433734 0.4445910290237467 0.11837349397590362 0.06897851488880513
10 0.29382530120481926 0.6652845834903882 0.2063253012048193 0.3234074632491519
4 0.3397590361445783 0.6006407840180927 0.1572289156626506 0.14059555220505088
0 0.5590361445783133 0.39521296645307197 0.09036144578313253 0.12024123633622315
7 0.33463855421686745 0.6200527704485488 0.16626506024096385 0.11911044101017716
6 0.3240963855421687 0.527892951375801 0.13012048192771083 0.20618168111571805
9 0.23825301204819277 0.49981153411232565 0.09698795180722891 0.28043724085940447
