7 0.7389322916666666 0.4822916666666667 0.13932291666666666 0.13472222222222222
0 0.5075954861111112 0.29409722222222223 0.11762152777777778 0.09305555555555556
5 0.1623263888888889 0.40086805555555555 0.1328125 0.24409722222222222
3 0.5045572916666666 0.5420138888888889 0.4344618055555556 0.07847222222222222
3 0.5052083333333334 0.5159722222222223 0.4270833333333333 0.12986111111111112
5 0.1935763888888889 0.41041666666666665 0.19618055555555555 0.3111111111111111
13 0.1623263888888889 0.40086805555555555 0.1328125 0.24409722222222222
3 0.5047743055555556 0.5069444444444444 0.4236111111111111 0.14097222222222222
0 0.5206163194444444 0.3098958333333333 0.10286458333333333 0.12465277777777778
0 0.5041232638888888 0.2977430555555556 0.1254340277777778 0.11631944444444445
