13 599.5 1036.5 541.0 735.0
13 611.5 959.5 623.0 625.0
11 863.5 373.5 259.0 47.0
13 954.5 492.5 321.0 253.0
7 2062.5 1628.0 367.0 468.0
11 693.0 2171.0 62.0 76.0
11 112.0 2571.0 132.0 198.0
11 1991.5 2414.0 133.0 162.0
13 611.0 944.0 566.0 602.0
5 2053.5 1572.0 377.0 674.0
8 2103.5 867.5 97.0 111.0
11 292.0 2411.0 148.0 122.0
8 1575.5 1206.5 269.0 205.0
11 139.0 2627.5 156.0 239.0
13 868.5 470.5 479.0 209.0
13 965.0 487.0 288.0 224.0
11 191.5 2560.0 247.0 296.0
13 2030.0 1648.0 260.0 432.0
10 139.0 2627.5 156.0 239.0
