11 0.37729498164014685 0.11459608323133415 0.12851897184822522 0.04375764993880049
13 0.3881578947368421 0.1894124847001224 0.1741126070991432 0.12607099143206854
6 0.3881578947368421 0.1894124847001224 0.1741126070991432 0.12607099143206854
13 0.6930844553243574 0.20746634026927785 0.23623011015911874 0.204406364749082
0 0.5709914320685434 0.21909424724602203 0.09791921664626684 0.09057527539779682
11 0.6083231334149327 0.10052019583843329 0.09975520195838433 0.04681762545899633
13 0.671358629130967 0.22643818849449204 0.23684210526315788 0.2441860465116279
11 0.6127600979192166 0.10664014687882498 0.12025703794369645 0.040085679314565484
0 0.5742044063647491 0.22291921664626682 0.09577723378212974 0.10679314565483476
11 0.3688800489596083 0.12025703794369645 0.11474908200734395 0.033659730722154224
13 0.3722460220318237 0.2212362301101591 0.09455324357405141 0.19706242350061198
13 0.7008873929008568 0.21832925336597309 0.2181762545899633 0.21450428396572827
6 0.671358629130967 0.22643818849449204 0.23684210526315788 0.2441860465116279
13 0.3656670746634027 0.2102203182374541 0.16585067319461444 0.19645042839657284
