3 0.5654347826086956 0.6390235457063712 0.4517391304347826 0.0716759002770083
8 0.9376086956521739 0.4007963988919668 0.017826086956521738 0.012811634349030472
8 0.7813043478260869 0.2868767313019391 0.014782608695652174 0.010041551246537396
3 0.5739130434782609 0.6476800554016621 0.4747826086956522 0.1049168975069252
0 0.5780434782608695 0.4002770083102493 0.12391304347826088 0.1128808864265928
8 0.21304347826086956 0.6092451523545707 0.026956521739130435 0.014889196675900277
8 0.22760869565217393 0.31336565096952906 0.011739130434782608 0.008310249307479225
8 0.6097826086956522 0.30903739612188363 0.012608695652173913 0.010041551246537396
3 0.5684782608695652 0.641101108033241 0.478695652173913 0.1298476454293629
0 0.5828260869565217 0.3850415512465374 0.12391304347826088 0.09626038781163435
8 0.2341304347826087 0.4245152354570637 0.012608695652173913 0.011772853185595568
