7 0.7316939890710382 0.41492693110647183 0.32750455373406195 0.5445372303409882
6 0.74408014571949 0.37334725121781487 0.25901639344262295 0.4913013221990257
10 0.26903460837887067 0.42066805845511485 0.3471766848816029 0.6033402922755741
7 0.3114754098360656 0.4453723034098817 0.20837887067395264 0.3242867084203201
7 0.3063752276867031 0.4211899791231733 0.18797814207650274 0.2988865692414753
6 0.7316939890710382 0.41492693110647183 0.32750455373406195 0.5445372303409882
8 0.3111111111111111 0.4328462073764788 0.17632058287795993 0.32707028531663185
6 0.7333333333333333 0.41823242867084204 0.2863387978142076 0.3618649965205289
10 0.26466302367941713 0.37734864300626303 0.3347905282331512 0.5619345859429367
5 0.74408014571949 0.37334725121781487 0.25901639344262295 0.4913013221990257
10 0.24972677595628415 0.42049408489909534 0.33406193078324226 0.4902574808629088
