11 0.08300395256916997 0.8007575757575758 0.045993532159540065 0.09696969696969697
3 0.5194035213798059 0.6943181818181818 0.5767157743442328 0.22727272727272727
0 0.561803808839382 0.38693181818181815 0.1390585698886094 0.17462121212121212
10 0.851598993891484 0.6839015151515152 0.12648221343873517 0.20643939393939395
10 0.08300395256916997 0.8007575757575758 0.045993532159540065 0.09696969696969697
10 0.8359683794466403 0.7049242424242425 0.12612288896873877 0.24393939393939393
3 0.46945742005030544 0.7293560606060606 0.4617319439453827 0.20643939393939395
0 0.5522817103844772 0.38522727272727275 0.14516708587854832 0.19015151515151515
4 0.679302910528207 0.3736742424242424 0.12109234638878907 0.25492424242424244
4 0.6791232482932088 0.39678030303030304 0.12576356449874238 0.25946969696969696
4 0.6782249371182177 0.3861742424242424 0.14121451670858787 0.25037878787878787
10 0.8336327703916637 0.6772727272727272 0.19044196909809558 0.24924242424242424
3 0.5285662953647143 0.6848484848484848 0.5871361839741286 0.21893939393939393
