3 0.5358640939597316 0.7213114754098361 0.44169463087248323 0.12047274113610369
0 0.5627097315436241 0.34178421654593977 0.11535234899328858 0.09492947007243614
7 0.18896812080536912 0.6263820053374 0.12709731543624161 0.32863133816240947
7 0.7999161073825504 0.6685093404498665 0.16275167785234898 0.24895158215783453
11 0.12353187919463088 0.8198627525733893 0.028942953020134228 0.09187952725886389
3 0.5394295302013423 0.7276019824628288 0.46057046979865773 0.13839115516584063
3 0.52873322147651 0.7255051467784979 0.45931208053691275 0.11208539839878003
0 0.5572567114093959 0.3667556233320625 0.1304530201342282 0.1380099123141441
0 0.5562080536912751 0.3734273732367518 0.11577181208053691 0.1490659550133435
10 0.12353187919463088 0.8198627525733893 0.028942953020134228 0.09187952725886389
