13 0.8375519455987911 0.7277094542659492 0.06497922176048357 0.03497309761721752
11 0.8758972421609369 0.7855495772482706 0.03437854174537212 0.08455034588777863
10 0.8758972421609369 0.7855495772482706 0.03437854174537212 0.08455034588777863
9 0.8330185115224783 0.7252113758647194 0.07782395164336985 0.033820138355111454
13 0.8333962976955044 0.7275172943889316 0.07555723460521345 0.027671022290545733
13 0.3471854930109558 0.3829746348962337 0.0702682281828485 0.106456571867794
11 0.6428031734038534 0.19465795541890854 0.08273517189270872 0.018831667947732514
0 0.6233471854930109 0.3583781706379708 0.10880241783150736 0.12259800153727901
0 0.6197582168492634 0.37067640276710223 0.12655836796373252 0.12797847809377402
13 0.8330185115224783 0.7252113758647194 0.07782395164336985 0.033820138355111454
0 0.623724971666037 0.3737509607993851 0.11258027956176804 0.13566487317448117
7 0.3226293917642614 0.37932359723289777 0.17151492255383452 0.2605687932359723
