4 0.4435221354166667 0.494140625 0.1494140625 0.22330729166666666
11 0.3068033854166667 0.6114908854166666 0.043294270833333336 0.051106770833333336
10 0.3033854166666667 0.611328125 0.049479166666666664 0.06380208333333333
13 0.3795572916666667 0.5275065104166666 0.13216145833333334 0.14615885416666666
7 0.369140625 0.5377604166666666 0.08919270833333333 0.12760416666666666
11 0.3033854166666667 0.611328125 0.049479166666666664 0.06380208333333333
10 0.30078125 0.62890625 0.052734375 0.06640625
1 0.4435221354166667 0.494140625 0.1494140625 0.22330729166666666
13 0.3797200520833333 0.5242513020833334 0.10970052083333333 0.1455078125
4 0.4466145833333333 0.4949544270833333 0.14973958333333334 0.24055989583333334
10 0.3068033854166667 0.6114908854166666 0.043294270833333336 0.051106770833333336
7 0.4739583333333333 0.4033203125 0.08333333333333333 0.2649739583333333
1 0.4466145833333333 0.4949544270833333 0.14973958333333334 0.24055989583333334
11 0.30078125 0.62890625 0.052734375 0.06640625
