13 0.7513544891640866 0.3221476510067114 0.14280185758513933 0.05704697986577181
13 0.7579334365325078 0.32533557046979866 0.15595975232198142 0.07416107382550335
3 0.5863003095975232 0.7189597315436241 0.4729102167182663 0.16879194630872482
0 0.5758513931888545 0.33120805369127515 0.1323529411764706 0.11275167785234899
5 0.7492260061919505 0.585738255033557 0.2306501547987616 0.2909395973154362
11 0.6518962848297214 0.1337248322147651 0.1513157894736842 0.04463087248322148
0 0.5739164086687306 0.32734899328859063 0.11068111455108359 0.10436241610738255
11 0.34907120743034054 0.13573825503355705 0.17569659442724458 0.049328859060402686
3 0.6118421052631579 0.7078859060402685 0.41408668730650156 0.14194630872483222
13 0.7521284829721362 0.32231543624161074 0.14357585139318885 0.07483221476510067
0 0.5835913312693498 0.3593959731543624 0.11764705882352941 0.138255033557047
5 0.23200464396284828 0.6520134228187919 0.19388544891640866 0.13557046979865772
