7 0.7582799145299145 0.42725409836065575 0.2793803418803419 0.2569672131147541
11 0.37767094017094016 0.1627049180327869 0.15064102564102563 0.05
3 0.6477029914529915 0.7194672131147541 0.48664529914529914 0.17581967213114755
3 0.6543803418803419 0.6875 0.49252136752136755 0.22172131147540983
0 0.6095085470085471 0.35225409836065574 0.1346153846153846 0.1266393442622951
11 0.6599893162393162 0.1456967213114754 0.15544871794871795 0.033196721311475406
8 0.7566773504273504 0.42520491803278687 0.30074786324786323 0.2545081967213115
8 0.7582799145299145 0.42725409836065575 0.2793803418803419 0.2569672131147541
11 0.6581196581196581 0.1418032786885246 0.15705128205128205 0.036885245901639344
9 0.4829059829059829 0.5510245901639345 0.1794871794871795 0.4979508196721312
8 0.7764423076923077 0.4280737704918033 0.234508547008547 0.24713114754098361
11 0.359241452991453 0.1637295081967213 0.234508547008547 0.08565573770491804
