10 0.8632840028188865 0.7456373292867982 0.048625792811839326 0.11039453717754173
13 0.26039464411557434 0.3228376327769347 0.06060606060606061 0.042488619119878605
11 0.3141296687808316 0.11911987860394538 0.05461592670894996 0.02276176024279211
10 0.25493305144467937 0.6060318664643399 0.35200845665961944 0.2697268588770865
11 0.8625792811839323 0.761380880121396 0.04580690627202255 0.05235204855842185
7 0.25634249471458775 0.32264795144157815 0.056025369978858354 0.03755690440060698
7 0.2831219168428471 0.5229514415781487 0.27448907681465823 0.16122913505311076
10 0.26215644820295986 0.5502655538694993 0.29457364341085274 0.4753414264036419
10 0.8664552501761804 0.7562594840667678 0.06272022551092318 0.09522003034901366
10 0.8625792811839323 0.761380880121396 0.04580690627202255 0.05235204855842185
7 0.2734319943622269 0.5350910470409712 0.3058491895701198 0.1665402124430956
7 0.28752642706131076 0.4984825493171472 0.2868217054263566 0.23596358118361152
11 0.8664552501761804 0.7562594840667678 0.06272022551092318 0.09522003034901366
11 0.8632840028188865 0.7456373292867982 0.048625792811839326 0.11039453717754173
10 0.2570472163495419 0.6029969650986343 0.3343904157857646 0.29779969650986343
