11 0.7037965616045845 0.17995818399044206 0.15687679083094555 0.04151732377538829
9 0.27757879656160456 0.8436379928315412 0.26575931232091693 0.1484468339307049
11 0.14845988538681948 0.9410095579450418 0.05981375358166189 0.07198327359617682
11 0.8946991404011462 0.8715651135005974 0.08166189111747851 0.08482676224611709
11 0.9043696275071633 0.8826164874551972 0.045845272206303724 0.0884109916367981
10 0.14845988538681948 0.9410095579450418 0.05981375358166189 0.07198327359617682
0 0.5707378223495702 0.3431899641577061 0.13216332378223497 0.11051373954599761
0 0.5753939828080229 0.33079450418160095 0.12714899713467048 0.09169653524492234
10 0.14111747851002865 0.9414575866188769 0.05157593123209169 0.06630824372759857
11 0.13807306590257878 0.9235364396654719 0.09849570200573066 0.0884109916367981
11 0.6892908309455588 0.16756272401433692 0.14290830945558738 0.01971326164874552
10 0.9043696275071633 0.8826164874551972 0.045845272206303724 0.0884109916367981
11 0.9011461318051576 0.882168458781362 0.05157593123209169 0.09587813620071685
11 0.7190186246418339 0.1796594982078853 0.16797994269340974 0.04091995221027479
9 0.24409025787965616 0.83915770609319 0.20379656160458454 0.12992831541218638
11 0.14111747851002865 0.9414575866188769 0.05157593123209169 0.06630824372759857
10 0.9011461318051576 0.882168458781362 0.05157593123209169 0.09587813620071685
