3 0.5623595505617978 0.5617665225447808 0.39588014981273406 0.12291537986411365
0 0.5732209737827715 0.3163990117356393 0.09700374531835206 0.09419394688079061
10 0.1453183520599251 0.5977455219271155 0.0299625468164794 0.06516368128474367
0 0.5621722846441948 0.31871525633106856 0.12359550561797752 0.11056207535515751
9 0.48745318352059924 0.4590796788140828 0.17265917602996256 0.5444718962322421
9 0.46610486891385766 0.5115812229771464 0.150187265917603 0.23996294008647312
9 0.4722846441947566 0.5137430512662137 0.14307116104868914 0.32643607164916616
3 0.5692883895131086 0.5211550339715874 0.37453183520599254 0.1287831995058678
11 0.1453183520599251 0.5977455219271155 0.0299625468164794 0.06516368128474367
0 0.5625468164794007 0.32056825200741196 0.1101123595505618 0.11982705373687462
