11 0.333984375 0.12777777777777777 0.22005208333333334 0.06111111111111111
9 0.3695746527777778 0.12534722222222222 0.039496527777777776 0.044444444444444446
11 0.3433159722222222 0.12621527777777777 0.2265625 0.09618055555555556
13 0.7760416666666666 0.30364583333333334 0.09722222222222222 0.04895833333333333
13 0.3181423611111111 0.2578125 0.1909722222222222 0.18784722222222222
13 0.791015625 0.3015625 0.07335069444444445 0.044097222222222225
13 0.7808159722222222 0.3059027777777778 0.08506944444444445 0.027083333333333334
7 0.3302951388888889 0.2171875 0.17274305555555555 0.22951388888888888
1 0.3645833333333333 0.1684027777777778 0.1623263888888889 0.20972222222222223
6 0.3240017361111111 0.2689236111111111 0.1931423611111111 0.27881944444444445
