0 0.5729166666666666 0.328125 0.1423611111111111 0.1423611111111111
13 0.7779947916666666 0.49756944444444445 0.1271701388888889 0.043055555555555555
10 0.263671875 0.5027777777777778 0.3059895833333333 0.2777777777777778
10 0.3120659722222222 0.4565972222222222 0.3385416666666667 0.48541666666666666
0 0.5798611111111112 0.32274305555555555 0.13541666666666666 0.13020833333333334
0 0.5783420138888888 0.33055555555555555 0.1488715277777778 0.1451388888888889
3 0.5811631944444444 0.5737847222222222 0.4678819444444444 0.2170138888888889
3 0.5846354166666666 0.5467013888888889 0.4557291666666667 0.22604166666666667
7 0.314453125 0.33663194444444444 0.24869791666666666 0.20798611111111112
4 0.2819010416666667 0.3269097222222222 0.1401909722222222 0.15868055555555555
10 0.2777777777777778 0.4501736111111111 0.328125 0.478125
7 0.3029513888888889 0.33975694444444443 0.25 0.19895833333333332
7 0.3177083333333333 0.3420138888888889 0.2586805555555556 0.20416666666666666
