11 0.6871744791666666 0.15869140625 0.09049479166666667 0.056315104166666664
13 0.7233072916666666 0.3899739583333333 0.06770833333333333 0.0703125
11 0.67431640625 0.14534505208333334 0.06673177083333333 0.034830729166666664
9 0.7233072916666666 0.3899739583333333 0.06770833333333333 0.0703125
7 0.7327473958333334 0.390625 0.08658854166666667 0.08203125
0 0.5847981770833334 0.3107096354166667 0.10188802083333333 0.0947265625
0 0.5859375 0.3118489583333333 0.10026041666666667 0.10026041666666667
13 0.7177734375 0.3779296875 0.0703125 0.051432291666666664
13 0.7327473958333334 0.390625 0.08658854166666667 0.08203125
8 0.7327473958333334 0.390625 0.08658854166666667 0.08203125
8 0.7233072916666666 0.3899739583333333 0.06770833333333333 0.0703125
