10 0.1218503937007874 0.6765950520833334 0.05708661417322835 0.052408854166666664
11 0.35078740157480315 0.16715494791666666 0.15433070866141732 0.027669270833333332
13 0.6716535433070866 0.24772135416666666 0.06771653543307087 0.19661458333333334
7 0.35078740157480315 0.16715494791666666 0.15433070866141732 0.027669270833333332
0 0.5931102362204724 0.2657877604166667 0.11299212598425197 0.13834635416666666
11 0.1218503937007874 0.6765950520833334 0.05708661417322835 0.052408854166666664
13 0.39960629921259844 0.16243489583333334 0.051181102362204724 0.040364583333333336
11 0.3706692913385827 0.16015625 0.2452755905511811 0.078125
13 0.6614173228346457 0.22444661458333334 0.04409448818897638 0.1708984375
3 0.6301181102362204 0.5888671875 0.4311023622047244 0.134765625
11 0.7326771653543307 0.14762369791666666 0.21338582677165355 0.0771484375
7 0.39960629921259844 0.16243489583333334 0.051181102362204724 0.040364583333333336
13 0.6781496062992126 0.24739583333333334 0.07519685039370079 0.23958333333333334
11 0.7960629921259843 0.16341145833333334 0.07401574803149606 0.054036458333333336
