10 0.06403061224489796 0.8284574468085106 0.11275510204081633 0.12234042553191489
10 0.07066326530612245 0.8643617021276596 0.09030612244897959 0.07535460992907801
11 0.3209183673469388 0.09375 0.1346938775510204 0.043882978723404256
10 0.07831632653061224 0.8178191489361702 0.09540816326530613 0.08421985815602837
11 0.6959183673469388 0.10195035460992907 0.14387755102040817 0.047872340425531915
11 0.31581632653061226 0.0899822695035461 0.12755102040816327 0.040780141843971635
10 0.878061224489796 0.863031914893617 0.053061224489795916 0.05230496453900709
11 0.06403061224489796 0.8284574468085106 0.11275510204081633 0.12234042553191489
11 0.3127551020408163 0.09330673758865249 0.10408163265306122 0.043882978723404256
11 0.8581632653061224 0.8597074468085106 0.0836734693877551 0.09175531914893617
10 0.8724489795918368 0.8497340425531915 0.06020408163265306 0.06560283687943262
11 0.07066326530612245 0.8643617021276596 0.09030612244897959 0.07535460992907801
11 0.07831632653061224 0.8178191489361702 0.09540816326530613 0.08421985815602837
11 0.6875 0.10217198581560284 0.15459183673469387 0.04654255319148936
11 0.878061224489796 0.863031914893617 0.053061224489795916 0.05230496453900709
10 0.8581632653061224 0.8597074468085106 0.0836734693877551 0.09175531914893617
11 0.8724489795918368 0.8497340425531915 0.06020408163265306 0.06560283687943262
