8 0.314638783269962 0.3986820428336079 0.2629911280101394 0.4026359143327842
9 0.3154309252217998 0.41235584843492584 0.25570342205323193 0.3812191103789127
9 0.32145120405576677 0.40214168039538717 0.2652091254752852 0.39505766062602965
3 0.5651140684410646 0.7163097199341022 0.4717997465145754 0.13047775947281715
8 0.3154309252217998 0.41235584843492584 0.25570342205323193 0.3812191103789127
8 0.32145120405576677 0.40214168039538717 0.2652091254752852 0.39505766062602965
13 0.3269961977186312 0.6036243822075783 0.19771863117870722 0.26754530477759475
13 0.7029467680608364 0.21350906095551894 0.0985424588086185 0.16935749588138385
9 0.025665399239543727 0.685172981878089 0.044993662864385296 0.385831960461285
9 0.12008871989860583 0.5350906095551895 0.024714828897338403 0.032948929159802305
3 0.572084917617237 0.7472817133443163 0.4781368821292776 0.14761120263591435
0 0.5730354879594424 0.31037891268533774 0.11565272496831432 0.1212520593080725
13 0.7160963244613435 0.1957166392092257 0.08618504435994931 0.1344316309719934
2 0.5899873257287706 0.26738056013179573 0.03358681875792142 0.026688632619439868
