2 0.6650181338608638 0.5056764427625354 0.06857896472139796 0.15610217596972564
0 0.5722057368941642 0.3347524440239672 0.12627761292449718 0.13087354146956795
2 0.3747115067589845 0.5556606748659729 0.12693702604681834 0.15200252286345
0 0.5745136828222882 0.33853673919899085 0.11770524233432245 0.13339640491958374
2 0.3991097922848665 0.4878587196467991 0.047148038245961095 0.043519394512771994
2 0.5786350148367952 0.43014821822768845 0.06857896472139796 0.10028382213812677
11 0.34701615562149685 0.16556291390728478 0.1361688097593142 0.023967202775149795
11 0.6590834157599736 0.14301482182276884 0.10946257830530827 0.020498265531378113
2 0.35822617870095613 0.5892462945443078 0.09594460929772503 0.0772626931567329
2 0.6246290801186943 0.4837590665405235 0.14210352786020441 0.21759697256385999
