7 0.4337160751565762 0.32076877234803336 0.11029923451635351 0.15882002383790225
9 0.44467640918580376 0.5557210965435042 0.016701461377870562 0.013706793802145411
10 0.7524356297842728 0.549165673420739 0.20215727209464163 0.19845053635280097
11 0.5995128740431455 0.17789034564958284 0.09672929714683368 0.02800953516090584
11 0.20615866388308976 0.593414779499404 0.05393180236604036 0.10399284862932062
9 0.5186151704940849 0.35101311084624554 0.2828810020876827 0.2067938021454112
9 0.5102644398051496 0.6191895113230036 0.174321503131524 0.6376638855780691
0 0.5713291579679889 0.3140643623361144 0.12317327766179541 0.11501787842669844
10 0.7465205288796103 0.4971692491060787 0.2070285316631872 0.1135280095351609
10 0.20615866388308976 0.593414779499404 0.05393180236604036 0.10399284862932062
8 0.44467640918580376 0.5557210965435042 0.016701461377870562 0.013706793802145411
9 0.4373695198329854 0.4144815256257449 0.15100904662491302 0.3539928486293206
10 0.7494780793319415 0.5265196662693683 0.22338204592901878 0.11382598331346841
