11 959.0 476.0 338.0 126.0
3 1434.0 1969.5 1052.0 515.0
13 1835.0 902.5 292.0 405.0
13 509.0 1065.5 118.0 103.0
0 1503.5 1041.5 377.0 491.0
11 1992.5 2184.5 143.0 159.0
11 2002.0 2227.0 238.0 112.0
0 1525.5 1014.5 299.0 405.0
13 1697.0 551.5 72.0 71.0
13 1864.5 841.0 263.0 278.0
3 1458.0 1974.0 1012.0 500.0
8 721.5 865.0 61.0 58.0
0 1477.5 988.0 397.0 404.0
13 694.0 838.0 148.0 138.0
8 812.5 997.0 39.0 32.0
13 1705.5 529.5 63.0 93.0
13 824.0 648.5 84.0 97.0
9 578.5 2133.0 263.0 160.0
9 2002.0 2227.0 238.0 112.0
2 725.5 868.0 51.0 60.0
