7 0.26802930967990746 0.6018192488262911 0.2661010412649441 0.301056338028169
11 0.08966448129579638 0.7749413145539906 0.10528345545699962 0.11208920187793427
0 0.567103740840725 0.3772007042253521 0.1716158889317393 0.14113849765258216
12 0.1704589278827613 0.6323356807511737 0.17354415734670267 0.31690140845070425
9 0.49922869263401465 0.4564260563380282 0.21558040879290397 0.6863262910798122
11 0.23312765136907057 0.4716842723004695 0.34130350944851523 0.5994718309859155
10 0.1625530273814115 0.8020833333333334 0.2279213266486695 0.03433098591549296
4 0.26532973389895875 0.605193661971831 0.23293482452757425 0.3048708920187793
10 0.08966448129579638 0.7749413145539906 0.10528345545699962 0.11208920187793427
12 0.15136907057462398 0.6154636150234741 0.13459313536444273 0.3418427230046948
7 0.26263015811801005 0.599325117370892 0.21442344774392597 0.29019953051643194
9 0.024103355187042035 0.6173708920187794 0.042807558812186654 0.18192488262910797
11 0.2630158118010027 0.3276115023474178 0.2699575780948708 0.2649647887323944
