11 0.3435329861111111 0.27291666666666664 0.1306423611111111 0.04097222222222222
13 0.3368055555555556 0.353125 0.15711805555555555 0.14097222222222222
3 0.5592447916666666 0.6678819444444445 0.38671875 0.1482638888888889
0 0.5607638888888888 0.4111111111111111 0.1189236111111111 0.12222222222222222
0 0.5572916666666666 0.41961805555555554 0.13368055555555555 0.14479166666666668
13 0.3059895833333333 0.34565972222222224 0.15625 0.13506944444444444
11 0.5909288194444444 0.26579861111111114 0.10807291666666667 0.027430555555555555
13 0.3194444444444444 0.3449652777777778 0.1623263888888889 0.13368055555555555
9 0.3194444444444444 0.6581597222222222 0.109375 0.04895833333333333
11 0.3318142361111111 0.6515625 0.023871527777777776 0.024652777777777777
