13 0.3180031446540881 0.28624469589816126 0.14150943396226415 0.1311881188118812
11 0.3040487421383648 0.6877652050919377 0.08844339622641509 0.04314002828854314
0 0.5925707547169812 0.381011315417256 0.15998427672955975 0.1615983026874116
11 0.7535377358490566 0.2224186704384724 0.07861635220125786 0.07637906647807638
11 0.3028694968553459 0.20155586987270155 0.13168238993710693 0.06152758132956153
0 0.5839229559748428 0.3983380480905233 0.16470125786163523 0.2004950495049505
0 0.5805817610062893 0.39232673267326734 0.1878930817610063 0.21251768033946253
13 0.3156446540880503 0.29314002828854313 0.19968553459119498 0.16336633663366337
11 0.31446540880503143 0.19713578500707213 0.14858490566037735 0.06471004243281471
6 0.2965801886792453 0.29384724186704386 0.19221698113207547 0.1958981612446959
13 0.2965801886792453 0.29384724186704386 0.19221698113207547 0.1958981612446959
