13 0.22352430555555555 0.24114583333333334 0.14322916666666666 0.1545138888888889
13 0.2144097222222222 0.19791666666666666 0.08333333333333333 0.0763888888888889
11 0.05360243055555555 0.675 0.04296875 0.03819444444444445
13 0.2094184027777778 0.3368055555555556 0.17578125 0.09444444444444444
13 0.2185329861111111 0.34565972222222224 0.1818576388888889 0.10243055555555555
0 0.4680989583333333 0.32274305555555555 0.1332465277777778 0.13020833333333334
13 0.7141927083333334 0.32881944444444444 0.08723958333333333 0.03194444444444444
1 0.21875 0.32569444444444445 0.15104166666666666 0.0763888888888889
1 0.2185329861111111 0.34565972222222224 0.1818576388888889 0.10243055555555555
0 0.4737413194444444 0.3199652777777778 0.1427951388888889 0.1440972222222222
0 0.4835069444444444 0.31302083333333336 0.1267361111111111 0.11909722222222222
13 0.7215711805555556 0.32916666666666666 0.08289930555555555 0.034027777777777775
10 0.05360243055555555 0.675 0.04296875 0.03819444444444445
