13 0.33505917159763315 0.15572983354673495 0.028846153846153848 0.034891165172855315
11 0.34763313609467456 0.11427656850192061 0.11168639053254438 0.03329065300896287
3 0.5686020710059172 0.5974711907810499 0.3842455621301775 0.15524967989756722
0 0.5765532544378699 0.257202304737516 0.08431952662721894 0.0854673495518566
2 0.3333949704142012 0.15492957746478872 0.03661242603550296 0.03329065300896287
13 0.33210059171597633 0.1483674775928297 0.05621301775147929 0.056658130601792575
0 0.5589866863905325 0.2802496798975672 0.13868343195266272 0.13668373879641485
11 0.3609467455621302 0.10819462227912932 0.09985207100591716 0.027528809218950064
8 0.33505917159763315 0.15572983354673495 0.028846153846153848 0.034891165172855315
0 0.5636094674556213 0.28217029449423814 0.11982248520710059 0.12516005121638923
11 0.3378328402366864 0.11475672215108834 0.16900887573964496 0.03297055057618438
8 0.8319156804733728 0.47071062740076824 0.012943786982248521 0.01120358514724712
