10 0.3606299212598425 0.345703125 0.33700787401574805 0.4576822916666667
0 0.6476377952755905 0.2902018229166667 0.1204724409448819 0.13118489583333334
0 0.6505905511811023 0.2970377604166667 0.12401574803149606 0.1376953125
7 0.8582677165354331 0.412109375 0.03622047244094488 0.119140625
9 0.8582677165354331 0.412109375 0.03622047244094488 0.119140625
10 0.3480314960629921 0.37158203125 0.30551181102362207 0.4879557291666667
9 0.5511811023622047 0.3186848958333333 0.12992125984251968 0.4251302083333333
7 0.4013779527559055 0.2628580729166667 0.1279527559055118 0.18326822916666666
7 0.35885826771653545 0.4051106770833333 0.2925196850393701 0.5530598958333334
0 0.6415354330708661 0.2849934895833333 0.13582677165354332 0.11490885416666667
7 0.8590551181102363 0.4049479166666667 0.031496062992125984 0.06901041666666667
7 0.4017716535433071 0.25439453125 0.11377952755905511 0.1787109375
10 0.35885826771653545 0.4051106770833333 0.2925196850393701 0.5530598958333334
