11 0.8704427083333334 0.8036458333333333 0.07161458333333333 0.10590277777777778
11 0.12608506944444445 0.8972222222222223 0.047309027777777776 0.03263888888888889
13 0.1911892361111111 0.7727430555555556 0.1193576388888889 0.033680555555555554
13 0.6245659722222222 0.3090277777777778 0.1362847222222222 0.07361111111111111
13 0.2684461805555556 0.3576388888888889 0.13758680555555555 0.1527777777777778
10 0.12608506944444445 0.8972222222222223 0.047309027777777776 0.03263888888888889
13 0.3014322916666667 0.35104166666666664 0.1480034722222222 0.15416666666666667
10 0.8648003472222222 0.8039930555555556 0.04210069444444445 0.057291666666666664
11 0.8578559027777778 0.8234375 0.06640625 0.07256944444444445
10 0.8704427083333334 0.8036458333333333 0.07161458333333333 0.10590277777777778
0 0.5349392361111112 0.4048611111111111 0.0993923611111111 0.11666666666666667
13 0.6208767361111112 0.33524305555555556 0.12022569444444445 0.12256944444444444
10 0.8578559027777778 0.8234375 0.06640625 0.07256944444444445
0 0.5184461805555556 0.4185763888888889 0.12456597222222222 0.134375
11 0.8648003472222222 0.8039930555555556 0.04210069444444445 0.057291666666666664
9 0.2684461805555556 0.3576388888888889 0.13758680555555555 0.1527777777777778
13 0.3023003472222222 0.3541666666666667 0.14713541666666666 0.1451388888888889
