2 0.830078125 0.4362847222222222 0.05078125 0.04756944444444444
8 0.20225694444444445 0.4534722222222222 0.21788194444444445 0.3159722222222222
8 0.15907118055555555 0.4675347222222222 0.13151041666666666 0.2795138888888889
8 0.8220486111111112 0.4013888888888889 0.1519097222222222 0.1326388888888889
11 0.6805555555555556 0.11649305555555556 0.078125 0.017708333333333333
2 0.20225694444444445 0.36961805555555555 0.036458333333333336 0.046875
11 0.9032118055555556 0.6206597222222222 0.04861111111111111 0.06076388888888889
2 0.1330295138888889 0.5975694444444445 0.06901041666666667 0.03611111111111111
2 0.15147569444444445 0.4739583333333333 0.05642361111111111 0.05138888888888889
0 0.5848524305555556 0.2652777777777778 0.13758680555555555 0.09305555555555556
8 0.7953559027777778 0.40729166666666666 0.2269965277777778 0.21944444444444444
10 0.9032118055555556 0.6206597222222222 0.04861111111111111 0.06076388888888889
3 0.6369357638888888 0.5473958333333333 0.4197048611111111 0.10243055555555555
0 0.6030815972222222 0.3001736111111111 0.10546875 0.14479166666666668
2 0.7367621527777778 0.3706597222222222 0.08289930555555555 0.07048611111111111
