13 0.3401574803149606 0.13020833333333334 0.12125984251968504 0.026041666666666668
11 0.2074803149606299 0.19124348958333334 0.04094488188976378 0.035481770833333336
9 0.21751968503937008 0.328125 0.10196850393700788 0.142578125
7 0.7273622047244095 0.28369140625 0.12086614173228347 0.16243489583333334
6 0.21751968503937008 0.328125 0.10196850393700788 0.142578125
10 0.1124015748031496 0.7263997395833334 0.03503937007874016 0.051106770833333336
7 0.22303149606299214 0.3361002604166667 0.11535433070866141 0.1494140625
0 0.5399606299212598 0.34033203125 0.11299212598425197 0.1123046875
11 0.6663385826771654 0.1201171875 0.12007874015748031 0.027994791666666668
11 0.3401574803149606 0.13020833333333334 0.12125984251968504 0.026041666666666668
11 0.293503937007874 0.15934244791666666 0.19015748031496063 0.08626302083333333
5 0.22736220472440946 0.4249674479166667 0.1311023622047244 0.2594401041666667
0 0.5429133858267716 0.3240559895833333 0.11181102362204724 0.07845052083333333
13 0.22303149606299214 0.3361002604166667 0.11535433070866141 0.1494140625
13 0.7273622047244095 0.28369140625 0.12086614173228347 0.16243489583333334
11 0.1124015748031496 0.7263997395833334 0.03503937007874016 0.051106770833333336
13 0.21751968503937008 0.328125 0.10196850393700788 0.142578125
11 0.6946850393700787 0.11669921875 0.10196850393700788 0.043294270833333336
5 0.7356299212598425 0.3294270833333333 0.12401574803149606 0.19205729166666666
