6 0.721259842519685 0.2833658854166667 0.2803149606299213 0.3115234375
6 0.7078740157480315 0.2687174479166667 0.20078740157480315 0.2236328125
9 0.7078740157480315 0.2687174479166667 0.20078740157480315 0.2236328125
7 0.7450787401574803 0.19401041666666666 0.06653543307086614 0.095703125
6 0.20708661417322835 0.296875 0.11496062992125984 0.0390625
13 0.7078740157480315 0.2687174479166667 0.20078740157480315 0.2236328125
6 0.23956692913385827 0.2765299479166667 0.12637795275590552 0.0888671875
9 0.6490157480314961 0.37255859375 0.17204724409448818 0.20670572916666666
6 0.7450787401574803 0.19401041666666666 0.06653543307086614 0.095703125
13 0.20708661417322835 0.296875 0.11496062992125984 0.0390625
7 0.6543307086614173 0.3603515625 0.15118110236220472 0.16341145833333334
7 0.6490157480314961 0.37255859375 0.17204724409448818 0.20670572916666666
