7 0.2751346499102334 0.33366573593936977 0.29533213644524237 0.36657359393697647
13 0.7529174147217235 0.3911049062624651 0.17728904847396768 0.20063821300358994
13 0.2892728904847397 0.29996011168727565 0.2877019748653501 0.2425209413641803
13 0.2751346499102334 0.33366573593936977 0.29533213644524237 0.36657359393697647
6 0.7347396768402155 0.3960909453530116 0.27019748653500897 0.3238930993218987
13 0.7347396768402155 0.3960909453530116 0.27019748653500897 0.3238930993218987
11 0.12724416517055656 0.7558835261268448 0.13420107719928187 0.09493418428400478
5 0.7461849192100538 0.43498205025927406 0.18447037701974867 0.2221779018747507
7 0.7347396768402155 0.3960909453530116 0.27019748653500897 0.3238930993218987
7 0.2892728904847397 0.29996011168727565 0.2877019748653501 0.2425209413641803
7 0.1622531418312388 0.494415636218588 0.039946140035906644 0.06980454726765058
6 0.2751346499102334 0.33366573593936977 0.29533213644524237 0.36657359393697647
13 0.16045780969479354 0.4936178699641005 0.11804308797127469 0.11049062624650978
4 0.30655296229802514 0.27941763063422415 0.3339317773788151 0.329078579976067
