0 1244.0 772.0 270.0 290.0
7 607.5 894.5 343.0 393.0
0 1233.0 779.0 276.0 314.0
7 630.0 1509.0 188.0 194.0
7 557.5 793.0 245.0 166.0
6 607.5 894.5 343.0 393.0
0 1228.5 782.0 281.0 312.0
13 557.5 793.0 245.0 166.0
4 626.5 1510.0 217.0 190.0
4 634.0 1529.0 250.0 218.0
6 549.0 862.5 280.0 301.0
7 1706.0 1073.5 250.0 195.0
7 1696.0 1075.0 296.0 204.0
10 270.5 2106.5 103.0 131.0
4 1705.5 1086.5 269.0 267.0
7 634.0 1529.0 250.0 218.0
11 270.5 2106.5 103.0 131.0
8 630.0 1509.0 188.0 194.0
13 1706.0 1073.5 250.0 195.0
