11 0.7674176053400084 0.3123935989104528 0.1572799332498957 0.17534899557371467
2 0.7674176053400084 0.3123935989104528 0.1572799332498957 0.17534899557371467
7 0.7450980392156863 0.41385767790262173 0.3738005840634126 0.5825672454885938
2 0.7999582811848144 0.32107592781750083 0.13558614935335836 0.1804562478719782
11 0.7999582811848144 0.32107592781750083 0.13558614935335836 0.1804562478719782
1 0.7530246141009596 0.39155600953353764 0.39632874426366294 0.5379639087504257
10 0.7450980392156863 0.41385767790262173 0.3738005840634126 0.5825672454885938
9 0.7795160617438465 0.7444671433435478 0.2807676261994159 0.43615934627170583
1 0.7450980392156863 0.41385767790262173 0.3738005840634126 0.5825672454885938
1 0.7538589904046725 0.4053455907388492 0.35544430538172717 0.5103847463398025
