8 0.6432142857142857 0.35662505034232783 0.11642857142857142 0.17680225533628674
8 0.2507142857142857 0.5304067660088603 0.035 0.03221908981071285
8 0.6533928571428571 0.3894482480869915 0.10107142857142858 0.1288763592428514
8 0.3580357142857143 0.7287555376560613 0.07607142857142857 0.07209021345147
8 0.40589285714285717 0.4967780910189287 0.08678571428571429 0.12444623439387838
4 0.6432142857142857 0.35662505034232783 0.11642857142857142 0.17680225533628674
7 0.6533928571428571 0.3894482480869915 0.10107142857142858 0.1288763592428514
7 0.8041071428571429 0.7986306886830447 0.08464285714285714 0.2351993556182038
9 0.40982142857142856 0.5060410793395087 0.09678571428571428 0.12766814337494967
8 0.6573214285714286 0.38501812323801854 0.09821428571428571 0.13773660894079742
7 0.24821428571428572 0.5312122432541281 0.032857142857142856 0.02577527184857028
3 0.5775 0.7200966572694322 0.35642857142857143 0.19653644784534838
8 0.40982142857142856 0.5060410793395087 0.09678571428571428 0.12766814337494967
8 0.25339285714285714 0.5285944422070077 0.033928571428571426 0.0342327829238824
3 0.5805357142857143 0.7031816351188079 0.3725 0.20378574305275876
