7 0.6745362563237775 0.4431818181818182 0.13086003372681282 0.125
4 0.32917369308600336 0.397225935828877 0.25227655986509273 0.34725935828877
4 0.2887015177065767 0.37633689839572193 0.18954468802698146 0.2266042780748663
10 0.763406408094435 0.539605614973262 0.2957841483979764 0.5685160427807486
11 0.6942664418212479 0.16677807486631016 0.1075885328836425 0.06550802139037433
7 0.28650927487352446 0.39137700534759357 0.1966273187183811 0.2767379679144385
10 0.7768971332209106 0.5738636363636364 0.2836424957841484 0.5989304812834224
8 0.2887015177065767 0.37633689839572193 0.18954468802698146 0.2266042780748663
4 0.28650927487352446 0.39137700534759357 0.1966273187183811 0.2767379679144385
10 0.7197301854974705 0.5245655080213903 0.34603709949409783 0.5538101604278075
7 0.32917369308600336 0.397225935828877 0.25227655986509273 0.34725935828877
