11 0.3474609375 0.09711684370257967 0.111328125 0.04021244309559939
5 0.1771484375 0.8012139605462822 0.216796875 0.2329286798179059
5 0.7544921875 0.796092564491654 0.237890625 0.20295902883156297
0 0.5435546875 0.3334597875569044 0.121484375 0.15402124430955993
0 0.53984375 0.31809559939301973 0.13671875 0.12936267071320182
5 0.8232421875 0.8237860394537178 0.083203125 0.11115326251896814
5 0.115234375 0.8418057663125948 0.0921875 0.1456752655538695
5 0.1341796875 0.833649468892261 0.127734375 0.17261001517450683
5 0.7966796875 0.8012139605462822 0.151953125 0.14946889226100152
0 0.5443359375 0.32378603945371776 0.118359375 0.13391502276176023
