5 0.2506510416666667 0.434375 0.24088541666666666 0.19027777777777777
6 0.2506510416666667 0.434375 0.24088541666666666 0.19027777777777777
11 0.7710503472222222 0.5743055555555555 0.07769097222222222 0.08055555555555556
10 0.1794704861111111 0.5364583333333334 0.12369791666666667 0.07222222222222222
10 0.212890625 0.5453125 0.22526041666666666 0.14131944444444444
9 0.4691840277777778 0.3842013888888889 0.6432291666666666 0.465625
5 0.6846788194444444 0.3842013888888889 0.2191840277777778 0.32743055555555556
10 0.7612847222222222 0.5753472222222222 0.0842013888888889 0.09930555555555555
3 0.5514322916666666 0.5032986111111111 0.3519965277777778 0.1371527777777778
3 0.498046875 0.5060763888888888 0.4422743055555556 0.15659722222222222
5 0.2701822916666667 0.36493055555555554 0.2513020833333333 0.3034722222222222
5 0.7105034722222222 0.40399305555555554 0.1736111111111111 0.18159722222222222
10 0.7710503472222222 0.5743055555555555 0.07769097222222222 0.08055555555555556
6 0.7105034722222222 0.40399305555555554 0.1736111111111111 0.18159722222222222
10 0.17057291666666666 0.5267361111111111 0.09461805555555555 0.10972222222222222
10 0.7567274305555556 0.5555555555555556 0.0993923611111111 0.1388888888888889
0 0.5401475694444444 0.2951388888888889 0.07942708333333333 0.075
