11 600.5 307.5 423.0 143.0
2 173.0 1533.0 40.0 44.0
7 600.5 307.5 423.0 143.0
11 436.5 1711.0 469.0 124.0
7 1240.0 292.5 322.0 115.0
11 100.0 1986.0 108.0 150.0
0 1059.5 663.0 265.0 244.0
8 119.0 1844.5 30.0 33.0
8 170.0 1538.0 40.0 40.0
11 124.0 2014.0 94.0 178.0
11 130.5 1996.5 93.0 137.0
10 130.5 1996.5 93.0 137.0
11 313.5 1766.5 201.0 217.0
8 169.5 1532.5 45.0 45.0
10 100.0 1986.0 108.0 150.0
0 1087.5 663.5 217.0 225.0
7 279.0 1665.5 310.0 213.0
8 113.0 1840.5 38.0 43.0
11 1240.0 292.5 322.0 115.0
