13 0.24772036474164133 0.3470873786407767 0.0737082066869301 0.05563853622106049
13 0.24981003039513677 0.3455937266616878 0.0702887537993921 0.06011949215832711
13 0.8162993920972644 0.3862957430918596 0.04825227963525836 0.062359970126960415
8 0.2501899696048632 0.35175504107542943 0.07104863221884498 0.05675877520537715
8 0.8104103343465046 0.3896564600448096 0.0486322188449848 0.06534727408513816
13 0.21903495440729484 0.4566840926064227 0.09080547112462006 0.06721433905899925
13 0.8140197568389058 0.38797610156833456 0.043693009118541036 0.0619865571321882
9 0.7838145896656535 0.7203136669156086 0.30243161094224924 0.11874533233756535
13 0.2501899696048632 0.35175504107542943 0.07104863221884498 0.05675877520537715
13 0.2239741641337386 0.46545929798356983 0.1189209726443769 0.039208364451082896
2 0.24981003039513677 0.3455937266616878 0.0702887537993921 0.06011949215832711
2 0.8162993920972644 0.3862957430918596 0.04825227963525836 0.062359970126960415
2 0.2159954407294833 0.46676624346527257 0.1067629179331307 0.043315907393577296
13 0.8104103343465046 0.3896564600448096 0.0486322188449848 0.06534727408513816
8 0.21903495440729484 0.4566840926064227 0.09080547112462006 0.06721433905899925
