0 0.6318359375 0.30615234375 0.12369791666666667 0.10514322916666667
9 0.4671223958333333 0.5711263020833334 0.055338541666666664 0.09798177083333333
9 0.5076497395833334 0.3248697916666667 0.0595703125 0.045572916666666664
3 0.6272786458333334 0.5867513020833334 0.3587239583333333 0.09798177083333333
9 0.5060221354166666 0.32666015625 0.050455729166666664 0.038736979166666664
9 0.9383138020833334 0.18717447916666666 0.10970052083333333 0.14518229166666666
7 0.5076497395833334 0.3248697916666667 0.0595703125 0.045572916666666664
0 0.6442057291666666 0.31298828125 0.09635416666666667 0.10970052083333333
9 0.9070638020833334 0.17757161458333334 0.17545572916666666 0.062174479166666664
0 0.57080078125 0.36572265625 0.2236328125 0.23404947916666666
