9 0.037275064267352186 0.9061377245508982 0.0348879911861917 0.17035928143712575
10 0.12945280940139553 0.6405688622754491 0.10392948953360265 0.12125748502994012
0 0.612559676827029 0.3197604790419162 0.09401395519647447 0.081437125748503
13 0.33253764230627986 0.48907185628742517 0.23099522585383767 0.22425149700598804
9 0.060411311053984576 0.5516467065868264 0.08483290488431877 0.2961077844311377
11 0.2930591259640103 0.5797904191616766 0.05875872199779655 0.05898203592814371
9 0.04976129269188395 0.5546407185628742 0.07087770840984209 0.27694610778443113
9 0.04884318766066838 0.5525449101796407 0.055086301872934264 0.27035928143712573
13 0.29746603011384504 0.5619760479041916 0.04847594564818215 0.05449101796407185
11 0.12614763128901946 0.6485029940119761 0.11274329783327212 0.23652694610778444
11 0.1239441792141021 0.6091317365269461 0.07969151670951156 0.18113772455089822
11 0.8835842820418656 0.7784431137724551 0.05802423797282409 0.07544910179640718
10 0.12614763128901946 0.6485029940119761 0.11274329783327212 0.23652694610778444
11 0.12945280940139553 0.6405688622754491 0.10392948953360265 0.12125748502994012
