3 0.5458984375 0.4977213541666667 0.3170572916666667 0.18619791666666666
11 0.20442708333333334 0.6097005208333334 0.025390625 0.030598958333333332
6 0.3294270833333333 0.3942057291666667 0.13997395833333334 0.2591145833333333
9 0.32666015625 0.4205729166666667 0.1689453125 0.15169270833333334
0 0.5771484375 0.1953125 0.07747395833333333 0.115234375
13 0.32275390625 0.4051106770833333 0.16569010416666666 0.2718098958333333
7 0.3294270833333333 0.3942057291666667 0.13997395833333334 0.2591145833333333
13 0.3214518229166667 0.30712890625 0.12467447916666667 0.0732421875
0 0.5675455729166666 0.19759114583333334 0.09993489583333333 0.12955729166666666
0 0.5675455729166666 0.20914713541666666 0.10123697916666667 0.13639322916666666
6 0.32666015625 0.4205729166666667 0.1689453125 0.15169270833333334
13 0.3294270833333333 0.3942057291666667 0.13997395833333334 0.2591145833333333
7 0.32666015625 0.4205729166666667 0.1689453125 0.15169270833333334
10 0.20442708333333334 0.6097005208333334 0.025390625 0.030598958333333332
