2 0.5732718894009217 0.25602307431286053 0.11428571428571428 0.11163895486935867
3 0.5776497695852535 0.5464879538513743 0.5267281105990783 0.25619273837801154
5 0.815668202764977 0.495758398371225 0.1336405529953917 0.2151340346114693
13 0.25253456221198156 0.4872751951136749 0.1870967741935484 0.1499830335934849
13 0.8264976958525345 0.5430946725483543 0.12857142857142856 0.13946386155412283
3 0.5546082949308756 0.5502205632846963 0.532258064516129 0.14285714285714285
5 0.22119815668202766 0.45690532745164575 0.2350230414746544 0.2161520190023753
2 0.562442396313364 0.24652188666440447 0.11382488479262673 0.08992195453003055
5 0.2391705069124424 0.3842891075670173 0.35944700460829493 0.5296912114014252
2 0.5748847926267281 0.24261961316593145 0.09907834101382489 0.10722768917543264
5 0.7235023041474654 0.38513742789277233 0.3225806451612903 0.4906684764166949
13 0.22096774193548388 0.33220223956566 0.11382488479262673 0.050220563284696304
