0 0.6050163132137031 0.32803468208092484 0.09828711256117455 0.1119942196531792
0 0.6129690048939641 0.30527456647398843 0.07911908646003263 0.06141618497109826
0 0.6111337683523654 0.3536849710982659 0.10236541598694943 0.15245664739884393
3 0.6447797716150081 0.6340317919075145 0.4934747145187602 0.14017341040462428
9 0.6794453507340946 0.4275650289017341 0.0929853181076672 0.1448699421965318
3 0.6419249592169658 0.6293352601156069 0.4967373572593801 0.12427745664739884
6 0.3456362153344209 0.5209537572254336 0.16517128874388254 0.14812138728323698
5 0.7830342577487766 0.40227601156069365 0.2528548123980424 0.42015895953757226
3 0.6353996737357259 0.6130780346820809 0.4926590538336052 0.1842485549132948
5 0.29057911908646006 0.39053468208092484 0.31851549755301795 0.4653179190751445
