11 0.6521267361111112 0.11128472222222222 0.10112847222222222 0.036458333333333336
3 0.4828559027777778 0.6413194444444444 0.3919270833333333 0.12916666666666668
7 0.2703993055555556 0.5977430555555555 0.10677083333333333 0.12534722222222222
3 0.4813368055555556 0.6621527777777778 0.3871527777777778 0.12708333333333333
11 0.6310763888888888 0.1140625 0.14583333333333334 0.04479166666666667
9 0.2703993055555556 0.5977430555555555 0.10677083333333333 0.12534722222222222
11 0.3005642361111111 0.10659722222222222 0.1228298611111111 0.0375
13 0.16015625 0.35399305555555555 0.03125 0.036458333333333336
11 0.6362847222222222 0.12065972222222222 0.1440972222222222 0.058680555555555555
11 0.287109375 0.10607638888888889 0.10980902777777778 0.03715277777777778
13 0.17057291666666666 0.34913194444444445 0.04600694444444445 0.04131944444444444
8 0.16861979166666666 0.3559027777777778 0.03342013888888889 0.019444444444444445
