0 0.6248374512353706 0.3226185809486476 0.1660164716081491 0.14112112896903176
0 0.6395752058951019 0.33222265778126225 0.14867793671434765 0.16189729517836143
0 0.6200693541395752 0.35397883183065465 0.14260944950151713 0.21716973735789885
10 0.07693974859124404 0.6769894159153274 0.06805374945817079 0.10897687181497452
11 0.9156913740788903 0.6583692669541357 0.06285218899003034 0.06154449235593885
3 0.5964456003467707 0.6385731085848687 0.49501517121803207 0.13328106624852998
3 0.5983961855223233 0.6223049784398276 0.5240572171651495 0.1462171697373579
11 0.35804074555700044 0.11230889847118777 0.06675335934113567 0.026264210113680908
10 0.9156913740788903 0.6583692669541357 0.06285218899003034 0.06154449235593885
11 0.07693974859124404 0.6769894159153274 0.06805374945817079 0.10897687181497452
3 0.6031642826181187 0.631125049000392 0.5197225834416992 0.07918463347706782
