0 0.6196886832141355 0.3317519484920366 0.13967185527976442 0.11995933581836665
9 0.18721076987799748 0.5130464249406981 0.031131678586453514 0.031175872585564215
8 0.33529659234328985 0.30803117587258555 0.0689945309213294 0.0650626906133514
11 0.38052166596550274 0.1536767197560149 0.22254943205721497 0.06472382243307354
11 0.36453512831299956 0.15723483564893256 0.18384518300378627 0.06777363605557438
9 0.2118216238956668 0.2915960691291088 0.06773243584350021 0.06133514063029481
0 0.6293647454774927 0.3224330735343951 0.13041649137568365 0.10064384954252796
3 0.6177955405973917 0.6809556082683836 0.4724442574673959 0.17112843104032532
11 0.3561211611274716 0.15994578109115554 0.1813209928481279 0.06574042697390715
8 0.2498948254101809 0.365130464249407 0.04880100967606226 0.04032531345306676
