9 0.4325086805555556 0.3637152777777778 0.10026041666666667 0.3482638888888889
0 0.6043836805555556 0.3484375 0.13932291666666666 0.11215277777777778
11 0.9177517361111112 0.8013888888888889 0.04296875 0.04791666666666667
9 0.4136284722222222 0.4407986111111111 0.0703125 0.1295138888888889
9 0.3209635416666667 0.23315972222222223 0.11067708333333333 0.13159722222222223
7 0.4325086805555556 0.3637152777777778 0.10026041666666667 0.3482638888888889
13 0.345703125 0.27847222222222223 0.1636284722222222 0.1951388888888889
13 0.2380642361111111 0.6204861111111111 0.12456597222222222 0.019444444444444445
13 0.3209635416666667 0.23315972222222223 0.11067708333333333 0.13159722222222223
0 0.6041666666666666 0.35225694444444444 0.1284722222222222 0.11701388888888889
13 0.3420138888888889 0.2829861111111111 0.08333333333333333 0.19166666666666668
10 0.9177517361111112 0.8013888888888889 0.04296875 0.04791666666666667
0 0.6145833333333334 0.3404513888888889 0.11284722222222222 0.10868055555555556
