10 0.29150018162005087 0.6041902604756512 0.2895023610606611 0.420158550396376
0 0.5799128223755903 0.3484333710834277 0.1020704685797312 0.08229520573801434
10 0.29785688339992733 0.49414873537183845 0.3102070468579731 0.6591166477916195
10 0.3002179440610243 0.46055115137787844 0.31057028695968036 0.6606266515666289
7 0.7964039229930985 0.7240468101170253 0.08754086451144207 0.23480558701396753
7 0.7762440973483472 0.7306530766326916 0.13076643661460224 0.2555681389203473
7 0.3051216854340719 0.29614949037372595 0.20486741736287686 0.26085315213288035
7 0.3381765346894297 0.412797281993205 0.16491100617508173 0.08946772366930918
7 0.30639302579004724 0.30973952434881086 0.2219397021431166 0.2676481691204228
11 0.30439520523065744 0.27746319365798416 0.26589175444969126 0.2929407323518309
