11 0.3361545138888889 0.13368055555555555 0.1957465277777778 0.05625
9 0.21180555555555555 0.5024305555555556 0.09114583333333333 0.06041666666666667
12 0.3522135416666667 0.48975694444444445 0.13151041666666666 0.08506944444444445
7 0.2996961805555556 0.3532986111111111 0.2947048611111111 0.35868055555555556
10 0.29296875 0.5701388888888889 0.2543402777777778 0.20555555555555555
7 0.2981770833333333 0.40989583333333335 0.28125 0.1607638888888889
4 0.2996961805555556 0.3532986111111111 0.2947048611111111 0.35868055555555556
13 0.3101128472222222 0.26371527777777776 0.23133680555555555 0.23506944444444444
10 0.3003472222222222 0.5772569444444444 0.2960069444444444 0.10173611111111111
10 0.2942708333333333 0.4791666666666667 0.2604166666666667 0.22361111111111112
4 0.3101128472222222 0.29409722222222223 0.1644965277777778 0.13680555555555557
4 0.3116319444444444 0.28541666666666665 0.16493055555555555 0.12777777777777777
9 0.34765625 0.4888888888888889 0.1388888888888889 0.0875
11 0.23763020833333334 0.19739583333333333 0.09071180555555555 0.121875
