13 0.3634440104166667 0.4290364583333333 0.2275390625 0.4420572916666667
7 0.3400065104166667 0.5950520833333334 0.1025390625 0.111328125
9 0.77197265625 0.5994466145833334 0.0263671875 0.0673828125
1 0.6868489583333334 0.17887369791666666 0.21354166666666666 0.07975260416666667
6 0.7179361979166666 0.3235677083333333 0.2197265625 0.357421875
11 0.4070638020833333 0.13134765625 0.10709635416666667 0.017252604166666668
11 0.76513671875 0.5900065104166666 0.045247395833333336 0.1298828125
13 0.7991536458333334 0.6243489583333334 0.10026041666666667 0.13020833333333334
6 0.3313802083333333 0.3943684895833333 0.19921875 0.3108723958333333
6 0.3634440104166667 0.4290364583333333 0.2275390625 0.4420572916666667
6 0.3527018229166667 0.3388671875 0.2041015625 0.2682291666666667
11 0.84716796875 0.6985677083333334 0.032877604166666664 0.051432291666666664
10 0.84716796875 0.6985677083333334 0.032877604166666664 0.051432291666666664
7 0.7244466145833334 0.3435872395833333 0.1826171875 0.2887369791666667
13 0.7179361979166666 0.3235677083333333 0.2197265625 0.357421875
13 0.720703125 0.33349609375 0.212890625 0.3779296875
6 0.7991536458333334 0.6243489583333334 0.10026041666666667 0.13020833333333334
1 0.720703125 0.33349609375 0.212890625 0.3779296875
6 0.7244466145833334 0.3435872395833333 0.1826171875 0.2887369791666667
13 0.3313802083333333 0.3943684895833333 0.19921875 0.3108723958333333
13 0.7244466145833334 0.3435872395833333 0.1826171875 0.2887369791666667
