0 0.50390625 0.41996527777777776 0.1267361111111111 0.08993055555555556
2 0.2380642361111111 0.3628472222222222 0.040364583333333336 0.03263888888888889
0 0.5145399305555556 0.42430555555555555 0.10460069444444445 0.09930555555555555
8 0.1736111111111111 0.5696180555555556 0.017361111111111112 0.010069444444444445
8 0.23893229166666666 0.3614583333333333 0.04383680555555555 0.03680555555555556
0 0.5078125 0.4227430555555556 0.109375 0.09131944444444444
3 0.5149739583333334 0.6430555555555556 0.3962673611111111 0.14375
3 0.5045572916666666 0.6690972222222222 0.3728298611111111 0.10555555555555556
11 0.3018663194444444 0.2982638888888889 0.1271701388888889 0.025694444444444443
3 0.5099826388888888 0.6762152777777778 0.3819444444444444 0.1267361111111111
8 0.23958333333333334 0.36354166666666665 0.03993055555555555 0.034722222222222224
