8 0.8285590277777778 0.49809027777777776 0.0625 0.04826388888888889
13 0.8285590277777778 0.49809027777777776 0.0625 0.04826388888888889
8 0.9166666666666666 0.5409722222222222 0.014756944444444444 0.017361111111111112
9 0.5177951388888888 0.30538194444444444 0.05295138888888889 0.26631944444444444
7 0.4900173611111111 0.3003472222222222 0.11631944444444445 0.25
8 0.9153645833333334 0.5418402777777778 0.020833333333333332 0.017013888888888887
9 0.8285590277777778 0.49809027777777776 0.0625 0.04826388888888889
5 0.3576388888888889 0.45590277777777777 0.18836805555555555 0.14305555555555555
3 0.6447482638888888 0.4847222222222222 0.3763020833333333 0.11388888888888889
3 0.6488715277777778 0.5008680555555556 0.3958333333333333 0.10451388888888889
0 0.6566840277777778 0.2359375 0.10503472222222222 0.109375
0 0.6614583333333334 0.22777777777777777 0.0998263888888889 0.09166666666666666
0 0.6627604166666666 0.2361111111111111 0.1015625 0.09791666666666667
