7 0.34705882352941175 0.27507073247406477 0.11221719457013575 0.13140521848475323
8 0.27149321266968324 0.4206224457717699 0.0660633484162896 0.027664256523105942
2 0.27149321266968324 0.4206224457717699 0.0660633484162896 0.027664256523105942
13 0.7294117647058823 0.29031751021691293 0.17013574660633485 0.12228858849418422
10 0.09457013574660633 0.662055957246149 0.07963800904977375 0.09996856334486011
8 0.27217194570135744 0.42077962904746935 0.06108597285067873 0.026092423766111286
0 0.5909502262443439 0.3365293932725558 0.12217194570135746 0.10657026092423766
11 0.09457013574660633 0.662055957246149 0.07963800904977375 0.09996856334486011
3 0.5832579185520362 0.6163156240176045 0.47692307692307695 0.14303678088651367
0 0.5957013574660633 0.34706067274442 0.11809954751131221 0.1270040867651682
3 0.5911764705882353 0.595567431625275 0.4746606334841629 0.11914492298019491
13 0.27918552036199096 0.28544482867022947 0.2497737556561086 0.17038667085822068
0 0.5895927601809955 0.3373153096510531 0.13574660633484162 0.09368123231688148
11 0.8680995475113122 0.6292046526249607 0.11357466063348416 0.15749764225086452
10 0.8680995475113122 0.6292046526249607 0.11357466063348416 0.15749764225086452
2 0.27307692307692305 0.4210939955988683 0.06289592760180995 0.02986482238289846
11 0.4269230769230769 0.1790317510216913 0.09185520361990951 0.04243948443885571
7 0.717420814479638 0.30430682175416535 0.083710407239819 0.11254322540081735
