11 0.3475302419354839 0.11955645161290322 0.14868951612903225 0.01653225806451613
7 0.3455141129032258 0.6800403225806452 0.10231854838709678 0.0875
0 0.5607358870967742 0.2725806451612903 0.10534274193548387 0.09112903225806451
8 0.3276209677419355 0.6397177419354839 0.17036290322580644 0.1536290322580645
8 0.30393145161290325 0.6044354838709678 0.11290322580645161 0.0717741935483871
7 0.30393145161290325 0.6044354838709678 0.11290322580645161 0.0717741935483871
8 0.34400201612903225 0.6955645161290323 0.12348790322580645 0.09516129032258064
8 0.3455141129032258 0.6800403225806452 0.10231854838709678 0.0875
0 0.5607358870967742 0.2772177419354839 0.10836693548387097 0.08346774193548387
8 0.3172883064516129 0.613508064516129 0.13860887096774194 0.0810483870967742
