13 0.7305099030762747 0.4481934905942072 0.25495153813737886 0.07644072857569424
11 0.9283607248209018 0.8420424007166318 0.03708386009270965 0.0585249328157659
11 0.8008849557522124 0.1969244550612123 0.05857564264643911 0.04150492684383398
13 0.23767383059418457 0.2770976410868916 0.07753898019384745 0.03523439832785906
9 0.6337968815844922 0.3460734547626157 0.0471976401179941 0.05494177366378023
13 0.7619047619047619 0.24753657808300986 0.07248209018120523 0.07166318303971335
10 0.9283607248209018 0.8420424007166318 0.03708386009270965 0.0585249328157659
13 0.7273493468183734 0.4519259480441923 0.18120522545301307 0.08271125709166915
2 0.6361146228402865 0.34816363093460734 0.038348082595870206 0.05434458047178262
7 0.8752633796881585 0.34980591221260077 0.03876949009692372 0.01761719916392953
13 0.8777918246944796 0.34323678710062705 0.03961230509903076 0.030755449387876978
13 0.7568478718921197 0.24037025977903853 0.09523809523809523 0.08898178560764407
11 0.31605562579013907 0.1808002388772768 0.10703750526759376 0.028963869811884143
13 0.7730720606826802 0.24305762914302778 0.07711757269279393 0.08898178560764407
2 0.6337968815844922 0.3460734547626157 0.0471976401179941 0.05494177366378023
