0 0.5672200520833334 0.306640625 0.0986328125 0.12565104166666666
10 0.2550455729166667 0.60009765625 0.0693359375 0.0751953125
11 0.3642578125 0.17073567708333334 0.08333333333333333 0.052408854166666664
3 0.5909830729166666 0.51123046875 0.3258463541666667 0.1162109375
0 0.5642903645833334 0.2801106770833333 0.0888671875 0.07063802083333333
3 0.58837890625 0.5299479166666666 0.3284505208333333 0.10286458333333333
11 0.24658203125 0.61376953125 0.0439453125 0.09928385416666667
11 0.78955078125 0.4913736979166667 0.025065104166666668 0.08756510416666667
3 0.58984375 0.5237630208333334 0.306640625 0.08203125
11 0.2550455729166667 0.60009765625 0.0693359375 0.0751953125
11 0.37451171875 0.17350260416666666 0.0908203125 0.059244791666666664
0 0.5691731770833334 0.2892252604166667 0.08756510416666667 0.09147135416666667
11 0.6730143229166666 0.185546875 0.0556640625 0.050130208333333336
