11 0.2503725782414307 0.2210599721059972 0.13114754098360656 0.1108786610878661
11 0.7678837555886736 0.19299163179916318 0.12742175856929955 0.10216178521617852
0 0.5929582712369598 0.37203626220362623 0.11363636363636363 0.12761506276150628
13 0.26937406855439644 0.30160390516039054 0.11847988077496274 0.20571827057182707
11 0.7451564828614009 0.174860529986053 0.08643815201192251 0.06729428172942817
0 0.5883010432190761 0.36628312412831243 0.11997019374068554 0.11471408647140864
13 0.812220566318927 0.5268479776847977 0.184053651266766 0.06206415620641562
13 0.26341281669150524 0.3190376569037657 0.11549925484351714 0.2099023709902371
13 0.25763785394932937 0.3042189679218968 0.10618479880774963 0.1718967921896792
13 0.8288002980625931 0.5362622036262203 0.1657973174366617 0.06276150627615062
3 0.6210879284649776 0.6990934449093444 0.47093889716840537 0.1708507670850767
