3 0.586289726533629 0.673718610251118 0.4371766444937177 0.14688682490540075
3 0.5833333333333334 0.672514619883041 0.434220251293422 0.1437908496732026
10 0.9024390243902439 0.7751977984176126 0.04138950480413895 0.05675954592363261
11 0.9103843311160384 0.7738218094255246 0.02993348115299335 0.05538355693154455
11 0.6834811529933481 0.217234262125903 0.11862527716186252 0.03199174406604747
0 0.5825942350332595 0.39697282421740626 0.12453806356245381 0.13209494324045407
11 0.9024390243902439 0.7751977984176126 0.04138950480413895 0.05675954592363261
11 0.8968957871396895 0.7751977984176126 0.05395417590539542 0.06570347437220503
10 0.8968957871396895 0.7751977984176126 0.05395417590539542 0.06570347437220503
10 0.9103843311160384 0.7738218094255246 0.02993348115299335 0.05538355693154455
0 0.5722468588322247 0.39989680082559337 0.14079822616407983 0.14619883040935672
11 0.34700665188470065 0.20519435844513245 0.10125646711012565 0.01823185414516684
