4 0.7517361111111112 0.6494791666666667 0.22569444444444445 0.23923611111111112
8 0.70703125 0.6407986111111111 0.19444444444444445 0.17673611111111112
8 0.6898871527777778 0.31805555555555554 0.11588541666666667 0.08263888888888889
8 0.3096788194444444 0.28923611111111114 0.017795138888888888 0.019444444444444445
13 0.3033854166666667 0.4076388888888889 0.18489583333333334 0.16875
8 0.7224392361111112 0.4557291666666667 0.032552083333333336 0.024652777777777777
13 0.271484375 0.39253472222222224 0.1115451388888889 0.08854166666666667
2 0.2740885416666667 0.3914930555555556 0.10546875 0.08715277777777777
7 0.7517361111111112 0.6494791666666667 0.22569444444444445 0.23923611111111112
8 0.7198350694444444 0.4545138888888889 0.03515625 0.020833333333333332
8 0.615234375 0.7625 0.2009548611111111 0.15555555555555556
8 0.3389756944444444 0.32100694444444444 0.042534722222222224 0.03229166666666667
11 0.7966579861111112 0.4215277777777778 0.07855902777777778 0.10069444444444445
8 0.7884114583333334 0.4171875 0.06380208333333333 0.07673611111111112
8 0.7335069444444444 0.6310763888888888 0.17708333333333334 0.196875
8 0.3129340277777778 0.2878472222222222 0.026041666666666668 0.020833333333333332
2 0.3033854166666667 0.4076388888888889 0.18489583333333334 0.16875
8 0.3088107638888889 0.45850694444444445 0.04383680555555555 0.035069444444444445
8 0.7044270833333334 0.31267361111111114 0.12760416666666666 0.09270833333333334
7 0.7081163194444444 0.31180555555555556 0.16102430555555555 0.11458333333333333
7 0.7335069444444444 0.6310763888888888 0.17708333333333334 0.196875
7 0.7966579861111112 0.4215277777777778 0.07855902777777778 0.10069444444444445
13 0.3537326388888889 0.6657986111111112 0.09895833333333333 0.12743055555555555
8 0.7901475694444444 0.42135416666666664 0.0646701388888889 0.08159722222222222
8 0.7235243055555556 0.4564236111111111 0.033854166666666664 0.02673611111111111
10 0.7966579861111112 0.4215277777777778 0.07855902777777778 0.10069444444444445
