10 0.7512464387464387 0.6178002450980392 0.323005698005698 0.31035539215686275
10 0.7738603988603988 0.6176470588235294 0.3055555555555556 0.29044117647058826
7 0.7633547008547008 0.5375306372549019 0.1655982905982906 0.1253063725490196
7 0.7432336182336182 0.5750612745098039 0.23931623931623933 0.0974264705882353
11 0.16185897435897437 0.7553615196078431 0.22115384615384615 0.06341911764705882
10 0.16185897435897437 0.7553615196078431 0.22115384615384615 0.06341911764705882
10 0.10523504273504274 0.7356004901960784 0.08084045584045584 0.07965686274509803
11 0.7044159544159544 0.12683823529411764 0.08190883190883191 0.037377450980392156
10 0.7613960113960114 0.5585171568627451 0.29914529914529914 0.25183823529411764
11 0.10523504273504274 0.7356004901960784 0.08084045584045584 0.07965686274509803
