13 0.20811631944444445 0.42586805555555557 0.0915798611111111 0.11770833333333333
13 0.2029079861111111 0.40243055555555557 0.08289930555555555 0.08263888888888889
1 0.7113715277777778 0.31197916666666664 0.2109375 0.21909722222222222
13 0.7113715277777778 0.31197916666666664 0.2109375 0.21909722222222222
2 0.2029079861111111 0.40243055555555557 0.08289930555555555 0.08263888888888889
13 0.7224392361111112 0.3145833333333333 0.1879340277777778 0.24513888888888888
8 0.7198350694444444 0.42986111111111114 0.018663194444444444 0.011111111111111112
13 0.7113715277777778 0.38263888888888886 0.019965277777777776 0.019444444444444445
13 0.3179253472222222 0.2574652777777778 0.06640625 0.08993055555555556
13 0.7198350694444444 0.42986111111111114 0.018663194444444444 0.011111111111111112
8 0.7113715277777778 0.38263888888888886 0.019965277777777776 0.019444444444444445
13 0.7198350694444444 0.26145833333333335 0.15234375 0.13055555555555556
13 0.7736545138888888 0.42743055555555554 0.048177083333333336 0.030555555555555555
13 0.21875 0.42291666666666666 0.1076388888888889 0.12152777777777778
