11 0.08349609375 0.7516 0.072265625 0.0752
13 0.9091796875 0.579 0.072265625 0.0124
10 0.08740234375 0.769 0.0693359375 0.046
0 0.560546875 0.2392 0.1318359375 0.0896
10 0.94482421875 0.7252 0.0458984375 0.0568
0 0.565185546875 0.2634 0.12646484375 0.1628
9 0.246337890625 0.682 0.31884765625 0.1592
13 0.912109375 0.5794 0.060546875 0.0172
11 0.9521484375 0.7354 0.0517578125 0.0572
11 0.08740234375 0.769 0.0693359375 0.046
11 0.94482421875 0.7252 0.0458984375 0.0568
13 0.890380859375 0.5846 0.11767578125 0.0356
10 0.08349609375 0.7516 0.072265625 0.0752
10 0.9521484375 0.7354 0.0517578125 0.0572
