11 0.2673611111111111 0.18854166666666666 0.2265625 0.1423611111111111
7 0.2858072916666667 0.1515625 0.12803819444444445 0.06145833333333333
7 0.2348090277777778 0.4814236111111111 0.2586805555555556 0.18090277777777777
3 0.5110677083333334 0.528125 0.4058159722222222 0.11458333333333333
6 0.24283854166666666 0.4730902777777778 0.2287326388888889 0.11840277777777777
10 0.2065972222222222 0.5796875 0.2647569444444444 0.17256944444444444
0 0.50390625 0.2767361111111111 0.125 0.1
7 0.24283854166666666 0.4730902777777778 0.2287326388888889 0.11840277777777777
0 0.4969618055555556 0.30364583333333334 0.1467013888888889 0.14548611111111112
7 0.2747395833333333 0.15659722222222222 0.21006944444444445 0.07777777777777778
11 0.2747395833333333 0.15659722222222222 0.21006944444444445 0.07777777777777778
10 0.2417534722222222 0.5258680555555556 0.3315972222222222 0.2815972222222222
7 0.2261284722222222 0.4736111111111111 0.2586805555555556 0.10208333333333333
