6 0.30250719276613236 0.3953307392996109 0.2531853678586108 0.14396887159533073
13 0.30250719276613236 0.3953307392996109 0.2531853678586108 0.14396887159533073
6 0.7295519934237567 0.20894941634241246 0.24825318536785862 0.18365758754863815
8 0.7492807233867653 0.2272373540856031 0.2441430332922318 0.1828793774319066
13 0.7492807233867653 0.2272373540856031 0.2441430332922318 0.1828793774319066
7 0.7295519934237567 0.20894941634241246 0.24825318536785862 0.18365758754863815
4 0.3150431565967941 0.3867704280155642 0.22729140978216195 0.17509727626459143
7 0.30250719276613236 0.3953307392996109 0.2531853678586108 0.14396887159533073
8 0.7589395807644883 0.39863813229571987 0.07357172215371968 0.054863813229571984
13 0.7755856966707768 0.19105058365758754 0.13974517057131114 0.12607003891050583
6 0.2373612823674476 0.4021400778210117 0.15577476366625564 0.15914396887159532
8 0.7511302918207974 0.4453307392996109 0.07274969173859433 0.14980544747081712
13 0.7295519934237567 0.20894941634241246 0.24825318536785862 0.18365758754863815
8 0.7583230579531443 0.4379377431906615 0.10110974106041924 0.11712062256809339
