8 0.5503846153846154 0.5376228501228502 0.07769230769230769 0.05558968058968059
8 0.6828846153846154 0.3151105651105651 0.027307692307692307 0.025798525798525797
8 0.14692307692307693 0.46421990171990174 0.052307692307692305 0.02549140049140049
9 0.19538461538461538 0.8582616707616708 0.12230769230769231 0.09735872235872235
8 0.19173076923076923 0.8607186732186732 0.12653846153846154 0.09428746928746928
8 0.8298076923076924 0.6194717444717445 0.041923076923076924 0.03992628992628992
8 0.27365384615384614 0.5925982800982801 0.03884615384615384 0.02979115479115479
8 0.19596153846153846 0.8562653562653563 0.12576923076923077 0.09398034398034398
8 0.23576923076923076 0.6230036855036855 0.04461538461538461 0.028562653562653563
8 0.23096153846153847 0.6219287469287469 0.041923076923076924 0.03194103194103194
7 0.19538461538461538 0.8582616707616708 0.12230769230769231 0.09735872235872235
8 0.7873076923076923 0.3874385749385749 0.055384615384615386 0.04269041769041769
8 0.7857692307692308 0.3874385749385749 0.06076923076923077 0.045147420147420146
8 0.25346153846153846 0.41124078624078625 0.06230769230769231 0.04606879606879607
8 0.8315384615384616 0.6193181818181818 0.03923076923076923 0.02979115479115479
8 0.2323076923076923 0.6160933660933661 0.04230769230769231 0.029484029484029485
8 0.27692307692307694 0.5930589680589681 0.052307692307692305 0.02764127764127764
0 0.5478846153846154 0.4163083538083538 0.17576923076923076 0.1593980343980344
8 0.7838461538461539 0.3878992628992629 0.06615384615384616 0.04791154791154791
8 0.8288461538461539 0.6199324324324325 0.038461538461538464 0.03101965601965602
8 0.24865384615384614 0.3478194103194103 0.035 0.028562653562653563
8 0.14615384615384616 0.46207002457002455 0.05384615384615385 0.03593366093366093
0 0.5621153846153846 0.41538697788697787 0.1626923076923077 0.15755528255528256
0 0.5648076923076923 0.3941953316953317 0.13115384615384615 0.11025798525798526
8 0.24942307692307691 0.41292997542997545 0.07423076923076923 0.04023341523341523
8 0.14576923076923076 0.46130221130221133 0.05 0.0386977886977887
7 0.19596153846153846 0.8562653562653563 0.12576923076923077 0.09398034398034398
8 0.245 0.34044840294840295 0.04692307692307692 0.032862407862407864
8 0.2528846153846154 0.41323710073710074 0.06346153846153846 0.03777641277641278
