3 0.5666232638888888 0.5777777777777777 0.38671875 0.0798611111111111
0 0.5792100694444444 0.30086805555555557 0.1072048611111111 0.09618055555555556
11 0.3678385416666667 0.16597222222222222 0.10460069444444445 0.015277777777777777
0 0.5724826388888888 0.3064236111111111 0.1171875 0.09826388888888889
3 0.5533854166666666 0.5529513888888888 0.390625 0.09965277777777778
2 0.6462673611111112 0.21927083333333333 0.017361111111111112 0.014930555555555556
0 0.5763888888888888 0.3116319444444444 0.0954861111111111 0.09965277777777778
2 0.6486545138888888 0.21840277777777778 0.016927083333333332 0.018055555555555554
3 0.5731336805555556 0.5729166666666666 0.4118923611111111 0.08194444444444444
8 0.6486545138888888 0.21840277777777778 0.016927083333333332 0.018055555555555554
