13 0.7712673611111112 0.33229166666666665 0.1362847222222222 0.21805555555555556
10 0.09244791666666667 0.8270833333333333 0.0859375 0.09861111111111111
13 0.7374131944444444 0.3767361111111111 0.05381944444444445 0.09513888888888888
3 0.5490451388888888 0.5928819444444444 0.6319444444444444 0.25798611111111114
3 0.5366753472222222 0.5581597222222222 0.5907118055555556 0.20798611111111112
10 0.09136284722222222 0.7940972222222222 0.05859375 0.08819444444444445
9 0.7621527777777778 0.24427083333333333 0.11979166666666667 0.140625
10 0.9225260416666666 0.6788194444444444 0.055989583333333336 0.09861111111111111
9 0.3917100694444444 0.2598958333333333 0.09418402777777778 0.10451388888888889
3 0.5355902777777778 0.58125 0.6006944444444444 0.14444444444444443
11 0.09244791666666667 0.8270833333333333 0.0859375 0.09861111111111111
7 0.4012586805555556 0.24253472222222222 0.1193576388888889 0.1295138888888889
11 0.7109375 0.16336805555555556 0.1310763888888889 0.05173611111111111
13 0.7315538194444444 0.36666666666666664 0.06901041666666667 0.10277777777777777
