8 0.2667100694444444 0.4088541666666667 0.030815972222222224 0.03090277777777778
6 0.8474392361111112 0.5598958333333334 0.09505208333333333 0.203125
8 0.2703993055555556 0.4125 0.024305555555555556 0.025
8 0.7228732638888888 0.33125 0.2209201388888889 0.24513888888888888
8 0.7109375 0.3314236111111111 0.2578125 0.24756944444444445
4 0.3806423611111111 0.2864583333333333 0.1189236111111111 0.0798611111111111
4 0.3687065972222222 0.26840277777777777 0.11675347222222222 0.12222222222222222
5 0.8404947916666666 0.5907986111111111 0.22005208333333334 0.23923611111111112
13 0.3576388888888889 0.2673611111111111 0.1032986111111111 0.11736111111111111
8 0.2688802083333333 0.41388888888888886 0.031684027777777776 0.027083333333333334
8 0.20833333333333334 0.6050347222222222 0.020833333333333332 0.019097222222222224
11 0.2810329861111111 0.26197916666666665 0.14192708333333334 0.12048611111111111
8 0.7115885416666666 0.3423611111111111 0.2599826388888889 0.22916666666666666
11 0.6490885416666666 0.2467013888888889 0.1618923611111111 0.12118055555555556
