9 0.45121951219512196 0.2995049504950495 0.10518292682926829 0.2376237623762376
9 0.3044969512195122 0.6776874115983027 0.22332317073170732 0.14816124469589817
7 0.3090701219512195 0.689002828854314 0.22942073170731708 0.15735502121640735
3 0.5567835365853658 0.6354314002828855 0.38109756097560976 0.11951909476661952
9 0.22923018292682926 0.6707920792079208 0.25114329268292684 0.1669024045261669
3 0.5621189024390244 0.6433875530410184 0.38871951219512196 0.14745403111739747
0 0.5828887195121951 0.3953323903818953 0.14672256097560976 0.15912305516265912
9 0.4378810975609756 0.30445544554455445 0.11128048780487805 0.260961810466761
9 0.44378810975609756 0.27351485148514854 0.07355182926829268 0.17291371994342292
9 0.3090701219512195 0.689002828854314 0.22942073170731708 0.15735502121640735
0 0.5661204268292683 0.4008132956152758 0.17416158536585366 0.163012729844413
0 0.580983231707317 0.38136492220650636 0.1169969512195122 0.13613861386138615
