13 0.37111686390532544 0.2959346991037132 0.15421597633136094 0.1879001280409731
0 0.6214866863905325 0.3261843790012804 0.1320266272189349 0.14148527528809218
9 0.3032544378698225 0.7162291933418694 0.3039940828402367 0.17445582586427658
13 0.30085059171597633 0.6541293213828425 0.03069526627218935 0.14820742637644047
13 0.38923816568047337 0.2482394366197183 0.15273668639053253 0.12451984635083227
11 0.0963387573964497 0.8265044814340589 0.0654585798816568 0.08194622279129321
11 0.10928254437869822 0.7991357234314981 0.03439349112426036 0.07778489116517286
10 0.0963387573964497 0.8265044814340589 0.0654585798816568 0.08194622279129321
11 0.3692677514792899 0.1810179257362356 0.22892011834319526 0.08290653008962869
11 0.3492973372781065 0.18085787451984636 0.2474112426035503 0.08194622279129321
13 0.4051405325443787 0.2704865556978233 0.10613905325443787 0.14980793854033292
13 0.2973372781065089 0.6539692701664532 0.036242603550295856 0.1299615877080666
0 0.6292529585798816 0.3300256081946223 0.1364644970414201 0.15749039692701663
0 0.6259245562130178 0.3221830985915493 0.1364644970414201 0.14116517285531371
11 0.34800295857988167 0.18229833546734955 0.22485207100591717 0.10147247119078105
11 0.6462647928994083 0.1939820742637644 0.09578402366863906 0.07234314980793854
