10 0.1732283464566929 0.6531575520833334 0.06692913385826772 0.06282552083333333
9 0.6881889763779527 0.5489908854166666 0.015748031496062992 0.0341796875
10 0.1639763779527559 0.6394856770833334 0.045275590551181105 0.09212239583333333
11 0.1639763779527559 0.6394856770833334 0.045275590551181105 0.09212239583333333
7 0.28523622047244096 0.5930989583333334 0.03582677165354331 0.029296875
8 0.7517716535433071 0.5867513020833334 0.044488188976377956 0.032877604166666664
7 0.7503937007874015 0.5870768229166666 0.049606299212598425 0.0361328125
8 0.281496062992126 0.5921223958333334 0.026771653543307086 0.033854166666666664
11 0.1732283464566929 0.6531575520833334 0.06692913385826772 0.06282552083333333
10 0.1736220472440945 0.6515299479166666 0.050393700787401574 0.049153645833333336
11 0.1736220472440945 0.6515299479166666 0.050393700787401574 0.049153645833333336
