3 0.5926785714285714 0.6206459784673845 0.37464285714285717 0.17606079797340088
11 0.8341071428571428 0.49984167194426854 0.08892857142857143 0.41070297656744775
7 0.7667857142857143 0.5647561747941735 0.12857142857142856 0.20930968967701077
10 0.2844642857142857 0.6692526915769474 0.2282142857142857 0.28530715642811905
10 0.22035714285714286 0.6173210892970235 0.16785714285714284 0.2644078530715643
5 0.32607142857142857 0.4629512349588347 0.21642857142857144 0.39392020265991134
10 0.8341071428571428 0.49984167194426854 0.08892857142857143 0.41070297656744775
10 0.19767857142857143 0.6170044331855605 0.11107142857142857 0.22957568081063964
7 0.7682142857142857 0.5533565547815072 0.10714285714285714 0.20424319189360354
5 0.7335714285714285 0.40421152628245727 0.17785714285714285 0.23717542748575046
10 0.7942857142857143 0.5397403419886003 0.12071428571428572 0.532298923369221
10 0.8082142857142857 0.6108296390120329 0.12714285714285714 0.25142495250158325
