7 0.2688802083333333 0.42465277777777777 0.2348090277777778 0.2881944444444444
7 0.3203125 0.17569444444444443 0.14583333333333334 0.05
8 0.7647569444444444 0.6532986111111111 0.04513888888888889 0.03576388888888889
13 0.2146267361111111 0.3876736111111111 0.12803819444444445 0.03229166666666667
7 0.2647569444444444 0.4439236111111111 0.2109375 0.24618055555555557
4 0.2914496527777778 0.47673611111111114 0.11414930555555555 0.16180555555555556
10 0.2504340277777778 0.5963541666666666 0.22135416666666666 0.14548611111111112
10 0.2760416666666667 0.6262152777777777 0.3012152777777778 0.1920138888888889
7 0.2979600694444444 0.44288194444444445 0.10633680555555555 0.22881944444444444
10 0.24131944444444445 0.6309027777777778 0.1762152777777778 0.10972222222222222
13 0.283203125 0.3376736111111111 0.12022569444444445 0.09270833333333334
4 0.2951388888888889 0.4262152777777778 0.11371527777777778 0.23020833333333332
