8 0.6896619496855346 0.3887965425531915 0.09551886792452831 0.08743351063829788
7 0.688875786163522 0.7681183510638298 0.1363993710691824 0.09940159574468085
7 0.7891116352201258 0.3447473404255319 0.06328616352201258 0.059175531914893616
7 0.6063286163522013 0.2378656914893617 0.1332547169811321 0.1299867021276596
8 0.7883254716981132 0.35023271276595747 0.07507861635220126 0.061502659574468085
7 0.6865172955974843 0.4007646276595745 0.0994496855345912 0.07014627659574468
8 0.789308176100629 0.34773936170212766 0.05817610062893082 0.06715425531914894
8 0.7004716981132075 0.7603058510638298 0.11320754716981132 0.09640957446808511
8 0.6865172955974843 0.4007646276595745 0.0994496855345912 0.07014627659574468
8 0.684748427672956 0.3941156914893617 0.11006289308176101 0.08543882978723404
7 0.6340408805031447 0.2466755319148936 0.1430817610062893 0.09507978723404255
8 0.7891116352201258 0.3447473404255319 0.06328616352201258 0.059175531914893616
