2 0.5487528344671202 0.3451385833699956 0.08253968253968254 0.06907171139463264
5 0.7217687074829932 0.4573251209854817 0.291609977324263 0.4764628244610647
7 0.5659863945578232 0.17223933128024638 0.09795918367346938 0.05939287285525737
2 0.5768707482993197 0.41750989881214257 0.050793650793650794 0.06423229212494501
2 0.5077097505668934 0.3317201935767708 0.20997732426303856 0.14078310602727673
5 0.7090702947845805 0.4590849098108227 0.4267573696145125 0.5274967003959525
0 0.5040816326530613 0.34315882094148703 0.2217687074829932 0.1513418389793225
11 0.5877551020408164 0.18411790585129784 0.23401360544217686 0.12450505939287286
0 0.5077097505668934 0.3317201935767708 0.20997732426303856 0.14078310602727673
9 0.7657596371882086 0.5096788385393752 0.16462585034013605 0.1095468543774747
5 0.31519274376417233 0.28596568411790585 0.14331065759637188 0.1847778266608007
13 0.7657596371882086 0.5096788385393752 0.16462585034013605 0.1095468543774747
5 0.18684807256235827 0.5413550373955125 0.18321995464852608 0.12186537615486141
9 0.4546485260770975 0.4909810822701276 0.3052154195011338 0.5129784425868896
0 0.4714285714285714 0.3413990321161461 0.3142857142857143 0.15310162780466344
5 0.236281179138322 0.4663440387153542 0.36099773242630384 0.6106467223933129
