8 0.27635327635327633 0.3442028985507246 0.2725546058879392 0.24680306905370844
10 0.1486229819563153 0.5445439045183291 0.15289648622981955 0.2340153452685422
11 0.3710826210826211 0.13277919863597612 0.204653371320038 0.06351236146632566
4 0.26400759734093066 0.3220375106564365 0.2127255460588794 0.24595055413469735
5 0.8231244064577398 0.4264705882352941 0.11158594491927826 0.10869565217391304
9 0.5030864197530864 0.2644927536231884 0.11348528015194682 0.27408354646206307
8 0.27849002849002846 0.3437766410912191 0.24074074074074073 0.2340153452685422
3 0.6011396011396012 0.6327791986359761 0.597340930674264 0.3124467178175618
10 0.17117758784425452 0.5581841432225064 0.17141500474833807 0.1999147485080989
10 0.14981006647673314 0.5897271952259164 0.2312440645773979 0.1999147485080989
5 0.3720322886989554 0.19416027280477408 0.21794871794871795 0.2553282182438193
10 0.8729819563152896 0.7474424552429667 0.09829059829059829 0.15217391304347827
5 0.7485754985754985 0.29560954816709295 0.2929724596391263 0.34057971014492755
