9 0.5189509954058193 0.3558070866141732 0.14663093415007658 0.338254593175853
9 0.49980857580398164 0.4284776902887139 0.1496937212863706 0.48884514435695536
11 0.28349923430321594 0.25098425196850394 0.11753445635528331 0.09120734908136482
11 0.7444486983154671 0.21325459317585302 0.14663093415007658 0.08727034120734908
11 0.6807044410413476 0.19143700787401574 0.13705972434915772 0.02066929133858268
13 0.33403522205206737 0.6023622047244095 0.08154670750382849 0.02952755905511811
3 0.5968606431852986 0.6587926509186351 0.444104134762634 0.12598425196850394
0 0.6230857580398163 0.36384514435695536 0.10068912710566616 0.12664041994750655
11 0.38533690658499237 0.21095800524934383 0.0945635528330781 0.011811023622047244
0 0.6052833078101072 0.36811023622047245 0.14548238897396631 0.13582677165354332
3 0.6024119448698315 0.6566601049868767 0.4284073506891271 0.12959317585301838
3 0.6006891271056661 0.6630577427821522 0.43568147013782543 0.12270341207349081
0 0.6207886676875957 0.37434383202099736 0.11753445635528331 0.1594488188976378
