13 0.17838541666666666 0.4234375 0.1189236111111111 0.030208333333333334
13 0.19813368055555555 0.41684027777777777 0.14973958333333334 0.06076388888888889
0 0.4811197916666667 0.31631944444444443 0.13932291666666666 0.14305555555555555
3 0.4813368055555556 0.575 0.3897569444444444 0.15416666666666667
3 0.4934895833333333 0.5644097222222222 0.3914930555555556 0.18715277777777778
0 0.4848090277777778 0.30451388888888886 0.1189236111111111 0.11458333333333333
0 0.4869791666666667 0.32274305555555555 0.13802083333333334 0.1295138888888889
3 0.4887152777777778 0.5864583333333333 0.3914930555555556 0.14583333333333334
7 0.19813368055555555 0.41684027777777777 0.14973958333333334 0.06076388888888889
13 0.17903645833333334 0.4157986111111111 0.12630208333333334 0.06215277777777778
