7 0.23567708333333334 0.5786458333333333 0.1527777777777778 0.034375
13 0.2328559027777778 0.5852430555555556 0.19053819444444445 0.04131944444444444
10 0.10828993055555555 0.5737847222222222 0.06727430555555555 0.16145833333333334
10 0.21592881944444445 0.6144097222222222 0.2990451388888889 0.2267361111111111
7 0.2328559027777778 0.5852430555555556 0.19053819444444445 0.04131944444444444
0 0.5494791666666666 0.36493055555555554 0.13802083333333334 0.10833333333333334
3 0.55859375 0.6137152777777778 0.4097222222222222 0.08506944444444445
10 0.22200520833333334 0.6072916666666667 0.2825520833333333 0.14027777777777778
0 0.560546875 0.36788194444444444 0.10980902777777778 0.10798611111111112
0 0.5525173611111112 0.3550347222222222 0.11631944444444445 0.08020833333333334
