9 0.05946180555555555 0.5220486111111111 0.1189236111111111 0.46145833333333336
9 0.3328993055555556 0.10381944444444445 0.1831597222222222 0.20555555555555555
9 0.2712673611111111 0.47899305555555555 0.3246527777777778 0.3079861111111111
9 0.6482204861111112 0.1154513888888889 0.2105034722222222 0.18993055555555555
9 0.4735243055555556 0.10989583333333333 0.5807291666666666 0.18229166666666666
7 0.2879774305555556 0.4592013888888889 0.3190104166666667 0.390625
9 0.05056423611111111 0.5140625 0.08637152777777778 0.4017361111111111
9 0.4967447916666667 0.12986111111111112 0.7018229166666666 0.21736111111111112
12 0.2766927083333333 0.44722222222222224 0.3146701388888889 0.46111111111111114
9 0.06922743055555555 0.4921875 0.12890625 0.509375
9 0.2669270833333333 0.4357638888888889 0.24913194444444445 0.34652777777777777
