13 2267.5 1068.5 281.0 273.0
7 1412.5 832.0 161.0 328.0
8 1181.0 1369.5 362.0 291.0
7 1325.0 1071.0 224.0 284.0
8 1938.5 1158.0 267.0 302.0
13 692.0 1943.0 136.0 256.0
0 1731.5 905.0 365.0 310.0
9 1325.0 1071.0 224.0 284.0
13 2297.0 1063.0 180.0 248.0
9 1412.5 832.0 161.0 328.0
13 950.0 1179.0 376.0 422.0
13 923.5 1083.5 325.0 235.0
0 1754.5 903.0 317.0 372.0
9 1270.5 1139.0 221.0 216.0
7 1289.0 1133.5 144.0 245.0
8 1140.0 1370.0 348.0 286.0
9 1938.5 1158.0 267.0 302.0
8 1156.5 1360.5 285.0 281.0
7 692.0 1943.0 136.0 256.0
13 2194.5 1050.0 381.0 332.0
13 921.5 742.5 97.0 135.0
8 1270.5 1139.0 221.0 216.0
7 698.5 1802.5 225.0 513.0
4 1140.0 1370.0 348.0 286.0
8 1289.0 1133.5 144.0 245.0
