7 0.8052543786488741 0.39606164383561643 0.14595496246872394 0.24280821917808218
8 0.29670558798999164 0.38373287671232875 0.2664720600500417 0.34554794520547943
10 0.20100083402835697 0.4309931506849315 0.23019182652210174 0.35856164383561645
7 0.29670558798999164 0.38373287671232875 0.2664720600500417 0.34554794520547943
7 0.2800250208507089 0.4047945205479452 0.23144286905754796 0.2952054794520548
4 0.3367389491242702 0.3138698630136986 0.12885738115095913 0.10787671232876712
7 0.7278982485404504 0.4196917808219178 0.31984987489574646 0.3113013698630137
7 0.7222685571309424 0.35753424657534244 0.3102585487906589 0.38424657534246576
4 0.7278982485404504 0.4196917808219178 0.31984987489574646 0.3113013698630137
8 0.7278982485404504 0.4196917808219178 0.31984987489574646 0.3113013698630137
4 0.3029608006672227 0.45924657534246577 0.2189324437030859 0.15616438356164383
8 0.6653461217681401 0.3381849315068493 0.11551292743953294 0.12431506849315069
10 0.24124270225187655 0.4849315068493151 0.29065888240200166 0.3678082191780822
10 0.2800250208507089 0.4465753424657534 0.341534612176814 0.4575342465753425
4 0.658465387823186 0.3421232876712329 0.13511259382819016 0.11917808219178082
7 0.304837364470392 0.3636986301369863 0.2727272727272727 0.40273972602739727
4 0.29670558798999164 0.38373287671232875 0.2664720600500417 0.34554794520547943
