7 0.37943262411347517 0.265625 0.13407632556568727 0.188125
7 0.605369807497467 0.38859375 0.1320499831138129 0.2009375
13 0.2988855116514691 0.29953125 0.22019587977034785 0.1784375
13 0.2786220871327254 0.284375 0.19790611279972983 0.210625
8 0.6170212765957447 0.3875 0.12293144208037825 0.17125
7 0.6242823370482945 0.378125 0.1651469098277609 0.213125
8 0.6242823370482945 0.378125 0.1651469098277609 0.213125
10 0.13053022627490712 0.83140625 0.0800405268490375 0.0815625
9 0.24417426545086118 0.33703125 0.1182033096926714 0.1184375
0 0.5616345829111786 0.37 0.07970280310705842 0.116875
7 0.39750084430935495 0.63609375 0.10739614994934144 0.2384375
4 0.6242823370482945 0.378125 0.1651469098277609 0.213125
5 0.7671394799054374 0.4165625 0.1867612293144208 0.14625
13 0.7723741979061128 0.29328125 0.04593042890915231 0.0421875
11 0.13053022627490712 0.83140625 0.0800405268490375 0.0815625
