9 0.5837673611111112 0.5690972222222223 0.1310763888888889 0.12569444444444444
9 0.8209635416666666 0.4170138888888889 0.07421875 0.17291666666666666
9 0.6807725694444444 0.3717013888888889 0.2912326388888889 0.215625
0 0.5197482638888888 0.3411458333333333 0.12022569444444445 0.08020833333333334
9 0.8237847222222222 0.4362847222222222 0.0642361111111111 0.159375
13 0.6282552083333334 0.2902777777777778 0.1636284722222222 0.06805555555555555
9 0.6931423611111112 0.39826388888888886 0.2769097222222222 0.21041666666666667
12 0.6458333333333334 0.2803819444444444 0.2925347222222222 0.2204861111111111
0 0.5262586805555556 0.36302083333333335 0.10026041666666667 0.11215277777777778
7 0.6019965277777778 0.5626736111111111 0.0998263888888889 0.121875
12 0.6467013888888888 0.27621527777777777 0.2630208333333333 0.20173611111111112
