13 0.7183159722222222 0.23993055555555556 0.1345486111111111 0.16597222222222222
13 0.41015625 0.2032986111111111 0.1449652777777778 0.09409722222222222
11 0.2165798611111111 0.6274305555555556 0.043402777777777776 0.06388888888888888
11 0.6842447916666666 0.1282986111111111 0.1332465277777778 0.023958333333333335
11 0.8309461805555556 0.5864583333333333 0.062065972222222224 0.035416666666666666
6 0.7309027777777778 0.22552083333333334 0.2013888888888889 0.1892361111111111
6 0.41015625 0.2032986111111111 0.1449652777777778 0.09409722222222222
3 0.6015625 0.49236111111111114 0.4114583333333333 0.18958333333333333
3 0.5998263888888888 0.4982638888888889 0.4314236111111111 0.12222222222222222
6 0.396484375 0.21336805555555555 0.2052951388888889 0.153125
6 0.4244791666666667 0.20190972222222223 0.1519097222222222 0.13020833333333334
11 0.6870659722222222 0.12430555555555556 0.1293402777777778 0.027777777777777776
3 0.5991753472222222 0.5321180555555556 0.41796875 0.10798611111111112
10 0.8309461805555556 0.5864583333333333 0.062065972222222224 0.035416666666666666
13 0.7309027777777778 0.22552083333333334 0.2013888888888889 0.1892361111111111
0 0.6208767361111112 0.24618055555555557 0.10980902777777778 0.12083333333333333
6 0.7163628472222222 0.22621527777777778 0.1870659722222222 0.19131944444444443
13 0.4244791666666667 0.20190972222222223 0.1519097222222222 0.13020833333333334
