11 0.31137184115523464 0.11331070889894419 0.2157039711191336 0.0614630467571644
3 0.5638537906137184 0.6184012066365008 0.4481046931407942 0.1832579185520362
0 0.5521209386281588 0.2948717948717949 0.14124548736462095 0.11764705882352941
0 0.5489620938628159 0.29638009049773756 0.14124548736462095 0.1282051282051282
9 0.44675090252707583 0.40855957767722473 0.20397111913357402 0.6957013574660633
3 0.5539259927797834 0.6521493212669683 0.440884476534296 0.1738310708898944
11 0.6225180505415162 0.11802413273001508 0.11236462093862816 0.024132730015082957
5 0.17915162454873645 0.48171191553544496 0.30234657039711194 0.42194570135746606
0 0.5503158844765343 0.28902714932126694 0.13492779783393502 0.10897435897435898
5 0.7145758122743683 0.5060331825037707 0.226985559566787 0.3778280542986425
3 0.5555054151624549 0.6359351432880844 0.4575812274368231 0.15120663650075414
