11 1589.0 739.0 278.0 652.0
2 577.0 695.0 106.0 124.0
8 1133.5 553.5 87.0 89.0
9 1530.0 561.5 176.0 251.0
8 594.5 693.0 109.0 112.0
2 348.5 1114.0 129.0 116.0
8 1202.0 543.5 34.0 27.0
3 1204.5 1275.0 943.0 330.0
8 373.5 788.5 57.0 81.0
13 1530.0 561.5 176.0 251.0
2 1589.0 749.0 248.0 628.0
8 350.5 1120.5 139.0 155.0
8 1170.0 468.5 54.0 63.0
7 361.0 1124.0 130.0 132.0
8 368.0 785.0 90.0 72.0
3 1196.0 1242.5 938.0 325.0
7 1618.0 922.5 182.0 199.0
0 1102.0 610.5 212.0 243.0
3 1189.0 1313.0 942.0 400.0
2 352.0 802.0 120.0 128.0
8 1143.0 627.5 36.0 37.0
0 1096.0 599.0 218.0 242.0
