8 0.36194302410518625 0.42580340264650285 0.02191380569758948 0.017328292375551356
9 0.7571219868517166 0.43210459987397604 0.2089116143170197 0.1452425960932577
8 0.2741051862673484 0.3744486452425961 0.0295836376917458 0.031821045998739764
11 0.3993791088385683 0.18052930056710775 0.12892622352081812 0.03339634530560807
8 0.7713659605551497 0.3837429111531191 0.03287070854638422 0.03087586641461878
8 0.2907231555880205 0.36137366099558915 0.015339663988312637 0.010712035286704474
8 0.7556610664718773 0.4308443604284814 0.03506208911614317 0.027410207939508508
8 0.21110299488677867 0.5705734089477 0.018261504747991233 0.017643352236925015
13 0.7571219868517166 0.43210459987397604 0.2089116143170197 0.1452425960932577
8 0.8075237399561724 0.49306868304977947 0.026296566837107377 0.023944549464398234
3 0.5942293644996348 0.6617832388153749 0.46676406135865595 0.15595463137996218
8 0.2412344777209642 0.3983931947069943 0.023009495982468955 0.01606805293005671
13 0.7321037253469685 0.43950850661625707 0.147918188458729 0.1342155009451796
13 0.7518261504747992 0.4566792690611216 0.275018261504748 0.20132325141776938
0 0.5818115412710008 0.3201008191556396 0.1344046749452155 0.10964083175803403
13 0.32286340394448504 0.3790170132325142 0.20014609203798392 0.11909262759924386
8 0.34715120525931337 0.39902331442974165 0.0295836376917458 0.023629489603024575
8 0.3710737764791819 0.3851606805293006 0.02191380569758948 0.016698172652804034
8 0.34075967859751644 0.34782608695652173 0.01241782322863404 0.011342155009451797
9 0.32286340394448504 0.3790170132325142 0.20014609203798392 0.11909262759924386
3 0.5947772096420745 0.6731253938248267 0.4737034331628926 0.1219281663516068
8 0.2675310445580716 0.5949905482041588 0.01643535427319211 0.016698172652804034
8 0.31574141709276843 0.5034656584751103 0.015704894083272462 0.013862633900441084
6 0.32742878013148285 0.3816950220541903 0.1778670562454346 0.1389413988657845
8 0.7899926953981008 0.4436042848141147 0.03725346968590212 0.027725267800882167
3 0.5913075237399562 0.6643037177063642 0.4850255661066472 0.1565847511027095
8 0.20343316289262237 0.643037177063642 0.01095690284879474 0.008191556395715185
6 0.7518261504747992 0.4566792690611216 0.275018261504748 0.20132325141776938
9 0.2483564645726808 0.5959357277882797 0.1862673484295106 0.20132325141776938
8 0.26424397370343317 0.5382797731568998 0.014974433893352812 0.011657214870825458
8 0.264609203798393 0.38311279143037175 0.015704894083272462 0.018273471959672338
7 0.22132943754565376 0.6135790800252048 0.16216216216216217 0.17107750472589792
0 0.5754200146092038 0.33128544423440454 0.13988312636961286 0.12381852551984877
8 0.32158509861212564 0.42674858223062384 0.014974433893352812 0.013547574039067423
6 0.22132943754565376 0.6135790800252048 0.16216216216216217 0.17107750472589792
7 0.2483564645726808 0.5959357277882797 0.1862673484295106 0.20132325141776938
13 0.32742878013148285 0.3816950220541903 0.1778670562454346 0.1389413988657845
8 0.18699780861943024 0.6479206049149339 0.015339663988312637 0.014177693761814745
11 0.629291453615778 0.184940138626339 0.09349890430971512 0.04221802142407057
8 0.7344777209642075 0.4810964083175803 0.016800584368151936 0.01638311279143037
0 0.5847333820306794 0.3390044108380592 0.12929145361577793 0.1348456206679269
8 0.32322863403944485 0.4152488972904852 0.015339663988312637 0.011972274732199117
