8 914.0 1480.0 60.0 60.0
8 781.0 1931.0 106.0 102.0
8 618.0 1703.0 102.0 114.0
5 727.5 1425.0 639.0 964.0
7 727.5 1425.0 639.0 964.0
8 840.0 1551.0 54.0 58.0
8 632.0 1244.5 60.0 53.0
8 2176.5 1584.5 95.0 95.0
0 1446.0 1145.0 544.0 414.0
8 1076.5 1303.0 63.0 68.0
11 258.0 2218.0 186.0 270.0
8 918.0 1978.0 82.0 76.0
8 706.0 1460.0 668.0 984.0
8 1795.5 2058.0 143.0 108.0
11 307.0 2017.0 130.0 248.0
8 461.0 1534.5 132.0 171.0
8 2226.5 1236.0 81.0 68.0
7 2209.5 1531.0 489.0 846.0
5 2209.5 1531.0 489.0 846.0
8 545.0 1180.5 62.0 79.0
10 258.0 2218.0 186.0 270.0
8 2222.0 1385.0 540.0 690.0
10 307.0 2017.0 130.0 248.0
8 710.5 1859.5 83.0 93.0
8 565.5 2011.5 97.0 81.0
8 523.5 1795.5 91.0 105.0
10 348.5 2083.0 277.0 394.0
7 448.0 2037.5 358.0 231.0
4 442.5 2047.0 363.0 306.0
8 734.5 1692.0 101.0 92.0
8 631.5 1493.5 67.0 67.0
8 727.5 1425.0 639.0 964.0
8 2003.0 2120.5 98.0 101.0
8 2394.0 1562.0 100.0 98.0
7 442.5 2047.0 363.0 306.0
