13 0.8435980551053485 0.5540184453227931 0.06239870340356564 0.026350461133069828
8 0.8614262560777958 0.5500658761528326 0.012155591572123177 0.014492753623188406
13 0.22244732576985413 0.47677865612648224 0.0940032414910859 0.02865612648221344
11 0.13897893030794164 0.8170289855072463 0.1426256077795786 0.07213438735177866
9 0.8340761750405187 0.5527009222661396 0.04659643435980551 0.028985507246376812
2 0.13776337115072934 0.7608695652173914 0.029173419773095625 0.08234519104084322
11 0.12682333873581847 0.7648221343873518 0.04213938411669368 0.07246376811594203
11 0.11000810372771475 0.8390974967061924 0.07252836304700162 0.05764163372859025
2 0.12682333873581847 0.7648221343873518 0.04213938411669368 0.07246376811594203
11 0.16815235008103727 0.747364953886693 0.13209076175040518 0.10737812911725955
10 0.13897893030794164 0.8170289855072463 0.1426256077795786 0.07213438735177866
9 0.6146677471636953 0.4731554677206851 0.05753646677471637 0.08201581027667984
13 0.21272285251215559 0.47282608695652173 0.08995137763371151 0.04183135704874835
11 0.11243922204213938 0.8425559947299077 0.06766612641815235 0.06653491436100131
0 0.5640194489465153 0.3563899868247694 0.1094003241491086 0.0836627140974967
13 0.20907617504051865 0.47579051383399207 0.1085899513776337 0.03919631093544137
8 0.24331442463533226 0.5914031620553359 0.027147487844408427 0.02206851119894598
10 0.11243922204213938 0.8425559947299077 0.06766612641815235 0.06653491436100131
11 0.20907617504051865 0.47579051383399207 0.1085899513776337 0.03919631093544137
8 0.8340761750405187 0.5527009222661396 0.04659643435980551 0.028985507246376812
11 0.7390599675850892 0.18988801054018445 0.06158833063209076 0.045783926218708824
