13 0.18739635157545606 0.24072919912745402 0.08872305140961857 0.061389841071985043
10 0.09888059701492537 0.8831411654721097 0.06674958540630183 0.05796198192583359
11 0.09888059701492537 0.8831411654721097 0.06674958540630183 0.05796198192583359
10 0.9069237147595357 0.8533811156123403 0.045190713101160865 0.05578061701464631
11 0.09701492537313433 0.885010906824556 0.0439469320066335 0.0679339358055469
11 0.9069237147595357 0.8533811156123403 0.045190713101160865 0.05578061701464631
8 0.19485903814262023 0.23995014023060143 0.08208955223880597 0.06170146463072608
13 0.19485903814262023 0.23995014023060143 0.08208955223880597 0.06170146463072608
10 0.09701492537313433 0.885010906824556 0.0439469320066335 0.0679339358055469
13 0.18801824212271973 0.24446868183234652 0.06509121061359867 0.05578061701464631
