3 0.4934895833333333 0.6734375 0.4322916666666667 0.12743055555555555
4 0.2690972222222222 0.5614583333333333 0.09027777777777778 0.11944444444444445
8 0.2690972222222222 0.5614583333333333 0.09027777777777778 0.11944444444444445
13 0.18663194444444445 0.5607638888888888 0.14756944444444445 0.09375
0 0.4756944444444444 0.37864583333333335 0.09635416666666667 0.08923611111111111
13 0.1779513888888889 0.4909722222222222 0.1388888888888889 0.06388888888888888
7 0.22960069444444445 0.54375 0.171875 0.14027777777777778
11 0.2222222222222222 0.26319444444444445 0.13020833333333334 0.07847222222222222
13 0.19813368055555555 0.5605902777777778 0.1775173611111111 0.10868055555555556
7 0.177734375 0.5586805555555555 0.22786458333333334 0.19722222222222222
