2 0.7013888888888888 0.32534722222222223 0.036458333333333336 0.021527777777777778
2 0.7484809027777778 0.38663194444444443 0.046440972222222224 0.028125
2 0.705078125 0.3248263888888889 0.037760416666666664 0.024652777777777777
2 0.7732204861111112 0.3446180555555556 0.04123263888888889 0.026041666666666668
2 0.7406684027777778 0.3333333333333333 0.031684027777777776 0.0125
9 0.7890625 0.6380208333333334 0.09114583333333333 0.06145833333333333
1 0.7374131944444444 0.4232638888888889 0.07291666666666667 0.08194444444444444
2 0.7732204861111112 0.3440972222222222 0.029079861111111112 0.02013888888888889
2 0.62890625 0.2902777777777778 0.026909722222222224 0.025
2 0.7065972222222222 0.375 0.19444444444444445 0.2048611111111111
2 0.7269965277777778 0.4440972222222222 0.0720486111111111 0.05486111111111111
2 0.7569444444444444 0.2982638888888889 0.022569444444444444 0.017361111111111112
9 0.3519965277777778 0.5949652777777777 0.1484375 0.02673611111111111
