3 0.6452879581151832 0.6828298887122417 0.6151832460732984 0.32829888712241656
5 0.24476439790575916 0.481120826709062 0.38219895287958117 0.6005564387917329
3 0.6448516579406631 0.6832273449920508 0.6195462478184991 0.3521462639109698
5 0.8102094240837696 0.5461049284578696 0.29581151832460734 0.6828298887122417
9 0.7491273996509599 0.6405007949125596 0.4799301919720768 0.4884737678855326
5 0.2567626527050611 0.47953100158982515 0.41404886561954624 0.584658187599364
3 0.6411431064572426 0.684220985691574 0.6269633507853403 0.3120031796502385
3 0.7630890052356021 0.40282193958664547 0.13525305410122165 0.20548489666136724
9 0.7445462478184991 0.6593799682034976 0.49345549738219896 0.5
5 0.7958115183246073 0.5470985691573926 0.3525305410122164 0.6935612082670907
