0 0.5637659414853713 0.3102964118564743 0.11627906976744186 0.1126365054602184
13 0.7490622655663915 0.42917316692667706 0.12153038259564891 0.21622464898595944
11 0.8934733683420856 0.8165366614664586 0.0690172543135784 0.10795631825273011
11 0.8824081020255063 0.7939157566302653 0.0603900975243811 0.04898595943837754
10 0.8824081020255063 0.7939157566302653 0.0603900975243811 0.04898595943837754
13 0.2644411102775694 0.21076443057722308 0.1275318829707427 0.0814352574102964
11 0.8925356339084771 0.7945397815912637 0.06339084771192798 0.05959438377535101
13 0.7560015003750937 0.4185647425897036 0.13240810202550637 0.1918876755070203
13 0.7394973743435859 0.40546021840873636 0.10465116279069768 0.13260530421216848
10 0.8925356339084771 0.7945397815912637 0.06339084771192798 0.05959438377535101
7 0.2644411102775694 0.21076443057722308 0.1275318829707427 0.0814352574102964
8 0.23424606151537886 0.7149765990639626 0.07614403600900226 0.043993759750390014
