10 0.923583984375 0.6952 0.06298828125 0.1136
11 0.21533203125 0.2592 0.1669921875 0.1016
10 0.924072265625 0.7124 0.08154296875 0.0984
11 0.228271484375 0.2384 0.16845703125 0.1008
13 0.840576171875 0.672 0.13427734375 0.06
11 0.76025390625 0.2166 0.1171875 0.07
11 0.219482421875 0.2446 0.16259765625 0.1132
11 0.758544921875 0.2216 0.11572265625 0.0656
11 0.923583984375 0.6952 0.06298828125 0.1136
7 0.923583984375 0.6952 0.06298828125 0.1136
11 0.924072265625 0.7124 0.08154296875 0.0984
11 0.924072265625 0.6892 0.08642578125 0.116
