13 0.8563134978229318 0.6639986376021798 0.137155297532656 0.0473433242506812
13 0.24981857764876633 0.4274523160762943 0.13243831640058054 0.05040871934604905
13 0.8548621190130624 0.6595708446866485 0.12481857764876633 0.04393732970027248
13 0.24020319303338172 0.36699591280653954 0.16545718432510886 0.0800408719346049
13 0.23439767779390422 0.6481607629427792 0.03991291727140784 0.0994550408719346
13 0.8535921625544267 0.6619550408719346 0.1237300435413643 0.04189373297002725
5 0.271589259796807 0.4819482288828338 0.2637880986937591 0.37942779291553136
11 0.32601596516690856 0.1013283378746594 0.1346153846153846 0.04257493188010899
0 0.5460812772133526 0.27997275204359673 0.1313497822931785 0.13487738419618528
11 0.6329825834542816 0.07867847411444141 0.09107402031930334 0.021798365122615803
13 0.23984034833091436 0.39458446866485014 0.1690856313497823 0.13181198910081743
13 0.271589259796807 0.4819482288828338 0.2637880986937591 0.37942779291553136
0 0.5402757619738752 0.2680517711171662 0.1320754716981132 0.12534059945504086
