0 0.6402994791666666 0.3878580729166667 0.08723958333333333 0.1025390625
11 0.6756184895833334 0.18798828125 0.07454427083333333 0.0146484375
3 0.6398111979166666 0.6085611979166666 0.3336588541666667 0.1259765625
11 0.8673502604166666 0.6632486979166666 0.06868489583333333 0.09993489583333333
11 0.45947265625 0.19026692708333334 0.06673177083333333 0.012044270833333334
7 0.8089192708333334 0.3123372395833333 0.06640625 0.0908203125
8 0.8095703125 0.31103515625 0.06901041666666667 0.08626302083333333
8 0.8089192708333334 0.3123372395833333 0.06640625 0.0908203125
0 0.6339518229166666 0.38232421875 0.10188802083333333 0.0908203125
10 0.8673502604166666 0.6632486979166666 0.06868489583333333 0.09993489583333333
13 0.4430338541666667 0.5465494791666666 0.018880208333333332 0.07942708333333333
13 0.8499348958333334 0.6529947916666666 0.06966145833333333 0.03125
0 0.63427734375 0.3953450520833333 0.1025390625 0.12467447916666667
7 0.81005859375 0.3134765625 0.07584635416666667 0.08854166666666667
