13 0.7139328063241107 0.24044585987261147 0.07312252964426877 0.07882165605095541
11 0.1924407114624506 0.6253980891719745 0.1091897233201581 0.24203821656050956
11 0.06694664031620554 0.8395700636942676 0.04693675889328063 0.07484076433121019
13 0.2025691699604743 0.6042993630573248 0.1976284584980237 0.2627388535031847
7 0.19515810276679843 0.6327627388535032 0.15810276679841898 0.21855095541401273
11 0.24851778656126483 0.24164012738853502 0.09980237154150198 0.0660828025477707
0 0.595108695652174 0.39331210191082805 0.12697628458498023 0.1265923566878981
7 0.2025691699604743 0.6042993630573248 0.1976284584980237 0.2627388535031847
10 0.06694664031620554 0.8395700636942676 0.04693675889328063 0.07484076433121019
11 0.7299901185770751 0.1845143312101911 0.06867588932806325 0.030652866242038217
0 0.5847332015810277 0.415406050955414 0.1368577075098814 0.1731687898089172
13 0.6892292490118577 0.23945063694267515 0.1067193675889328 0.12221337579617834
