7 0.2760223048327137 0.5507535460992907 0.12453531598513011 0.09707446808510638
7 0.4186802973977695 0.4778368794326241 0.12546468401486988 0.2907801418439716
11 0.4144981412639405 0.21963652482269502 0.08550185873605948 0.03856382978723404
8 0.30715613382899626 0.5396719858156028 0.06133828996282528 0.06427304964539007
0 0.6198884758364313 0.36347517730496454 0.11152416356877323 0.12322695035460993
3 0.5613382899628253 0.586436170212766 0.39312267657992567 0.15868794326241134
11 0.6324349442379182 0.2300531914893617 0.08550185873605948 0.03634751773049645
9 0.254182156133829 0.6409574468085106 0.13197026022304834 0.07624113475177305
3 0.5622676579925651 0.5966312056737588 0.3819702602230483 0.13652482269503546
0 0.6198884758364313 0.37300531914893614 0.12267657992565056 0.12810283687943264
0 0.6022304832713755 0.3690159574468085 0.13940520446096655 0.12721631205673758
