6 0.7458661417322835 0.3854166666666667 0.37598425196850394 0.525390625
6 0.2651574803149606 0.3621419270833333 0.29645669291338583 0.5582682291666666
5 0.2651574803149606 0.3621419270833333 0.29645669291338583 0.5582682291666666
0 0.5561023622047244 0.2535807291666667 0.12007874015748031 0.14518229166666666
5 0.7625984251968504 0.3785807291666667 0.3637795275590551 0.58203125
6 0.7202755905511811 0.3605143229166667 0.38779527559055116 0.5341796875
5 0.24429133858267715 0.3650716145833333 0.3059055118110236 0.5660807291666666
5 0.7202755905511811 0.3605143229166667 0.38779527559055116 0.5341796875
0 0.5598425196850394 0.24137369791666666 0.10866141732283464 0.09798177083333333
0 0.552755905511811 0.2532552083333333 0.11181102362204724 0.134765625
5 0.23622047244094488 0.3743489583333333 0.2984251968503937 0.5846354166666666
6 0.24429133858267715 0.3650716145833333 0.3059055118110236 0.5660807291666666
5 0.7458661417322835 0.3854166666666667 0.37598425196850394 0.525390625
