10 0.10974702380952381 0.9012681159420289 0.0818452380952381 0.07880434782608696
11 0.09598214285714286 0.8967391304347826 0.028273809523809524 0.08333333333333333
0 0.45275297619047616 0.3763586956521739 0.11458333333333333 0.1693840579710145
10 0.09598214285714286 0.8967391304347826 0.028273809523809524 0.08333333333333333
11 0.2689732142857143 0.18953804347826086 0.07217261904761904 0.058423913043478264
3 0.4341517857142857 0.7597373188405797 0.46130952380952384 0.23324275362318841
7 0.5485491071428571 0.2667572463768116 0.23325892857142858 0.21739130434782608
3 0.4361979166666667 0.7219202898550725 0.46242559523809523 0.2545289855072464
11 0.7366071428571429 0.9599184782608695 0.01711309523809524 0.051177536231884056
10 0.7366071428571429 0.9599184782608695 0.01711309523809524 0.051177536231884056
11 0.5485491071428571 0.2667572463768116 0.23325892857142858 0.21739130434782608
13 0.13783482142857142 0.8109148550724637 0.035342261904761904 0.07291666666666667
13 0.171875 0.5957880434782609 0.14136904761904762 0.1118659420289855
10 0.10453869047619048 0.8974184782608695 0.06696428571428571 0.1118659420289855
3 0.43601190476190477 0.7479619565217391 0.4694940476190476 0.23052536231884058
11 0.10453869047619048 0.8974184782608695 0.06696428571428571 0.1118659420289855
13 0.17485119047619047 0.5745018115942029 0.14508928571428573 0.17346014492753623
