11 0.111572265625 0.6944 0.02978515625 0.0648
11 0.279296875 0.133 0.0791015625 0.0324
13 0.230224609375 0.2398 0.17919921875 0.1212
13 0.23388671875 0.2994 0.12890625 0.1044
10 0.111572265625 0.6944 0.02978515625 0.0648
11 0.113037109375 0.687 0.04638671875 0.0452
11 0.281982421875 0.1334 0.07666015625 0.0396
6 0.230224609375 0.2398 0.17919921875 0.1212
11 0.630859375 0.1298 0.1337890625 0.0228
10 0.113037109375 0.687 0.04638671875 0.0452
13 0.2451171875 0.2926 0.140625 0.1468
11 0.338623046875 0.133 0.16162109375 0.0292
