13 0.8098313598851812 0.41632860040567954 0.10405453893074991 0.03211629479377958
11 0.362935055615357 0.18373901284651792 0.11230714029422317 0.03617308992562542
11 0.7043415859346968 0.1832319134550372 0.11410118406889128 0.04192021636240703
13 0.8423035522066739 0.42478025693035837 0.06996770721205597 0.0145368492224476
13 0.7678507355579476 0.32302231237322515 0.2095443128812343 0.24577417173766059
11 0.7335844994617868 0.2898918187964841 0.13885898815931108 0.12677484787018256
0 0.6033369214208827 0.35361730899256255 0.1216361679224973 0.11359026369168357
2 0.78345891639756 0.4126098715348208 0.04772156440617151 0.06592292089249494
2 0.7335844994617868 0.2898918187964841 0.13885898815931108 0.12677484787018256
2 0.7359167563688555 0.281947261663286 0.10979547900968784 0.1440162271805274
