13 0.2844488188976378 0.4791666666666667 0.1515748031496063 0.055989583333333336
0 0.5746062992125984 0.3185221354166667 0.15393700787401574 0.10319010416666667
13 0.2875984251968504 0.4825846354166667 0.18858267716535432 0.0654296875
3 0.5899606299212599 0.4947916666666667 0.4263779527559055 0.10611979166666667
3 0.5864173228346456 0.5016276041666666 0.3964566929133858 0.09049479166666667
13 0.25216535433070864 0.498046875 0.11929133858267717 0.051432291666666664
3 0.5801181102362205 0.4923502604166667 0.38070866141732285 0.10123697916666667
11 0.31082677165354333 0.20865885416666666 0.09566929133858268 0.01953125
11 0.3395669291338583 0.20621744791666666 0.16338582677165353 0.025065104166666668
0 0.5791338582677166 0.326171875 0.17086614173228346 0.13802083333333334
11 0.6740157480314961 0.20166015625 0.12755905511811025 0.027669270833333332
0 0.5850393700787402 0.3330078125 0.15511811023622046 0.111328125
