7 0.33880147304988284 0.14620811287477953 0.12855708068295948 0.14215167548500882
11 0.6459658520254435 0.09400352733686067 0.20053565450284566 0.057495590828924165
11 0.3290927351858052 0.11075837742504409 0.19953130231001004 0.06772486772486773
11 0.667894208235688 0.11128747795414462 0.2182792099096083 0.07231040564373897
13 0.33880147304988284 0.14620811287477953 0.12855708068295948 0.14215167548500882
7 0.6262135922330098 0.1541446208112875 0.15232674924673587 0.18130511463844798
13 0.6262135922330098 0.1541446208112875 0.15232674924673587 0.18130511463844798
13 0.6421158352862404 0.18112874779541446 0.07164378975560763 0.18095238095238095
13 0.6319049213257449 0.19523809523809524 0.14429193170405089 0.1781305114638448
11 0.3361232005356545 0.10141093474426807 0.1941747572815534 0.06243386243386243
13 0.3513558754603281 0.18835978835978837 0.08737864077669903 0.1544973544973545
13 0.34265148978908605 0.21075837742504408 0.1750920656176766 0.1654320987654321
