10 0.2820376286829961 0.5598319327731093 0.33830315938942135 0.19798319327731093
13 0.22896698615548455 0.4946218487394958 0.1235356762513312 0.054789915966386556
6 0.24369897053603123 0.47025210084033614 0.1792687255946042 0.18890756302521008
7 0.23624423145189918 0.4831932773109244 0.17429889953851616 0.13277310924369748
11 0.8833865814696485 0.6838655462184874 0.06851260205892794 0.08773109243697479
13 0.24369897053603123 0.47025210084033614 0.1792687255946042 0.18890756302521008
0 0.5875044373446929 0.2714285714285714 0.11004614838480653 0.10991596638655463
10 0.1822861199858005 0.5499159663865546 0.10969116080937168 0.14789915966386555
6 0.24334398296059637 0.47714285714285715 0.18068867589634363 0.10252100840336134
10 0.8833865814696485 0.6838655462184874 0.06851260205892794 0.08773109243697479
0 0.5827121050763223 0.2783193277310924 0.11679091231806887 0.10352941176470588
7 0.24369897053603123 0.47025210084033614 0.1792687255946042 0.18890756302521008
13 0.24334398296059637 0.47714285714285715 0.18068867589634363 0.10252100840336134
10 0.2387291444799432 0.5324369747899159 0.21760738374156904 0.17882352941176471
