13 0.7898763020833334 0.427734375 0.0673828125 0.018880208333333332
13 0.7945963541666666 0.4251302083333333 0.053385416666666664 0.009765625
0 0.59619140625 0.3916015625 0.09733072916666667 0.13020833333333334
0 0.5955403645833334 0.3828125 0.08430989583333333 0.095703125
3 0.5939127604166666 0.6359049479166666 0.3759765625 0.11555989583333333
8 0.734375 0.4456380208333333 0.0546875 0.046223958333333336
0 0.5921223958333334 0.3777669270833333 0.09375 0.10188802083333333
11 0.4293619791666667 0.22574869791666666 0.103515625 0.0146484375
13 0.7906901041666666 0.4267578125 0.048828125 0.01171875
8 0.73828125 0.4466145833333333 0.043619791666666664 0.038411458333333336
8 0.73291015625 0.4449869791666667 0.058268229166666664 0.040364583333333336
11 0.7294921875 0.2508138020833333 0.0546875 0.0400390625
