10 0.7751641137855579 0.5932486631016043 0.20678336980306344 0.25467914438502676
11 0.7425237053245806 0.16209893048128343 0.08825674690007294 0.058823529411764705
10 0.09226841721371262 0.6793114973262032 0.028446389496717725 0.04578877005347594
6 0.2839168490153173 0.4234625668449198 0.25346462436177974 0.4017379679144385
7 0.7673231218088986 0.5359291443850267 0.15463165572574764 0.061163101604278076
6 0.7656819839533188 0.4294786096256685 0.18563092633114514 0.22459893048128343
10 0.7778993435448578 0.5387700534759359 0.2348650619985412 0.2393048128342246
11 0.09226841721371262 0.6793114973262032 0.028446389496717725 0.04578877005347594
7 0.7680525164113785 0.5068516042780749 0.16338439095550694 0.0999331550802139
6 0.7680525164113785 0.5068516042780749 0.16338439095550694 0.0999331550802139
6 0.24781181619256018 0.4470254010695187 0.19584245076586435 0.3552807486631016
13 0.7540116703136397 0.35812165775401067 0.1652078774617068 0.19351604278074866
0 0.5209700948212983 0.37366310160427807 0.25054704595185995 0.11096256684491979
6 0.7540116703136397 0.35812165775401067 0.1652078774617068 0.19351604278074866
9 0.7540116703136397 0.35812165775401067 0.1652078774617068 0.19351604278074866
0 0.6084974471188913 0.3955548128342246 0.12509117432531 0.14405080213903743
9 0.3311451495258935 0.4744318181818182 0.09482129832239242 0.1567513368983957
10 0.775346462436178 0.5850601604278075 0.24580598103574033 0.18883689839572193
9 0.24781181619256018 0.4470254010695187 0.19584245076586435 0.3552807486631016
7 0.3411743253099927 0.4732620320855615 0.1301969365426696 0.19050802139037434
