0 0.5771653543307087 0.37060546875 0.13543307086614173 0.12532552083333334
10 0.143503937007874 0.7249348958333334 0.13267716535433072 0.083984375
13 0.2346456692913386 0.49072265625 0.2503937007874016 0.4352213541666667
9 0.4881889763779528 0.54541015625 0.09921259842519685 0.4033203125
6 0.23562992125984253 0.51611328125 0.26968503937007876 0.3811848958333333
4 0.2346456692913386 0.49072265625 0.2503937007874016 0.4352213541666667
11 0.11830708661417323 0.7224934895833334 0.0562992125984252 0.07845052083333333
11 0.7023622047244095 0.16975911458333334 0.1732283464566929 0.056315104166666664
10 0.11830708661417323 0.7224934895833334 0.0562992125984252 0.07845052083333333
2 0.30236220472440944 0.19466145833333334 0.04015748031496063 0.0234375
11 0.40433070866141735 0.14908854166666666 0.1078740157480315 0.032552083333333336
6 0.25019685039370076 0.4957682291666667 0.2799212598425197 0.4036458333333333
2 0.6832677165354331 0.166015625 0.1311023622047244 0.022135416666666668
10 0.11476377952755905 0.7239583333333334 0.06181102362204725 0.13216145833333334
13 0.25019685039370076 0.4957682291666667 0.2799212598425197 0.4036458333333333
6 0.2346456692913386 0.49072265625 0.2503937007874016 0.4352213541666667
11 0.11476377952755905 0.7239583333333334 0.06181102362204725 0.13216145833333334
11 0.6832677165354331 0.166015625 0.1311023622047244 0.022135416666666668
9 0.8496062992125984 0.54638671875 0.03700787401574803 0.06608072916666667
