13 0.2825520833333333 0.20729166666666668 0.08159722222222222 0.10138888888888889
13 0.7395833333333334 0.4574652777777778 0.06944444444444445 0.030208333333333334
1 0.3263888888888889 0.3190972222222222 0.10590277777777778 0.23819444444444443
13 0.2936197916666667 0.19427083333333334 0.09765625 0.07951388888888888
10 0.763671875 0.4699652777777778 0.0724826388888889 0.09618055555555556
4 0.3263888888888889 0.3190972222222222 0.10590277777777778 0.23819444444444443
9 0.3289930555555556 0.3223958333333333 0.09461805555555555 0.16701388888888888
13 0.275390625 0.17725694444444445 0.0959201388888889 0.05590277777777778
3 0.4724392361111111 0.4640625 0.4075520833333333 0.08159722222222222
11 0.7506510416666666 0.46979166666666666 0.08723958333333333 0.07777777777777778
10 0.7506510416666666 0.46979166666666666 0.08723958333333333 0.07777777777777778
0 0.5308159722222222 0.2574652777777778 0.08854166666666667 0.096875
13 0.7469618055555556 0.46076388888888886 0.05381944444444445 0.020833333333333332
0 0.5125868055555556 0.2548611111111111 0.1171875 0.08888888888888889
0 0.521484375 0.2644097222222222 0.10980902777777778 0.115625
7 0.3409288194444444 0.2737847222222222 0.10980902777777778 0.1642361111111111
3 0.4752604166666667 0.46857638888888886 0.3993055555555556 0.065625
11 0.763671875 0.4699652777777778 0.0724826388888889 0.09618055555555556
