8 2277.0 1917.5 74.0 101.0
8 433.5 2432.0 91.0 80.0
8 500.5 1947.5 61.0 59.0
8 461.5 2196.0 63.0 84.0
11 390.0 2693.0 158.0 238.0
8 2280.0 951.0 100.0 72.0
13 2022.0 1210.0 192.0 266.0
8 746.5 2296.0 65.0 80.0
9 2382.0 1774.5 392.0 1303.0
8 1769.5 1111.5 369.0 761.0
8 643.0 2190.0 592.0 680.0
8 2450.0 1922.0 80.0 72.0
9 643.0 2190.0 592.0 680.0
8 2278.0 1918.5 74.0 91.0
8 682.5 1700.5 669.0 1975.0
11 2535.0 2717.5 126.0 175.0
8 607.5 1761.5 87.0 69.0
8 473.5 2209.0 65.0 78.0
8 674.5 1393.0 45.0 46.0
8 429.0 2407.5 74.0 65.0
8 2498.0 2330.5 60.0 67.0
10 2535.0 2717.5 126.0 175.0
10 390.0 2693.0 158.0 238.0
8 2499.0 2334.0 54.0 70.0
8 2440.5 1869.5 55.0 59.0
8 2236.0 1658.5 44.0 55.0
8 2358.0 1881.0 594.0 1922.0
13 1963.5 1292.5 259.0 315.0
8 2382.0 1774.5 392.0 1303.0
8 582.5 2539.5 81.0 81.0
8 2227.5 1659.5 59.0 87.0
