7 0.49933333333333335 0.22183333333333333 0.07333333333333333 0.16166666666666665
7 0.4891666666666667 0.21416666666666667 0.07966666666666666 0.15033333333333335
5 0.7781666666666667 0.5473333333333333 0.15766666666666668 0.11733333333333333
3 0.6508333333333334 0.4975 0.39966666666666667 0.22433333333333333
2 0.6356666666666667 0.2865 0.06066666666666667 0.079
0 0.626 0.30316666666666664 0.10666666666666667 0.135
3 0.6426666666666667 0.516 0.324 0.14933333333333335
13 0.7995 0.544 0.09566666666666666 0.06866666666666667
1 0.4116666666666667 0.5326666666666666 0.172 0.05533333333333333
0 0.5946666666666667 0.37016666666666664 0.192 0.089
