13 1818.5 705.0 381.0 166.0
0 1595.0 1199.5 346.0 379.0
7 2200.0 1091.0 184.0 180.0
3 1681.5 2200.5 1167.0 659.0
3 1676.0 2246.0 1158.0 626.0
11 2092.5 696.5 325.0 281.0
0 1608.5 1193.5 355.0 329.0
11 1894.5 679.5 649.0 221.0
13 820.0 1019.0 676.0 570.0
11 1872.5 720.0 669.0 404.0
13 834.0 1420.5 714.0 1541.0
11 988.5 631.5 533.0 179.0
0 1615.0 1229.5 310.0 387.0
7 2185.5 1089.0 197.0 176.0
11 957.0 662.0 622.0 224.0
13 773.5 1522.0 465.0 92.0
13 563.5 1389.5 119.0 85.0
11 966.0 613.0 402.0 126.0
13 709.0 1155.0 166.0 106.0
7 834.0 1420.5 714.0 1541.0
3 1682.0 2198.5 1160.0 601.0
