10 0.06300403225806452 0.8353758169934641 0.03326612903225806 0.04084967320261438
11 0.8707157258064516 0.8084150326797386 0.041834677419354836 0.049019607843137254
11 0.3125 0.16544117647058823 0.15524193548387097 0.0727124183006536
11 0.33492943548387094 0.14419934640522875 0.18800403225806453 0.0392156862745098
9 0.8339213709677419 0.7285539215686274 0.10332661290322581 0.14256535947712418
10 0.8707157258064516 0.8084150326797386 0.041834677419354836 0.049019607843137254
11 0.6912802419354839 0.12316176470588236 0.1184475806451613 0.03799019607843137
13 0.11290322580645161 0.6011029411764706 0.034274193548387094 0.127859477124183
6 0.8397177419354839 0.7444852941176471 0.10887096774193548 0.15400326797385622
11 0.06300403225806452 0.8353758169934641 0.03326612903225806 0.04084967320261438
13 0.8339213709677419 0.7285539215686274 0.10332661290322581 0.14256535947712418
13 0.16255040322580644 0.6425653594771242 0.1930443548387097 0.22140522875816993
13 0.2366431451612903 0.6211192810457516 0.3059475806451613 0.16299019607843138
7 0.8205645161290323 0.7640931372549019 0.12903225806451613 0.15727124183006536
13 0.32610887096774194 0.18995098039215685 0.11189516129032258 0.09395424836601307
13 0.3009072580645161 0.6284722222222222 0.17237903225806453 0.07148692810457516
0 0.5582157258064516 0.3506944444444444 0.14566532258064516 0.11805555555555555
0 0.5768649193548387 0.3686683006535948 0.1184475806451613 0.127859477124183
