9 0.2186817188638019 0.5211780277961615 0.4169701383831027 0.6796823295830576
9 0.5440640932265113 0.11978821972203839 0.8390386016023307 0.07412309728656519
7 0.29715950473415875 0.4311714096624752 0.3124544792425346 0.4884182660489742
3 0.577931536780772 0.6350099272005294 0.42097596504005824 0.16479152878888154
0 0.6043335761107065 0.3310721376571807 0.13292061179898035 0.1743878226340172
7 0.2811361981063365 0.45913302448709464 0.359796067006555 0.527796161482462
9 0.30917698470502547 0.08620119126406353 0.24107793153678078 0.1412971542025149
3 0.5741077931536781 0.6173064195896757 0.4366351056081573 0.18762409000661814
3 0.5764748725418791 0.6406353408338848 0.42097596504005824 0.199867637326274
9 0.28732702112163144 0.09281932495036399 0.213401310997815 0.12210456651224355
0 0.6016023306627822 0.31585043017868963 0.13109978150036417 0.1399735274652548
9 0.20611798980335033 0.5120780939774984 0.3532410779315368 0.29020516214427533
9 0.7368900218499636 0.08537392455327597 0.19701383831026947 0.11912640635340833
9 0.614530225782957 0.30311052283256124 0.10597232337946104 0.10986101919258769
9 0.05316824471959213 0.6601588352084712 0.09613983976693372 0.3699536730641959
9 0.04278951201747997 0.6192918596955659 0.07465404224326293 0.5403706154864328
7 0.29151493080844865 0.4387822634017207 0.286598689002185 0.44672402382528126
9 0.7554624908958485 0.10440105890138981 0.1584122359796067 0.09099933818663138
