10 0.11756373937677053 0.7666666666666667 0.06515580736543909 0.08209876543209876
9 0.31995593327038085 0.6450617283950617 0.12055398174378344 0.17222222222222222
3 0.5410764872521246 0.7660493827160494 0.4740321057601511 0.2814814814814815
13 0.6751652502360718 0.49984567901234567 0.15864022662889518 0.33425925925925926
4 0.6751652502360718 0.49984567901234567 0.15864022662889518 0.33425925925925926
3 0.5621655649984262 0.7733024691358025 0.4683663833805477 0.26512345679012345
0 0.5823103556814605 0.4981481481481482 0.2272584198929808 0.28641975308641976
0 0.5629524708844822 0.40987654320987654 0.13314447592067988 0.12345679012345678
11 0.11756373937677053 0.7666666666666667 0.06515580736543909 0.08209876543209876
9 0.6757947749449166 0.4993827160493827 0.13849543594586086 0.2518518518518518
3 0.5662574756059175 0.7611111111111111 0.42429965376141016 0.2697530864197531
7 0.31995593327038085 0.6450617283950617 0.12055398174378344 0.17222222222222222
0 0.5661000944287063 0.4390432098765432 0.11551778407302486 0.1447530864197531
1 0.6751652502360718 0.49984567901234567 0.15864022662889518 0.33425925925925926
