7 0.8421814671814671 0.6415770609318996 0.1167953667953668 0.17562724014336917
13 0.775096525096525 0.5414426523297491 0.07818532818532818 0.11155913978494623
6 0.7569980694980695 0.66084229390681 0.19642857142857142 0.1532258064516129
4 0.7569980694980695 0.66084229390681 0.19642857142857142 0.1532258064516129
13 0.7627895752895753 0.5295698924731183 0.06418918918918919 0.11648745519713262
10 0.7557915057915058 0.6783154121863799 0.2828185328185328 0.29301075268817206
9 0.7731660231660231 0.668010752688172 0.23648648648648649 0.17921146953405018
13 0.7806467181467182 0.5199372759856631 0.08252895752895753 0.13127240143369176
9 0.5941119691119691 0.6527777777777778 0.15347490347490347 0.22939068100358423
3 0.578426640926641 0.6807795698924731 0.3885135135135135 0.23163082437275986
7 0.7569980694980695 0.66084229390681 0.19642857142857142 0.1532258064516129
