5 0.2854100106496273 0.4406190777005685 0.27831025914093005 0.4883133291219204
6 0.2854100106496273 0.4406190777005685 0.27831025914093005 0.4883133291219204
5 0.7350017749378772 0.44962097283638663 0.30138445154419596 0.5271636133922931
0 0.5638977635782748 0.34791535060012635 0.09762158324458645 0.13802905874921037
6 0.721334753283635 0.45325331648768163 0.2570110046148385 0.5426405559065066
6 0.288604898828541 0.4497789008212255 0.2790202342917998 0.5312697409981049
5 0.29357472488462905 0.41456096020214783 0.29605963791267303 0.5075805432722679
5 0.6987930422435215 0.39481996209728365 0.31487397941072065 0.459886291850916
5 0.288604898828541 0.4497789008212255 0.2790202342917998 0.5312697409981049
5 0.721334753283635 0.45325331648768163 0.2570110046148385 0.5426405559065066
6 0.29357472488462905 0.41456096020214783 0.29605963791267303 0.5075805432722679
6 0.7350017749378772 0.44962097283638663 0.30138445154419596 0.5271636133922931
6 0.6987930422435215 0.39481996209728365 0.31487397941072065 0.459886291850916
