8 0.24334016393442623 0.606023102310231 0.05327868852459016 0.04537953795379538
11 0.9528688524590164 0.8554042904290429 0.028688524590163935 0.05156765676567657
10 0.11577868852459017 0.8521039603960396 0.09528688524590163 0.07301980198019802
11 0.11577868852459017 0.8521039603960396 0.09528688524590163 0.07301980198019802
3 0.6454918032786885 0.7017326732673267 0.5409836065573771 0.19966996699669967
10 0.11424180327868852 0.840552805280528 0.08709016393442623 0.08044554455445545
11 0.9426229508196722 0.8302392739273927 0.06659836065573771 0.08127062706270627
10 0.9426229508196722 0.8302392739273927 0.06659836065573771 0.08127062706270627
11 0.10809426229508197 0.8467409240924092 0.03790983606557377 0.03424092409240924
3 0.6495901639344263 0.6928630363036303 0.5389344262295082 0.24133663366336633
8 0.2382172131147541 0.6035478547854786 0.040983606557377046 0.04207920792079208
3 0.6485655737704918 0.7023514851485149 0.5389344262295082 0.1943069306930693
9 0.7097848360655737 0.4284240924092409 0.13268442622950818 0.13325082508250824
11 0.11424180327868852 0.840552805280528 0.08709016393442623 0.08044554455445545
