11 0.3756148981026001 0.21678200692041522 0.21855235418130708 0.08339100346020761
9 0.840302178496135 0.572318339100346 0.029866479269149683 0.04359861591695502
5 0.2649332396345748 0.6519031141868512 0.15811665495432187 0.21314878892733563
13 0.3858046380885453 0.29567474048442904 0.09557273366127898 0.12352941176470589
0 0.6096275474349965 0.33148788927335643 0.09486999297259312 0.10519031141868512
0 0.6073436401967673 0.3653979238754325 0.1247364722417428 0.1674740484429066
9 0.8424104005621925 0.5750865051903115 0.027055516514406183 0.04498269896193772
5 0.24736472241742796 0.6565743944636678 0.10962754743499649 0.18788927335640138
11 0.3668306394940267 0.21678200692041522 0.19747013352073084 0.07370242214532872
1 0.3756148981026001 0.21678200692041522 0.21855235418130708 0.08339100346020761
13 0.31658468025298664 0.7096885813148789 0.011243851018973999 0.07128027681660899
1 0.35857343640196765 0.21920415224913495 0.1802529866479269 0.06747404844290658
13 0.3842234715390021 0.29878892733564016 0.14652143359100492 0.14359861591695502
9 0.840302178496135 0.5752595155709342 0.029866479269149683 0.04256055363321799
13 0.3926563598032326 0.3096885813148789 0.0881939564300773 0.10657439446366782
0 0.6029515108924807 0.3508650519031142 0.12368236120871398 0.1467128027681661
