8 0.1694878472222222 0.3173611111111111 0.010850694444444444 0.010416666666666666
0 0.5160590277777778 0.3642361111111111 0.0998263888888889 0.0798611111111111
8 0.16796875 0.5395833333333333 0.020833333333333332 0.009722222222222222
8 0.16905381944444445 0.31961805555555556 0.01953125 0.012152777777777778
2 0.16905381944444445 0.5390625 0.026475694444444444 0.013541666666666667
2 0.5783420138888888 0.4630208333333333 0.06987847222222222 0.10173611111111111
2 0.3465711805555556 0.5086805555555556 0.07421875 0.14652777777777778
9 0.572265625 0.4612847222222222 0.06987847222222222 0.103125
8 0.169921875 0.5413194444444445 0.017795138888888888 0.011111111111111112
2 0.3489583333333333 0.5111111111111111 0.0798611111111111 0.1625
9 0.16796875 0.5395833333333333 0.020833333333333332 0.009722222222222222
9 0.3489583333333333 0.5111111111111111 0.0798611111111111 0.1625
9 0.1694878472222222 0.3173611111111111 0.010850694444444444 0.010416666666666666
2 0.572265625 0.4612847222222222 0.06987847222222222 0.103125
