11 0.29176289453425713 0.18263371699390657 0.16936104695919937 0.053825321597833445
8 0.11354888375673595 0.6860189573459715 0.03926096997690531 0.036222071767095465
0 0.5598537336412626 0.3527420446851727 0.13818321785989224 0.11238997968855789
11 0.2979214780600462 0.1912660798916723 0.2155504234026174 0.0961408259986459
7 0.7852193995381063 0.5815842924847664 0.08622016936104696 0.052809749492213946
7 0.31793687451886066 0.6277928232904536 0.07005388760585066 0.0985104942450914
11 0.31793687451886066 0.1772173324306026 0.19476520400307928 0.07345971563981042
3 0.5731331793687452 0.6535206499661476 0.4611239414934565 0.11408259986459039
0 0.5662047729022325 0.3569735951252539 0.13163972286374134 0.12965470548408936
11 0.6041185527328714 0.15876777251184834 0.13048498845265588 0.056194989844278946
8 0.7280600461893765 0.3265064319566689 0.025789068514241724 0.022004062288422478
8 0.7846420323325635 0.5841232227488151 0.07582755966127791 0.05179417738659445
8 0.11739799846035412 0.687034529451591 0.03387220939183987 0.030805687203791468
3 0.5502309468822171 0.659952606635071 0.40993071593533487 0.14793500338524035
8 0.11508852963818322 0.6900812457684495 0.03541185527328714 0.03215978334461747
9 0.7511547344110855 0.6917738659444821 0.3506543494996151 0.08632362897765741
8 0.7859892224788299 0.5856465809072444 0.07467282525019246 0.04807041299932295
