8 823.0 1103.5 54.0 51.0
9 2259.0 955.0 578.0 764.0
8 2096.5 849.5 107.0 135.0
8 2606.0 2135.5 76.0 77.0
8 766.5 1414.5 1101.0 2363.0
8 886.0 814.5 372.0 801.0
9 680.0 1787.0 472.0 772.0
8 556.5 1732.0 143.0 126.0
8 2105.0 859.5 100.0 113.0
8 558.5 1527.0 99.0 86.0
8 507.0 2095.5 48.0 43.0
8 775.0 735.0 64.0 72.0
9 2403.5 2041.5 403.0 819.0
8 853.5 2088.0 121.0 114.0
8 2525.5 2237.0 85.0 70.0
8 2160.5 1262.5 93.0 103.0
8 2444.0 1228.5 52.0 43.0
8 2243.5 596.0 35.0 36.0
8 2428.5 1160.0 55.0 46.0
8 772.0 458.0 74.0 62.0
8 680.0 1787.0 472.0 772.0
8 2085.5 1134.5 55.0 55.0
8 2403.5 2041.5 403.0 819.0
8 2195.5 2274.0 83.0 82.0
11 252.0 2565.5 114.0 103.0
8 780.5 1603.0 55.0 58.0
8 761.5 1832.0 83.0 116.0
10 252.0 2565.5 114.0 103.0
8 552.5 1179.0 59.0 46.0
8 2231.5 1547.5 813.0 1833.0
8 2259.0 955.0 578.0 764.0
8 1180.0 678.0 58.0 74.0
8 1896.0 888.0 98.0 78.0
8 2454.0 2240.5 60.0 67.0
8 768.0 1831.5 106.0 137.0
9 886.0 814.5 372.0 801.0
8 732.0 1123.5 82.0 71.0
8 395.5 2129.5 109.0 95.0
8 1002.5 818.0 101.0 102.0
