11 0.0759589821496392 0.8025197328476017 0.06228636536270414 0.05859137826350941
10 0.9196733763767565 0.8289313904068002 0.030003797949107482 0.03976927747419551
0 0.604633497911128 0.3234669095324833 0.11469806304595519 0.08227079538554949
0 0.5974173946069122 0.3280206435944141 0.12077478161792632 0.09805707346690953
10 0.0759589821496392 0.8025197328476017 0.06228636536270414 0.05859137826350941
11 0.08450436764147361 0.8101092896174863 0.049753133308013675 0.056162720097146325
11 0.9196733763767565 0.8289313904068002 0.030003797949107482 0.03976927747419551
0 0.59684770224079 0.3425925925925926 0.12343334599316369 0.12477231329690346
11 0.7493353589061906 0.18123861566484517 0.1033042157235093 0.0588949605343048
2 0.604633497911128 0.3234669095324833 0.11469806304595519 0.08227079538554949
