13 0.6505533854166666 0.2779947916666667 0.13639322916666666 0.23958333333333334
6 0.3017578125 0.4415690104166667 0.15364583333333334 0.3701171875
11 0.2967122395833333 0.18863932291666666 0.0947265625 0.10319010416666667
7 0.6505533854166666 0.2779947916666667 0.13639322916666666 0.23958333333333334
7 0.375 0.27001953125 0.16666666666666666 0.2392578125
13 0.3466796875 0.25732421875 0.15755208333333334 0.2333984375
13 0.6474609375 0.29638671875 0.140625 0.2835286458333333
6 0.3668619791666667 0.3035481770833333 0.146484375 0.3050130208333333
5 0.2916666666666667 0.4970703125 0.11653645833333333 0.15885416666666666
13 0.375 0.27001953125 0.16666666666666666 0.2392578125
5 0.3017578125 0.4415690104166667 0.15364583333333334 0.3701171875
7 0.6624348958333334 0.2701822916666667 0.15950520833333334 0.2623697916666667
7 0.3668619791666667 0.3035481770833333 0.146484375 0.3050130208333333
