3 1987.5 2114.0 1083.0 520.0
11 2665.5 2582.5 99.0 151.0
11 1255.5 284.5 483.0 205.0
2 2010.0 726.0 124.0 210.0
10 2679.0 2590.5 82.0 155.0
13 2631.5 915.5 73.0 27.0
13 2101.0 1178.0 96.0 146.0
11 2679.0 2590.5 82.0 155.0
10 1076.0 2275.0 856.0 372.0
13 2367.5 2087.5 489.0 565.0
11 2186.0 302.0 534.0 184.0
10 684.0 2266.0 128.0 218.0
10 669.0 2212.0 94.0 242.0
9 1092.0 2168.5 808.0 191.0
11 684.0 2266.0 128.0 218.0
11 1296.0 320.0 580.0 226.0
11 669.0 2212.0 94.0 242.0
11 1311.0 298.0 558.0 186.0
11 2188.5 309.5 535.0 199.0
0 1934.0 763.5 310.0 349.0
