2 0.611038961038961 0.3213859020310633 0.09134199134199134 0.09717244125846276
2 0.9028138528138528 0.9237355635205098 0.032467532467532464 0.03464755077658303
9 0.3625541125541126 0.5300677021107129 0.09307359307359307 0.08442851453604142
8 0.18982683982683982 0.7317801672640383 0.13896103896103895 0.13500597371565112
8 0.9030303030303031 0.924532058940661 0.04415584415584416 0.04739147749900438
2 0.612987012987013 0.32218239745121463 0.10216450216450217 0.10115491835921943
8 0.18484848484848485 0.7313819195539626 0.1471861471861472 0.13022700119474312
9 0.37294372294372297 0.5362405416168857 0.1025974025974026 0.1111111111111111
8 0.195021645021645 0.7287933094384708 0.12424242424242424 0.11150935882118677
2 0.6121212121212121 0.3237753882915173 0.09696969696969697 0.10593389088012745
