11 0.3172387778196907 0.19883527454242927 0.25499811391927574 0.10083194675540766
13 0.7804602036967182 0.4179700499168053 0.17955488494907582 0.3806988352745424
2 0.7399094681252357 0.42995008319467554 0.24104111655978877 0.34342762063227955
8 0.7423613730667673 0.440432612312812 0.2542436816295737 0.33444259567387685
13 0.28857035081101473 0.3194675540765391 0.23462844209732175 0.17171381031613978
13 0.2834779328555262 0.31963394342762064 0.23802338740098075 0.14009983361064893
11 0.2755563938136552 0.2021630615640599 0.24632214258770274 0.11281198003327787
1 0.28857035081101473 0.3194675540765391 0.23462844209732175 0.17171381031613978
11 0.8487363259147491 0.42146422628951746 0.036212749905695965 0.09018302828618968
2 0.7804602036967182 0.4179700499168053 0.17955488494907582 0.3806988352745424
13 0.2838551490003772 0.3271214642262895 0.22368917389664278 0.135108153078203
2 0.2838551490003772 0.3271214642262895 0.22368917389664278 0.135108153078203
11 0.7361373066767257 0.17703826955074875 0.08411920030177292 0.06123128119800333
13 0.7399094681252357 0.42995008319467554 0.24104111655978877 0.34342762063227955
11 0.3006412674462467 0.20249584026622297 0.2927197284043757 0.18469217970049917
13 0.7423613730667673 0.440432612312812 0.2542436816295737 0.33444259567387685
