13 0.7413194444444444 0.6876736111111111 0.025173611111111112 0.014930555555555556
3 0.5329861111111112 0.6486111111111111 0.3810763888888889 0.10625
13 0.7693142361111112 0.5105902777777778 0.1072048611111111 0.036458333333333336
11 0.3409288194444444 0.12795138888888888 0.08984375 0.03090277777777778
13 0.7643229166666666 0.5114583333333333 0.13020833333333334 0.03263888888888889
0 0.5457899305555556 0.2800347222222222 0.10894097222222222 0.0920138888888889
11 0.625 0.12100694444444444 0.0859375 0.022569444444444444
13 0.7701822916666666 0.5152777777777777 0.1254340277777778 0.027083333333333334
0 0.546875 0.27534722222222224 0.10243055555555555 0.0763888888888889
11 0.3572048611111111 0.1251736111111111 0.1032986111111111 0.026041666666666668
