11 0.33157099697885195 0.15348692403486924 0.11253776435045318 0.0323785803237858
13 0.68202416918429 0.20361145703611458 0.12537764350453173 0.10087173100871731
13 0.701095166163142 0.2022104607721046 0.1491691842900302 0.09059775840597759
0 0.5313444108761329 0.28953922789539227 0.13746223564954682 0.09775840597758406
11 0.701095166163142 0.2022104607721046 0.1491691842900302 0.09059775840597759
13 0.18315709969788518 0.29218555417185554 0.10498489425981873 0.08125778331257784
13 0.19127643504531722 0.298879202988792 0.11518126888217523 0.0784557907845579
9 0.5033987915407855 0.2812889165628892 0.061933534743202415 0.13667496886674968
13 0.6733383685800605 0.2134184308841843 0.1027190332326284 0.09869240348692404
4 0.18995468277945618 0.2940535491905355 0.10045317220543806 0.07067247820672479
