11 0.8869384673461683 0.8871880199667221 0.07059267648169121 0.07387687188019967
13 0.7653831634579087 0.5708818635607321 0.20045300113250283 0.048252911813643926
11 0.6213665534163836 0.10033277870216306 0.04379010947527369 0.024958402662229616
11 0.8997734994337486 0.9039933444259567 0.04114760286900717 0.05424292845257903
13 0.7151755379388448 0.559234608985025 0.09550773876934693 0.030948419301164726
13 0.8138920347300869 0.5753743760399335 0.07323518308795772 0.04126455906821963
0 0.535673839184598 0.29201331114808654 0.0928652321630804 0.08286189683860233
11 0.9046810117025292 0.897171381031614 0.05549263873159683 0.06655574043261231
11 0.32842582106455265 0.10682196339434276 0.09966024915062288 0.032612312811980036
13 0.8137032842582106 0.5738768718801996 0.08342770856927142 0.052246256239600664
11 0.596640241600604 0.09916805324459235 0.10834277085692715 0.027287853577371048
10 0.9046810117025292 0.897171381031614 0.05549263873159683 0.06655574043261231
