9 2502.5 1459.0 313.0 1450.0
13 2063.0 1923.5 420.0 347.0
9 697.0 216.5 252.0 277.0
4 1977.5 2002.5 477.0 323.0
9 683.5 215.0 477.0 418.0
8 1931.0 1913.5 516.0 491.0
7 1977.5 2002.5 477.0 323.0
7 2174.0 2463.5 578.0 513.0
9 2483.0 1438.0 246.0 1460.0
7 2200.0 2365.0 504.0 504.0
9 816.0 203.0 598.0 386.0
9 2120.5 244.5 761.0 489.0
4 1931.0 1913.5 516.0 491.0
6 2035.5 2114.5 833.0 1153.0
7 1926.0 1884.0 532.0 518.0
9 2058.0 246.0 836.0 478.0
9 2046.0 222.5 520.0 385.0
6 2174.0 2463.5 578.0 513.0
0 1562.0 984.5 254.0 223.0
8 1977.5 2002.5 477.0 323.0
9 2404.5 1262.5 421.0 1791.0
