0 0.6184895833333334 0.2953125 0.08333333333333333 0.07465277777777778
13 0.8572048611111112 0.3810763888888889 0.1154513888888889 0.03854166666666667
11 0.3324652777777778 0.1795138888888889 0.234375 0.13333333333333333
8 0.2322048611111111 0.6385416666666667 0.029513888888888888 0.018055555555555554
13 0.3472222222222222 0.28350694444444446 0.2092013888888889 0.22256944444444443
13 0.8493923611111112 0.38177083333333334 0.1032986111111111 0.06631944444444444
11 0.3135850694444444 0.17777777777777778 0.1644965277777778 0.1125
13 0.349609375 0.3138888888888889 0.21397569444444445 0.2861111111111111
8 0.2419704861111111 0.6164930555555556 0.018663194444444444 0.010069444444444445
8 0.25390625 0.6524305555555555 0.0234375 0.01597222222222222
13 0.3298611111111111 0.3067708333333333 0.17447916666666666 0.18159722222222222
