5 0.6736111111111112 0.31440972222222224 0.2126736111111111 0.2947916666666667
11 0.3151041666666667 0.14930555555555555 0.13194444444444445 0.02361111111111111
13 0.24696180555555555 0.4276041666666667 0.2482638888888889 0.5524305555555555
5 0.24696180555555555 0.4276041666666667 0.2482638888888889 0.5524305555555555
11 0.5755208333333334 0.15208333333333332 0.09895833333333333 0.03958333333333333
5 0.20833333333333334 0.434375 0.18055555555555555 0.21458333333333332
5 0.2667100694444444 0.2833333333333333 0.2209201388888889 0.225
5 0.6603732638888888 0.37916666666666665 0.2556423611111111 0.3861111111111111
13 0.2133246527777778 0.428125 0.15234375 0.17916666666666667
5 0.6909722222222222 0.3921875 0.24739583333333334 0.4197916666666667
5 0.283203125 0.25763888888888886 0.1401909722222222 0.14166666666666666
13 0.20833333333333334 0.434375 0.18055555555555555 0.21458333333333332
