7 0.3157552083333333 0.24934895833333334 0.212890625 0.22591145833333334
13 0.3009440104166667 0.24235026041666666 0.16048177083333334 0.2119140625
4 0.677734375 0.6140950520833334 0.15559895833333334 0.1689453125
7 0.6827799479166666 0.5830078125 0.11946614583333333 0.125
6 0.2981770833333333 0.24348958333333334 0.173828125 0.224609375
4 0.3009440104166667 0.24235026041666666 0.16048177083333334 0.2119140625
10 0.6787109375 0.6409505208333334 0.15950520833333334 0.16731770833333334
7 0.6765950520833334 0.6033528645833334 0.1552734375 0.1455078125
6 0.3157552083333333 0.24934895833333334 0.212890625 0.22591145833333334
13 0.2981770833333333 0.24348958333333334 0.173828125 0.224609375
4 0.2981770833333333 0.24348958333333334 0.173828125 0.224609375
7 0.677734375 0.6140950520833334 0.15559895833333334 0.1689453125
