2 0.3260091145833333 0.3058268229166667 0.2060546875 0.2679036458333333
13 0.2802734375 0.3792317708333333 0.10677083333333333 0.09765625
13 0.7034505208333334 0.2516276041666667 0.15299479166666666 0.2578125
13 0.6739908854166666 0.3063151041666667 0.1982421875 0.251953125
13 0.306640625 0.302734375 0.15690104166666666 0.2649739583333333
13 0.3260091145833333 0.3058268229166667 0.2060546875 0.2679036458333333
2 0.6739908854166666 0.3063151041666667 0.1982421875 0.251953125
13 0.7218424479166666 0.24072265625 0.10123697916666667 0.19954427083333334
11 0.6980794270833334 0.14322916666666666 0.09798177083333333 0.06770833333333333
13 0.3522135416666667 0.20035807291666666 0.068359375 0.07063802083333333
11 0.3756510416666667 0.1484375 0.13541666666666666 0.037760416666666664
