9 631.0 335.0 542.0 670.0
9 1000.5 712.0 115.0 180.0
9 1779.5 439.0 343.0 310.0
7 2016.0 1973.5 254.0 517.0
9 1776.0 400.5 430.0 373.0
7 869.0 1716.0 252.0 496.0
8 869.0 1716.0 252.0 496.0
10 378.5 2244.0 191.0 328.0
9 897.0 1280.0 260.0 244.0
9 647.0 349.5 328.0 683.0
9 676.5 1425.5 865.0 1089.0
0 1510.0 1258.0 314.0 286.0
3 1404.0 2185.0 1156.0 314.0
9 628.0 1487.5 1076.0 809.0
9 149.0 2089.5 298.0 1201.0
9 641.0 381.0 352.0 608.0
9 112.5 2080.0 225.0 1014.0
9 120.5 1989.0 217.0 1176.0
9 916.0 1622.0 270.0 550.0
0 1490.0 1313.5 406.0 427.0
9 1791.0 444.5 360.0 255.0
11 378.5 2244.0 191.0 328.0
