5 0.3251968503937008 0.36572265625 0.31496062992125984 0.4391276041666667
5 0.7271653543307086 0.3702799479166667 0.2220472440944882 0.3916015625
3 0.6127952755905511 0.546875 0.37283464566929136 0.13997395833333334
0 0.5881889763779528 0.263671875 0.11653543307086614 0.0859375
5 0.3269685039370079 0.3307291666666667 0.328740157480315 0.4856770833333333
5 0.7125984251968503 0.32861328125 0.28188976377952757 0.4807942708333333
6 0.7125984251968503 0.32861328125 0.28188976377952757 0.4807942708333333
5 0.3094488188976378 0.3935546875 0.2952755905511811 0.4544270833333333
5 0.7210629921259842 0.3299153645833333 0.20354330708661417 0.3362630208333333
6 0.3269685039370079 0.3307291666666667 0.328740157480315 0.4856770833333333
