6 804.5 830.5 265.0 255.0
10 655.0 1559.5 740.0 591.0
13 1943.0 1510.5 548.0 407.0
0 1488.5 942.0 319.0 358.0
13 804.5 830.5 265.0 255.0
10 2249.5 1582.0 277.0 610.0
11 1803.0 367.0 458.0 220.0
13 787.0 1219.0 238.0 210.0
11 722.0 860.0 790.0 1204.0
10 717.5 1170.0 929.0 1878.0
10 1968.5 1666.5 961.0 847.0
7 1812.0 1531.0 718.0 694.0
11 794.0 540.0 660.0 370.0
10 2246.5 1636.0 287.0 604.0
4 1943.0 1510.5 548.0 407.0
0 1513.5 898.0 235.0 266.0
10 642.5 1410.5 803.0 703.0
7 695.5 1112.0 791.0 1126.0
7 741.5 1035.0 725.0 1106.0
