2 569.5 2400.0 239.0 104.0
11 349.0 2605.0 114.0 102.0
2 578.5 2391.5 235.0 107.0
7 523.0 1311.0 132.0 318.0
10 2163.0 2614.5 142.0 143.0
2 584.5 2389.0 255.0 116.0
11 695.5 1541.5 445.0 947.0
2 695.5 1541.5 445.0 947.0
9 656.0 1737.0 332.0 534.0
11 1979.0 1602.5 254.0 863.0
9 1988.5 1639.0 291.0 900.0
11 342.0 2150.5 96.0 455.0
2 684.0 1522.0 494.0 968.0
11 684.0 1522.0 494.0 968.0
2 1992.0 1588.5 232.0 909.0
11 2163.0 2614.5 142.0 143.0
2 1979.0 1602.5 254.0 863.0
11 1992.0 1588.5 232.0 909.0
11 569.5 2400.0 239.0 104.0
11 971.0 460.5 278.0 67.0
11 584.5 2389.0 255.0 116.0
10 349.0 2605.0 114.0 102.0
