0 0.6075846354166666 0.3068033854166667 0.0927734375 0.11165364583333333
3 0.59912109375 0.5265299479166666 0.3219401041666667 0.09537760416666667
13 0.3771158854166667 0.2918294270833333 0.1533203125 0.1435546875
13 0.384765625 0.27294921875 0.06705729166666667 0.11881510416666667
6 0.7547200520833334 0.2965494791666667 0.09016927083333333 0.083984375
13 0.375 0.2819010416666667 0.15234375 0.13997395833333334
13 0.76904296875 0.2643229166666667 0.032877604166666664 0.026692708333333332
6 0.3771158854166667 0.2918294270833333 0.1533203125 0.1435546875
7 0.7547200520833334 0.2965494791666667 0.09016927083333333 0.083984375
6 0.375 0.2819010416666667 0.15234375 0.13997395833333334
0 0.6005859375 0.3053385416666667 0.10872395833333333 0.111328125
3 0.6023763020833334 0.5354817708333334 0.3297526041666667 0.10026041666666667
6 0.7464192708333334 0.2945963541666667 0.07747395833333333 0.09440104166666667
0 0.6083984375 0.31494140625 0.095703125 0.13834635416666666
