8 1486.5 719.0 29.0 18.0
11 709.0 367.5 246.0 141.0
13 1551.5 1478.0 147.0 306.0
13 813.0 477.0 266.0 354.0
0 1285.5 755.0 203.0 288.0
7 1496.5 730.0 425.0 576.0
8 1520.5 713.5 397.0 585.0
8 1535.5 693.5 353.0 555.0
13 756.0 531.0 264.0 256.0
11 1882.0 1937.5 116.0 171.0
11 1485.5 389.5 499.0 235.0
8 1521.5 670.5 29.0 45.0
8 687.0 459.5 92.0 79.0
10 1882.0 1937.5 116.0 171.0
8 1592.0 572.0 40.0 40.0
11 1519.5 394.0 427.0 252.0
7 1535.5 693.5 353.0 555.0
6 1751.0 1265.5 146.0 337.0
4 1520.5 713.5 397.0 585.0
8 1616.5 613.0 31.0 32.0
13 1573.0 623.5 148.0 171.0
8 1598.5 664.0 21.0 24.0
7 1751.0 1265.5 146.0 337.0
