7 0.4137461721674039 0.38316666666666666 0.10820006805035727 0.11366666666666667
9 0.6442667574004763 0.7143333333333334 0.27390268798911194 0.13533333333333333
1 0.6422252466825451 0.716 0.29227628445049336 0.11533333333333333
9 0.6221503912895543 0.7258333333333333 0.24736304865600545 0.13166666666666665
0 0.47805375978223885 0.5341666666666667 0.2619938754678462 0.15033333333333335
4 0.33412725416808436 0.7783333333333333 0.13337870023817625 0.14
7 0.33480775774072813 0.7335 0.13950323239197004 0.22633333333333333
0 0.5246682545083362 0.5411666666666667 0.15311330384484517 0.16366666666666665
10 0.7301803334467506 0.7101666666666666 0.11636611092208234 0.117
0 0.49319496427356246 0.5371666666666667 0.21129635930588636 0.18833333333333332
