6 0.2406684027777778 0.3842013888888889 0.2426215277777778 0.41354166666666664
13 0.2643229166666667 0.22760416666666666 0.1032986111111111 0.08715277777777777
7 0.23936631944444445 0.3741319444444444 0.2400173611111111 0.4795138888888889
10 0.2068142361111111 0.578125 0.3051215277777778 0.1986111111111111
13 0.7723524305555556 0.315625 0.06987847222222222 0.044444444444444446
0 0.5596788194444444 0.25763888888888886 0.1401909722222222 0.10416666666666667
6 0.23936631944444445 0.3741319444444444 0.2400173611111111 0.4795138888888889
11 0.23328993055555555 0.18125 0.22786458333333334 0.15763888888888888
10 0.2029079861111111 0.4203125 0.3051215277777778 0.6267361111111112
11 0.23372395833333334 0.18680555555555556 0.22786458333333334 0.18680555555555556
0 0.5505642361111112 0.28524305555555557 0.15234375 0.16006944444444443
13 0.2849392361111111 0.3376736111111111 0.10026041666666667 0.09409722222222222
13 0.7612847222222222 0.3078125 0.0720486111111111 0.058680555555555555
13 0.6532118055555556 0.2222222222222222 0.08940972222222222 0.09444444444444444
10 0.21766493055555555 0.5873263888888889 0.3328993055555556 0.303125
5 0.23111979166666666 0.37777777777777777 0.2677951388888889 0.4513888888888889
5 0.2406684027777778 0.3842013888888889 0.2426215277777778 0.41354166666666664
