5 0.3268229166666667 0.5257161458333334 0.17708333333333334 0.4375
13 0.6715494791666666 0.55712890625 0.17903645833333334 0.5146484375
3 0.5455729166666666 0.2771809895833333 0.09895833333333333 0.0986328125
5 0.3297526041666667 0.47705078125 0.19596354166666666 0.4007161458333333
11 0.5970052083333334 0.11539713541666667 0.09895833333333333 0.0224609375
5 0.32470703125 0.5037434895833334 0.2353515625 0.5081380208333334
5 0.6715494791666666 0.55712890625 0.17903645833333334 0.5146484375
6 0.3268229166666667 0.5257161458333334 0.17708333333333334 0.4375
5 0.6715494791666666 0.5402018229166666 0.16927083333333334 0.4521484375
6 0.3297526041666667 0.47705078125 0.19596354166666666 0.4007161458333333
8 0.7283528645833334 0.22607421875 0.015950520833333332 0.0146484375
5 0.69970703125 0.5745442708333334 0.14485677083333334 0.3990885416666667
11 0.3863932291666667 0.12434895833333333 0.076171875 0.022786458333333332
6 0.6715494791666666 0.5402018229166666 0.16927083333333334 0.4521484375
13 0.32470703125 0.5037434895833334 0.2353515625 0.5081380208333334
