9 0.7365537848605578 0.5083865814696485 0.46215139442231074 0.8362619808306709
13 0.33341633466135456 0.1483626198083067 0.04731075697211155 0.07228434504792332
10 0.087898406374502 0.9063498402555911 0.09213147410358566 0.057108626198083066
11 0.9223107569721115 0.9508785942492013 0.06772908366533864 0.034345047923322686
10 0.0946215139442231 0.9277156549520766 0.06374501992031872 0.07987220447284345
10 0.09262948207171315 0.917132587859425 0.08167330677290836 0.0626996805111821
11 0.09262948207171315 0.917132587859425 0.08167330677290836 0.0626996805111821
0 0.5525398406374502 0.40075878594249204 0.125 0.16972843450479233
11 0.087898406374502 0.9063498402555911 0.09213147410358566 0.057108626198083066
13 0.33789840637450197 0.22184504792332269 0.08814741035856574 0.17052715654952078
11 0.0946215139442231 0.9277156549520766 0.06374501992031872 0.07987220447284345
10 0.9223107569721115 0.9508785942492013 0.06772908366533864 0.034345047923322686
13 0.24626494023904383 0.2270367412140575 0.05627490039840637 0.025958466453674122
9 0.22983067729083664 0.5101837060702875 0.37300796812749004 0.832667731629393
