7 0.23129542539546816 0.5587213342599027 0.22060709705002138 0.1674774148714385
13 0.2552372808892689 0.40548992355802643 0.14023086789226166 0.04933981931897151
13 0.25288584865327063 0.4006254343293954 0.1483539974348012 0.05142460041695622
3 0.5607097050021377 0.614141765114663 0.47840957674219753 0.13724808895066018
0 0.5835827276613937 0.32644197359277277 0.11372381359555365 0.1296038915913829
10 0.13488670371953826 0.641591382904795 0.10731081658828559 0.12821403752605975
13 0.2556648140230868 0.40288394718554554 0.1658828559213339 0.04621264767199444
7 0.2699871740059855 0.5455177206393329 0.2509619495510902 0.16678248783877692
10 0.14279606669516887 0.6372480889506602 0.12569474134245404 0.15427380125086865
10 0.1477126977340744 0.6674774148714385 0.10560068405301411 0.13273106323835998
11 0.14279606669516887 0.6372480889506602 0.12569474134245404 0.15427380125086865
