0 0.5807291666666666 0.3038194444444444 0.1467013888888889 0.15555555555555556
13 0.22764756944444445 0.38559027777777777 0.1775173611111111 0.046875
9 0.4809027777777778 0.2326388888888889 0.1076388888888889 0.25277777777777777
0 0.5763888888888888 0.2864583333333333 0.1467013888888889 0.14027777777777778
13 0.8157552083333334 0.4991319444444444 0.13758680555555555 0.040625
13 0.21592881944444445 0.38090277777777776 0.12890625 0.02847222222222222
10 0.8506944444444444 0.4965277777777778 0.052083333333333336 0.05486111111111111
0 0.5592447916666666 0.29322916666666665 0.17317708333333334 0.12465277777777778
13 0.24153645833333334 0.3890625 0.1801215277777778 0.046875
11 0.8506944444444444 0.4965277777777778 0.052083333333333336 0.05486111111111111
