0 0.5260435906908016 0.26753670473083196 0.1337273734761729 0.11288743882544862
13 0.27946065755448835 0.3802610114192496 0.17325452530476543 0.07928221859706362
0 0.5302918359807905 0.2758564437194127 0.11932028075360178 0.13083197389885806
13 0.7502770594754341 0.2947797716150082 0.0657554488363502 0.02838499184339315
13 0.7458441078684891 0.29086460032626427 0.06427779830070188 0.03099510603588907
13 0.31935722201699296 0.28433931484502445 0.10454377539711858 0.021207177814029365
10 0.25526413003324716 0.5463295269168026 0.27336534909493904 0.3631321370309951
7 0.23531584780199483 0.465905383360522 0.15145917990395272 0.0965742251223491
7 0.2739194680458072 0.44404567699836867 0.21315108976727004 0.15138662316476345
7 0.7081640192094569 0.47553017944535075 0.21352050240118212 0.2306688417618271
10 0.2009604728481714 0.5213703099510604 0.1736239379386775 0.12920065252854812
7 0.2615441448097525 0.4463295269168026 0.24011821204285186 0.15138662316476345
11 0.32101957886959737 0.11256117455138662 0.1337273734761729 0.017618270799347472
13 0.7469523457702253 0.2911908646003263 0.06649427410417437 0.03360522022838499
0 0.5374953823420761 0.2690048939641109 0.10565201329885482 0.10864600326264275
10 0.25914296268932396 0.5199021207177814 0.2981159955670484 0.2528548123980424
3 0.5310306612486148 0.5634584013050571 0.5611377909124492 0.16378466557911908
13 0.277798300701884 0.3933115823817292 0.16106390838566678 0.07928221859706362
13 0.2827853712596971 0.3933115823817292 0.21536756557074252 0.10212071778140294
11 0.6002955301071297 0.1 0.1078684891023273 0.01533442088091354
