10 0.15507152145643693 0.8134715025906736 0.03901170351105332 0.0614853195164076
11 0.8483420026007802 0.9160621761658031 0.023732119635890767 0.04835924006908463
9 0.4559492847854356 0.2597582037996546 0.1089076723016905 0.340587219343696
7 0.30055266579973994 0.66286701208981 0.3033159947984395 0.29568221070811745
7 0.25650195058517555 0.6987910189982729 0.2093628088426528 0.19689119170984457
11 0.16238621586475943 0.7905008635578584 0.0464889466840052 0.08324697754749569
0 0.5268205461638491 0.2927461139896373 0.11150845253576072 0.107426597582038
13 0.25276332899869963 0.7115716753022453 0.15377113133940182 0.1084628670120898
10 0.8483420026007802 0.9160621761658031 0.023732119635890767 0.04835924006908463
11 0.25650195058517555 0.6987910189982729 0.2093628088426528 0.19689119170984457
1 0.30055266579973994 0.66286701208981 0.3033159947984395 0.29568221070811745
11 0.36703511053315996 0.07530224525043178 0.11638491547464239 0.03177892918825561
0 0.5295838751625488 0.3003454231433506 0.10988296488946683 0.12815198618307427
7 0.2483745123537061 0.729706390328152 0.18855656697009102 0.18549222797927462
13 0.7313068920676203 0.6827288428324698 0.08029908972691807 0.05630397236614853
11 0.15507152145643693 0.8134715025906736 0.03901170351105332 0.0614853195164076
13 0.2078998699609883 0.7281519861830743 0.07054616384915474 0.03454231433506045
