11 0.063720703125 0.695 0.06787109375 0.0604
11 0.336669921875 0.1682 0.14013671875 0.038
7 0.2587890625 0.3916 0.0869140625 0.0832
11 0.3427734375 0.1692 0.119140625 0.028
11 0.34716796875 0.1732 0.1123046875 0.0328
6 0.2587890625 0.3916 0.0869140625 0.0832
7 0.23095703125 0.5416 0.1494140625 0.1616
13 0.345458984375 0.226 0.05810546875 0.0768
6 0.75048828125 0.5996 0.0966796875 0.1088
6 0.2578125 0.3852 0.0810546875 0.0792
6 0.23095703125 0.5416 0.1494140625 0.1616
10 0.063720703125 0.695 0.06787109375 0.0604
