9 0.5016276041666666 0.19547526041666666 0.08072916666666667 0.1533203125
0 0.60546875 0.24934895833333334 0.11002604166666667 0.12369791666666667
9 0.5050455729166666 0.17822265625 0.0771484375 0.16959635416666666
3 0.5675455729166666 0.4656575520833333 0.3199869791666667 0.0849609375
13 0.697265625 0.3603515625 0.09375 0.03125
13 0.69873046875 0.35498046875 0.09993489583333333 0.0400390625
8 0.3956705729166667 0.3714192708333333 0.0517578125 0.052083333333333336
13 0.6975911458333334 0.3642578125 0.11002604166666667 0.018229166666666668
9 0.5069986979166666 0.20638020833333334 0.06608072916666667 0.126953125
9 0.4412434895833333 0.19938151041666666 0.09537760416666667 0.1083984375
3 0.5621744791666666 0.4332682291666667 0.3131510416666667 0.10416666666666667
8 0.4412434895833333 0.19938151041666666 0.09537760416666667 0.1083984375
3 0.5556640625 0.4606119791666667 0.32421875 0.10286458333333333
8 0.43994140625 0.20247395833333334 0.0869140625 0.095703125
8 0.3927408854166667 0.3688151041666667 0.062174479166666664 0.057942708333333336
0 0.60546875 0.26708984375 0.125 0.1494140625
7 0.4153645833333333 0.3527018229166667 0.07356770833333333 0.10123697916666667
7 0.4373372395833333 0.2080078125 0.07975260416666667 0.095703125
0 0.59765625 0.2521158854166667 0.138671875 0.13118489583333334
9 0.3927408854166667 0.3688151041666667 0.062174479166666664 0.057942708333333336
