6 0.6195746527777778 0.23506944444444444 0.15928819444444445 0.1076388888888889
13 0.2905815972222222 0.4744791666666667 0.07421875 0.10173611111111111
0 0.5327690972222222 0.3190972222222222 0.1037326388888889 0.10277777777777777
3 0.5407986111111112 0.5772569444444444 0.4079861111111111 0.12118055555555556
0 0.5421006944444444 0.3064236111111111 0.08854166666666667 0.07465277777777778
0 0.5334201388888888 0.33055555555555555 0.1111111111111111 0.11597222222222223
3 0.548828125 0.5598958333333334 0.3962673611111111 0.14340277777777777
13 0.2855902777777778 0.4744791666666667 0.0763888888888889 0.10381944444444445
3 0.5466579861111112 0.5789930555555556 0.39453125 0.09895833333333333
13 0.2886284722222222 0.4713541666666667 0.08333333333333333 0.10243055555555555
