6 2057.0 1578.5 578.0 883.0
11 1013.5 434.5 293.0 107.0
11 1743.5 452.0 439.0 222.0
6 587.0 1465.5 544.0 1131.0
3 1351.5 1934.5 1217.0 519.0
10 487.5 2068.0 515.0 458.0
0 1567.5 983.0 439.0 456.0
6 766.0 1365.0 892.0 1446.0
0 1608.5 1015.0 369.0 460.0
7 2009.0 1552.5 612.0 965.0
11 1038.5 459.0 395.0 102.0
6 2009.0 1552.5 612.0 965.0
10 369.0 2003.5 202.0 419.0
4 546.5 1429.5 411.0 1173.0
10 745.0 2002.0 936.0 624.0
3 1350.0 1894.5 1190.0 699.0
7 587.0 1465.5 544.0 1131.0
6 2023.0 1586.0 680.0 1176.0
11 1725.5 409.5 543.0 157.0
7 1040.0 1191.5 284.0 665.0
