8 310.0 1034.5 168.0 167.0
8 1572.5 556.0 149.0 174.0
7 358.0 719.0 68.0 90.0
13 1659.0 897.5 182.0 183.0
8 358.0 719.0 68.0 90.0
8 1657.5 899.5 223.0 197.0
7 570.0 504.5 122.0 181.0
8 267.5 1058.0 259.0 264.0
7 456.0 1351.0 260.0 250.0
0 1161.5 878.5 311.0 257.0
8 581.5 1368.0 201.0 214.0
0 1136.5 899.5 333.0 277.0
8 1578.5 574.0 133.0 148.0
8 456.0 1351.0 260.0 250.0
8 1581.0 566.0 130.0 120.0
8 1763.5 1401.0 137.0 140.0
10 112.0 1455.0 174.0 548.0
11 1540.0 402.0 254.0 146.0
7 258.0 1062.5 264.0 281.0
8 236.0 1085.0 132.0 162.0
8 131.0 1307.0 54.0 62.0
8 1573.0 1321.0 94.0 126.0
11 373.0 455.0 218.0 192.0
8 361.0 712.0 78.0 100.0
8 1792.5 1419.5 237.0 231.0
7 1659.0 897.5 182.0 183.0
7 1809.0 1418.5 310.0 187.0
3 1214.0 1419.0 1112.0 276.0
8 359.5 713.5 97.0 103.0
8 562.0 510.0 122.0 178.0
8 1809.0 1418.5 310.0 187.0
8 1658.5 895.0 173.0 196.0
8 460.5 1341.5 211.0 261.0
8 258.0 1062.5 264.0 281.0
8 570.0 504.5 122.0 181.0
8 1578.0 1328.0 124.0 146.0
0 1168.0 925.5 270.0 357.0
7 1572.5 556.0 149.0 174.0
10 1805.0 1326.5 210.0 635.0
7 460.5 1341.5 211.0 261.0
