7 0.677734375 0.39652777777777776 0.1818576388888889 0.22291666666666668
10 0.7263454861111112 0.4126736111111111 0.2921006944444444 0.2878472222222222
13 0.2126736111111111 0.21927083333333333 0.07118055555555555 0.08645833333333333
7 0.7016059027777778 0.33177083333333335 0.2573784722222222 0.3350694444444444
10 0.7098524305555556 0.3486111111111111 0.3832465277777778 0.4701388888888889
11 0.08984375 0.5289930555555555 0.05381944444444445 0.07534722222222222
9 0.1642795138888889 0.51875 0.14539930555555555 0.04791666666666667
7 0.2126736111111111 0.21927083333333333 0.07118055555555555 0.08645833333333333
11 0.638671875 0.19010416666666666 0.21484375 0.153125
10 0.7189670138888888 0.33211805555555557 0.3415798611111111 0.47673611111111114
7 0.21788194444444445 0.22864583333333333 0.06163194444444445 0.07604166666666666
10 0.08984375 0.5289930555555555 0.05381944444444445 0.07534722222222222
13 0.2248263888888889 0.22517361111111112 0.05642361111111111 0.08993055555555556
