11 0.6506076388888888 0.16979166666666667 0.09288194444444445 0.025694444444444443
8 0.7476128472222222 0.3411458333333333 0.06293402777777778 0.04131944444444444
11 0.12348090277777778 0.7414930555555556 0.07682291666666667 0.08854166666666667
1 0.2838541666666667 0.22760416666666666 0.2690972222222222 0.11423611111111111
13 0.6703559027777778 0.23350694444444445 0.08984375 0.10868055555555556
8 0.6427951388888888 0.24097222222222223 0.022569444444444444 0.03333333333333333
11 0.2912326388888889 0.24774305555555556 0.2638888888888889 0.128125
1 0.2936197916666667 0.240625 0.2348090277777778 0.13472222222222222
2 0.6703559027777778 0.23350694444444445 0.08984375 0.10868055555555556
11 0.6924913194444444 0.1831597222222222 0.16710069444444445 0.06631944444444444
13 0.2638888888888889 0.3470486111111111 0.17100694444444445 0.14131944444444444
2 0.7463107638888888 0.33975694444444443 0.054253472222222224 0.03923611111111111
13 0.7463107638888888 0.33975694444444443 0.054253472222222224 0.03923611111111111
8 0.669921875 0.2546875 0.09852430555555555 0.06284722222222222
13 0.2762586805555556 0.3263888888888889 0.19921875 0.12430555555555556
13 0.2743055555555556 0.3506944444444444 0.2126736111111111 0.15555555555555556
8 0.6927083333333334 0.2453125 0.05555555555555555 0.029513888888888888
13 0.7523871527777778 0.3411458333333333 0.05685763888888889 0.03784722222222222
0 0.5562065972222222 0.3548611111111111 0.15755208333333334 0.13055555555555556
0 0.5568576388888888 0.3680555555555556 0.11371527777777778 0.1486111111111111
