11 0.67822265625 0.157 0.103515625 0.0476
13 0.281005859375 0.2668 0.26220703125 0.2008
10 0.093994140625 0.764 0.03759765625 0.048
11 0.23974609375 0.217 0.109375 0.0772
0 0.574462890625 0.3104 0.10693359375 0.1096
11 0.91552734375 0.7278 0.04296875 0.0404
0 0.563232421875 0.315 0.10986328125 0.1084
11 0.23486328125 0.218 0.103515625 0.096
6 0.30322265625 0.2694 0.2509765625 0.2012
10 0.91552734375 0.7278 0.04296875 0.0404
13 0.318603515625 0.2648 0.31103515625 0.2312
6 0.281005859375 0.2668 0.26220703125 0.2008
13 0.70556640625 0.2658 0.138671875 0.1308
11 0.279541015625 0.2306 0.19970703125 0.1484
11 0.093994140625 0.764 0.03759765625 0.048
11 0.674560546875 0.159 0.09326171875 0.0372
13 0.30322265625 0.2694 0.2509765625 0.2012
11 0.688720703125 0.1664 0.10791015625 0.0424
