13 0.23602362204724409 0.3173828125 0.10511811023622047 0.055989583333333336
10 0.23090551181102362 0.5406901041666666 0.20354330708661417 0.076171875
3 0.6110236220472441 0.4679361979166667 0.5181102362204725 0.2255859375
0 0.6055118110236221 0.2421875 0.1173228346456693 0.09700520833333333
7 0.33228346456692914 0.4117838541666667 0.2637795275590551 0.21809895833333334
10 0.2763779527559055 0.4757486979166667 0.3165354330708661 0.2646484375
3 0.6312992125984253 0.5079752604166666 0.49015748031496065 0.21712239583333334
7 0.2875984251968504 0.44921875 0.27283464566929133 0.16927083333333334
13 0.23661417322834646 0.3141276041666667 0.11023622047244094 0.046223958333333336
11 0.18090551181102363 0.4129231770833333 0.06653543307086614 0.1572265625
0 0.5937007874015748 0.27392578125 0.13228346456692913 0.14225260416666666
7 0.23858267716535433 0.42919921875 0.2377952755905512 0.1396484375
3 0.6322834645669292 0.5126953125 0.48031496062992124 0.20768229166666666
0 0.5998031496062992 0.2490234375 0.1515748031496063 0.12239583333333333
10 0.2155511811023622 0.5460611979166666 0.1799212598425197 0.1025390625
