10 0.10851485148514851 0.7437800963081862 0.055445544554455446 0.0774478330658106
4 0.3225742574257426 0.4034911717495987 0.2617821782178218 0.19703049759229535
1 0.3291089108910891 0.3960674157303371 0.22574257425742575 0.19662921348314608
11 0.10851485148514851 0.7437800963081862 0.055445544554455446 0.0774478330658106
10 0.10772277227722772 0.7257223113964687 0.05702970297029703 0.1528892455858748
3 0.5394059405940594 0.6942215088282504 0.45544554455445546 0.20545746388443017
7 0.32831683168316833 0.4091091492776886 0.24554455445544554 0.21067415730337077
11 0.10772277227722772 0.7257223113964687 0.05702970297029703 0.1528892455858748
11 0.11108910891089109 0.735553772070626 0.03207920792079208 0.04735152487961477
12 0.3326732673267327 0.24678972712680577 0.2091089108910891 0.1276083467094703
0 0.5756435643564356 0.34590690208667735 0.12 0.12279293739967898
4 0.239009900990099 0.7074638844301766 0.21821782178217822 0.08747993579454254
3 0.5471287128712872 0.7102728731942215 0.41465346534653463 0.17897271268057785
3 0.547920792079208 0.6749598715890851 0.42336633663366335 0.2463884430176565
