11 0.7977430555555556 0.6944444444444444 0.051215277777777776 0.08402777777777778
3 0.4986979166666667 0.6534722222222222 0.4157986111111111 0.14791666666666667
10 0.7957899305555556 0.6996527777777778 0.07942708333333333 0.09722222222222222
11 0.06488715277777778 0.7069444444444445 0.06293402777777778 0.06736111111111111
10 0.06488715277777778 0.7069444444444445 0.06293402777777778 0.06736111111111111
10 0.7734375 0.6951388888888889 0.11197916666666667 0.06527777777777778
11 0.7957899305555556 0.6996527777777778 0.07942708333333333 0.09722222222222222
10 0.0798611111111111 0.7164930555555555 0.078125 0.0920138888888889
10 0.08919270833333333 0.7119791666666667 0.1037326388888889 0.06493055555555556
11 0.0798611111111111 0.7164930555555555 0.078125 0.0920138888888889
10 0.7977430555555556 0.6944444444444444 0.051215277777777776 0.08402777777777778
11 0.5859375 0.2421875 0.11805555555555555 0.07326388888888889
