11 172.0 2697.0 134.0 184.0
11 2526.0 2193.0 154.0 278.0
10 2513.5 2267.0 151.0 128.0
11 168.5 2623.5 167.0 283.0
10 168.5 2623.5 167.0 283.0
3 1610.5 2048.5 1317.0 429.0
13 2096.0 1388.0 740.0 1594.0
0 1696.0 994.5 396.0 427.0
11 2018.0 1731.0 400.0 848.0
3 1593.5 1889.0 1309.0 676.0
1 2095.5 1828.0 939.0 866.0
11 2513.5 2267.0 151.0 128.0
0 1702.0 1026.5 370.0 447.0
0 1705.5 1021.0 363.0 352.0
7 2095.5 1828.0 939.0 866.0
10 2526.0 2193.0 154.0 278.0
13 2186.5 1140.0 475.0 854.0
13 2146.0 1146.5 736.0 1197.0
