13 0.3863932291666667 0.33544921875 0.21484375 0.3629557291666667
6 0.6744791666666666 0.2721354166666667 0.10872395833333333 0.20052083333333334
13 0.77978515625 0.4498697916666667 0.06608072916666667 0.09830729166666667
6 0.3658854166666667 0.28662109375 0.171875 0.2685546875
13 0.3909505208333333 0.32275390625 0.21223958333333334 0.3141276041666667
6 0.3909505208333333 0.32275390625 0.21223958333333334 0.3141276041666667
13 0.3658854166666667 0.28662109375 0.171875 0.2685546875
5 0.71630859375 0.3942057291666667 0.18782552083333334 0.2942708333333333
13 0.6603190104166666 0.2555338541666667 0.1396484375 0.181640625
6 0.3863932291666667 0.33544921875 0.21484375 0.3629557291666667
13 0.6744791666666666 0.2721354166666667 0.10872395833333333 0.20052083333333334
13 0.6858723958333334 0.27783203125 0.08072916666666667 0.1435546875
