8 0.17613132209405502 0.4646098003629764 0.03992901508429459 0.028312159709618874
2 0.18101153504880213 0.4627949183303085 0.05856255545696539 0.031941923774954625
13 0.2511091393078971 0.3105263157894737 0.259094942324756 0.2058076225045372
8 0.24622892635314997 0.30671506352087113 0.21206743566992015 0.21125226860254084
2 0.7599822537710736 0.2513611615245009 0.1730257320319432 0.2471869328493648
8 0.8116681455190772 0.2958257713248639 0.027062999112688554 0.024682395644283123
2 0.8298580301685892 0.3631578947368421 0.04392191659272405 0.030852994555353903
11 0.6692546583850931 0.08257713248638839 0.11934338952972494 0.046823956442831216
8 0.18012422360248448 0.4635208711433757 0.048802129547471165 0.035571687840290384
13 0.22937000887311446 0.31560798548094376 0.23868677905944988 0.1840290381125227
2 0.2511091393078971 0.3105263157894737 0.259094942324756 0.2058076225045372
13 0.764418811002662 0.2813067150635209 0.18189884649511978 0.3382940108892922
2 0.22937000887311446 0.31560798548094376 0.23868677905944988 0.1840290381125227
13 0.7599822537710736 0.2513611615245009 0.1730257320319432 0.2471869328493648
2 0.17613132209405502 0.4646098003629764 0.03992901508429459 0.028312159709618874
2 0.764418811002662 0.2813067150635209 0.18189884649511978 0.3382940108892922
8 0.756433007985803 0.2558983666061706 0.18101153504880213 0.25117967332123414
13 0.756433007985803 0.2558983666061706 0.18101153504880213 0.25117967332123414
2 0.8116681455190772 0.2958257713248639 0.027062999112688554 0.024682395644283123
