11 0.7063802083333334 0.16031901041666666 0.07682291666666667 0.050455729166666664
11 0.6946614583333334 0.14729817708333334 0.10416666666666667 0.055013020833333336
9 0.3517252604166667 0.4405924479166667 0.15266927083333334 0.21907552083333334
13 0.3671875 0.3639322916666667 0.228515625 0.4453125
9 0.3473307291666667 0.6614583333333334 0.11588541666666667 0.048177083333333336
1 0.3977864583333333 0.2648111979166667 0.17643229166666666 0.2770182291666667
13 0.3839518229166667 0.20458984375 0.16634114583333334 0.16634114583333334
13 0.6912434895833334 0.25927734375 0.2236328125 0.2926432291666667
9 0.6951497395833334 0.3699544270833333 0.044596354166666664 0.0400390625
13 0.7049153645833334 0.3505859375 0.21061197916666666 0.4348958333333333
9 0.6936848958333334 0.3662109375 0.040364583333333336 0.042317708333333336
13 0.3977864583333333 0.2648111979166667 0.17643229166666666 0.2770182291666667
13 0.3517252604166667 0.4405924479166667 0.15266927083333334 0.21907552083333334
13 0.685546875 0.2578125 0.20768229166666666 0.2819010416666667
