8 0.6123098691192076 0.31774366297750806 0.15139724089140433 0.18921813637986434
9 0.2783869826671383 0.496965369510889 0.1301733286169084 0.07997143877186719
7 0.7157764414573753 0.44519814352017134 0.32578705341351255 0.6126383434487683
6 0.7943049168730103 0.5551588718314887 0.1920764060841882 0.41985005355230276
9 0.86062964273081 0.17368796858264907 0.019808984789529537 0.02534808996786862
9 0.26246904846126634 0.7597286683327383 0.05588963565617262 0.06640485540878258
9 0.2819243013795543 0.5008925383791503 0.14856738592147153 0.06997500892538379
0 0.5937389458790236 0.30506961799357374 0.13830916165546517 0.15458764726883256
9 0.21294658648744252 0.18511245983577293 0.09126282278033251 0.07247411638700464
7 0.24672798019101522 0.5069617993573724 0.21330031835868413 0.27990003570153515
8 0.5912628227803325 0.29328811138878974 0.16236292889989387 0.19457336665476616
3 0.5787053413512557 0.6697607997143877 0.40113194198797314 0.2056408425562299
7 0.5912628227803325 0.29328811138878974 0.16236292889989387 0.19457336665476616
6 0.26441457375309513 0.39771510174937524 0.0930314821365405 0.06569082470546234
9 0.16360099044923948 0.5080328454123527 0.03926423770781747 0.05640842556229918
6 0.24672798019101522 0.5069617993573724 0.21330031835868413 0.27990003570153515
