11 0.15152994791666666 0.76123046875 0.06868489583333333 0.10904947916666667
0 0.55419921875 0.30126953125 0.0908203125 0.08170572916666667
0 0.5535481770833334 0.30810546875 0.0888671875 0.08365885416666667
10 0.15983072916666666 0.765625 0.09765625 0.11263020833333333
10 0.15152994791666666 0.76123046875 0.06868489583333333 0.10904947916666667
11 0.80029296875 0.8219401041666666 0.044596354166666664 0.07747395833333333
11 0.783203125 0.8068033854166666 0.068359375 0.0908203125
11 0.7903645833333334 0.80517578125 0.06510416666666667 0.10123697916666667
10 0.7903645833333334 0.80517578125 0.06510416666666667 0.10123697916666667
10 0.783203125 0.8068033854166666 0.068359375 0.0908203125
11 0.15983072916666666 0.765625 0.09765625 0.11263020833333333
11 0.1533203125 0.7532552083333334 0.07682291666666667 0.13411458333333334
10 0.1533203125 0.7532552083333334 0.07682291666666667 0.13411458333333334
10 0.80029296875 0.8219401041666666 0.044596354166666664 0.07747395833333333
