10 0.068359375 0.6493055555555556 0.09852430555555555 0.09583333333333334
9 0.053385416666666664 0.41788194444444443 0.10590277777777778 0.39340277777777777
9 0.669921875 0.08385416666666666 0.2799479166666667 0.14479166666666668
9 0.568359375 0.4461805555555556 0.05859375 0.20208333333333334
0 0.5177951388888888 0.3307291666666667 0.11024305555555555 0.08159722222222222
11 0.068359375 0.6493055555555556 0.09852430555555555 0.09583333333333334
7 0.23546006944444445 0.4126736111111111 0.2947048611111111 0.440625
0 0.5269097222222222 0.34878472222222223 0.10243055555555555 0.10798611111111112
9 0.4116753472222222 0.09392361111111111 0.7669270833333334 0.17881944444444445
9 0.11414930555555555 0.49027777777777776 0.2248263888888889 0.5416666666666666
13 0.8190104166666666 0.6178819444444444 0.078125 0.028819444444444446
9 0.6493055555555556 0.075 0.1953125 0.12222222222222222
9 0.19075520833333334 0.08975694444444444 0.3372395833333333 0.16770833333333332
9 0.2241753472222222 0.09079861111111111 0.3268229166666667 0.14895833333333333
9 0.06032986111111111 0.41770833333333335 0.1154513888888889 0.3701388888888889
