13 0.19205729166666666 0.4045138888888889 0.05946180555555555 0.044444444444444446
8 0.2873263888888889 0.4357638888888889 0.09375 0.050694444444444445
8 0.6846788194444444 0.4670138888888889 0.03515625 0.027083333333333334
10 0.7884114583333334 0.6005208333333333 0.16796875 0.18506944444444445
8 0.7532552083333334 0.5770833333333333 0.0681423611111111 0.05347222222222222
8 0.1714409722222222 0.4892361111111111 0.049479166666666664 0.034722222222222224
8 0.6351996527777778 0.36736111111111114 0.1323784722222222 0.18055555555555555
8 0.16297743055555555 0.48940972222222223 0.05164930555555555 0.03576388888888889
8 0.6838107638888888 0.4670138888888889 0.03602430555555555 0.02638888888888889
7 0.7560763888888888 0.5010416666666667 0.14149305555555555 0.059027777777777776
10 0.7977430555555556 0.5935763888888889 0.10850694444444445 0.1607638888888889
8 0.6345486111111112 0.3810763888888889 0.125 0.17881944444444445
8 0.16341145833333334 0.4888888888888889 0.05078125 0.041666666666666664
10 0.783203125 0.6237847222222223 0.12977430555555555 0.1829861111111111
7 0.7608506944444444 0.5847222222222223 0.05642361111111111 0.06319444444444444
8 0.7063802083333334 0.5215277777777778 0.04383680555555555 0.034722222222222224
7 0.2957899305555556 0.4328125 0.08203125 0.06354166666666666
13 0.7569444444444444 0.48020833333333335 0.1623263888888889 0.04652777777777778
8 0.2875434027777778 0.43506944444444445 0.07942708333333333 0.05138888888888889
7 0.6668836805555556 0.38090277777777776 0.06032986111111111 0.12777777777777777
13 0.7506510416666666 0.475 0.1697048611111111 0.04791666666666667
8 0.7552083333333334 0.5762152777777778 0.0703125 0.05381944444444445
8 0.7037760416666666 0.5225694444444444 0.04296875 0.03194444444444444
