8 0.7400173611111112 0.3954861111111111 0.0842013888888889 0.07222222222222222
4 0.7404513888888888 0.3935763888888889 0.09114583333333333 0.08020833333333334
13 0.6812065972222222 0.3177083333333333 0.09071180555555555 0.08194444444444444
8 0.7404513888888888 0.3935763888888889 0.09114583333333333 0.08020833333333334
7 0.6875 0.5734375 0.2109375 0.16979166666666667
7 0.7439236111111112 0.3923611111111111 0.0954861111111111 0.07291666666666667
13 0.6783854166666666 0.3248263888888889 0.0842013888888889 0.078125
7 0.6805555555555556 0.45850694444444445 0.2170138888888889 0.2954861111111111
4 0.7400173611111112 0.3954861111111111 0.0842013888888889 0.07222222222222222
4 0.6362847222222222 0.42586805555555557 0.11458333333333333 0.18159722222222222
7 0.6668836805555556 0.4779513888888889 0.2660590277777778 0.35104166666666664
13 0.6922743055555556 0.33211805555555557 0.1171875 0.10381944444444445
8 0.7439236111111112 0.3923611111111111 0.0954861111111111 0.07291666666666667
11 0.6642795138888888 0.23472222222222222 0.26953125 0.19652777777777777
