11 0.12174479166666667 0.709375 0.04210069444444445 0.04375
9 0.5199652777777778 0.321875 0.328125 0.21736111111111112
11 0.12782118055555555 0.7069444444444445 0.04296875 0.041666666666666664
10 0.12174479166666667 0.709375 0.04210069444444445 0.04375
11 0.9468315972222222 0.7060763888888889 0.046440972222222224 0.04895833333333333
0 0.6013454861111112 0.30885416666666665 0.13932291666666666 0.1545138888888889
8 0.5160590277777778 0.29739583333333336 0.3125 0.23020833333333332
7 0.5160590277777778 0.29739583333333336 0.3125 0.23020833333333332
9 0.3856336805555556 0.3390625 0.11241319444444445 0.1579861111111111
11 0.9463975694444444 0.7020833333333333 0.03428819444444445 0.049305555555555554
10 0.12348090277777778 0.6958333333333333 0.06553819444444445 0.03888888888888889
10 0.12782118055555555 0.7069444444444445 0.04296875 0.041666666666666664
10 0.9468315972222222 0.7060763888888889 0.046440972222222224 0.04895833333333333
11 0.12348090277777778 0.6958333333333333 0.06553819444444445 0.03888888888888889
10 0.9463975694444444 0.7020833333333333 0.03428819444444445 0.049305555555555554
8 0.5199652777777778 0.321875 0.328125 0.21736111111111112
