1 675.0 877.0 266.0 490.0
0 1256.0 1263.0 298.0 512.0
11 327.0 1854.5 130.0 587.0
9 485.0 1797.5 244.0 399.0
10 295.0 2300.0 110.0 156.0
11 693.5 893.5 361.0 315.0
10 314.0 2239.5 122.0 257.0
11 637.0 983.5 352.0 639.0
13 508.5 1214.0 215.0 94.0
11 295.0 2300.0 110.0 156.0
11 285.5 2311.5 97.0 191.0
0 1258.5 1248.5 303.0 463.0
13 1593.5 865.5 91.0 89.0
13 630.0 1405.5 256.0 975.0
11 314.0 2239.5 122.0 257.0
10 285.5 2311.5 97.0 191.0
13 577.0 1168.5 330.0 407.0
1 630.0 1405.5 256.0 975.0
13 468.0 1818.0 228.0 374.0
