4 0.668925702811245 0.27745535714285713 0.2003012048192771 0.20669642857142856
0 0.5758032128514057 0.29977678571428573 0.12449799196787148 0.11830357142857142
1 0.6701807228915663 0.22276785714285716 0.21285140562248997 0.17946428571428572
0 0.5582329317269076 0.29151785714285716 0.15261044176706828 0.13214285714285715
3 0.5717871485943775 0.6046875 0.46987951807228917 0.11294642857142857
3 0.5647590361445783 0.6176339285714286 0.45481927710843373 0.128125
3 0.5670180722891566 0.5779017857142857 0.45732931726907633 0.1263392857142857
7 0.6701807228915663 0.22276785714285716 0.21285140562248997 0.17946428571428572
4 0.6679216867469879 0.2520089285714286 0.23443775100401607 0.27633928571428573
7 0.6679216867469879 0.2520089285714286 0.23443775100401607 0.27633928571428573
