9 0.5147586757080176 0.6331572991324028 0.23893099321898684 0.053187476423990944
1 0.3394495412844037 0.4907582044511505 0.16354208216992422 0.22406639004149378
13 0.8181092939768648 0.48491135420596 0.11886717191862785 0.04790645039607695
1 0.26226565616274433 0.4903809883062995 0.35540486637415236 0.7152018106374953
7 0.26226565616274433 0.4903809883062995 0.35540486637415236 0.7152018106374953
10 0.2080175508575987 0.5058468502451905 0.2285600319106502 0.7921539041870992
4 0.26785001994415636 0.46397585816672954 0.35939369764658957 0.8706148623161071
4 0.26226565616274433 0.4903809883062995 0.35540486637415236 0.7152018106374953
12 0.2080175508575987 0.5058468502451905 0.2285600319106502 0.7921539041870992
4 0.33187076186677306 0.23708034703885325 0.2130035899481452 0.2259524707657488
