7 0.23546006944444445 0.46822916666666664 0.17838541666666666 0.0920138888888889
7 0.22547743055555555 0.48454861111111114 0.1740451388888889 0.12048611111111111
7 0.23524305555555555 0.4814236111111111 0.2092013888888889 0.12465277777777778
6 0.23546006944444445 0.46822916666666664 0.17838541666666666 0.0920138888888889
0 0.56640625 0.2980902777777778 0.08072916666666667 0.06631944444444444
3 0.5601128472222222 0.5152777777777777 0.39453125 0.14097222222222222
3 0.5620659722222222 0.5449652777777778 0.3923611111111111 0.11701388888888889
0 0.5538194444444444 0.31180555555555556 0.1032986111111111 0.09652777777777778
7 0.7411024305555556 0.5326388888888889 0.15147569444444445 0.14791666666666667
3 0.5596788194444444 0.5463541666666667 0.3980034722222222 0.09131944444444444
