13 0.7045275590551181 0.22802734375 0.12244094488188977 0.06998697916666667
11 0.5610236220472441 0.15250651041666666 0.11496062992125984 0.0302734375
3 0.5476377952755905 0.6373697916666666 0.3826771653543307 0.119140625
11 0.5862204724409449 0.15364583333333334 0.16535433070866143 0.039713541666666664
0 0.531496062992126 0.3518880208333333 0.1732283464566929 0.14778645833333334
0 0.5440944881889764 0.3297526041666667 0.14488188976377953 0.11002604166666667
11 0.34586614173228347 0.18522135416666666 0.08228346456692913 0.01953125
11 0.5840551181102362 0.15494791666666666 0.17834645669291338 0.033854166666666664
3 0.5450787401574804 0.62744140625 0.40039370078740155 0.10970052083333333
0 0.5545275590551181 0.337890625 0.1405511811023622 0.12825520833333334
