3 0.525390625 0.5114583333333333 0.4379340277777778 0.12986111111111112
10 0.1701388888888889 0.5177083333333333 0.2404513888888889 0.16041666666666668
7 0.2623697916666667 0.4625 0.23741319444444445 0.11944444444444445
0 0.5308159722222222 0.32534722222222223 0.125 0.11388888888888889
0 0.5221354166666666 0.3237847222222222 0.13368055555555555 0.10104166666666667
7 0.23111979166666666 0.4666666666666667 0.23567708333333334 0.06666666666666667
3 0.5451388888888888 0.5125 0.4236111111111111 0.13958333333333334
3 0.541015625 0.4973958333333333 0.4162326388888889 0.10590277777777778
10 0.23828125 0.4876736111111111 0.3098958333333333 0.20451388888888888
0 0.5323350694444444 0.3220486111111111 0.08897569444444445 0.0954861111111111
10 0.24327256944444445 0.5510416666666667 0.3493923611111111 0.21736111111111112
