3 1540.5 1755.0 1151.0 638.0
11 1665.0 294.5 274.0 81.0
9 2045.5 164.0 461.0 296.0
9 2549.0 2090.0 84.0 402.0
11 320.5 1951.5 57.0 193.0
3 1537.0 1722.0 1138.0 688.0
9 559.0 1310.0 1008.0 910.0
10 320.5 1951.5 57.0 193.0
9 1901.5 162.0 669.0 312.0
9 474.0 244.5 676.0 393.0
11 1052.5 332.5 227.0 57.0
9 514.0 1173.0 958.0 628.0
9 169.0 1994.0 216.0 1890.0
9 122.5 2132.0 187.0 1924.0
3 1527.5 1742.5 1165.0 655.0
0 1548.5 795.5 357.0 407.0
7 559.0 1310.0 1008.0 910.0
9 1902.5 174.5 687.0 321.0
9 538.0 204.0 856.0 390.0
9 162.5 2071.0 279.0 2022.0
9 519.5 180.0 845.0 320.0
11 1687.5 290.0 299.0 64.0
11 1067.5 331.5 111.0 51.0
0 1556.0 821.0 346.0 460.0
0 1539.5 795.5 379.0 387.0
