8 0.7809579439252337 0.542574931880109 0.06347352024922118 0.05381471389645776
8 0.780373831775701 0.5441076294277929 0.0763239875389408 0.05415531335149864
8 0.7758956386292835 0.5470027247956403 0.06658878504672897 0.055858310626702996
8 0.8790887850467289 0.5405313351498637 0.05179127725856698 0.04427792915531335
8 0.8366433021806854 0.6495231607629428 0.044003115264797506 0.04904632152588556
11 0.06580996884735202 0.8099455040871935 0.04750778816199377 0.0776566757493188
11 0.06873052959501558 0.8215258855585831 0.04010903426791277 0.03746594005449591
0 0.5934579439252337 0.3341280653950954 0.1261682242990654 0.11035422343324251
7 0.7758956386292835 0.5470027247956403 0.06658878504672897 0.055858310626702996
0 0.5903426791277259 0.3460490463215259 0.12694704049844235 0.1444141689373297
10 0.06580996884735202 0.8099455040871935 0.04750778816199377 0.0776566757493188
8 0.8800623052959502 0.5379768392370572 0.04672897196261682 0.039850136239782015
11 0.38531931464174457 0.13198228882833787 0.12188473520249221 0.030313351498637602
8 0.8362538940809969 0.6544618528610354 0.05179127725856698 0.0473433242506812
11 0.3862928348909657 0.13249318801089918 0.11059190031152648 0.02997275204359673
8 0.8763629283489096 0.5381471389645777 0.04244548286604361 0.04564032697547684
10 0.06873052959501558 0.8215258855585831 0.04010903426791277 0.03746594005449591
8 0.8409267912772586 0.6529291553133515 0.0455607476635514 0.04904632152588556
