10 209.5 2228.0 53.0 136.0
8 861.5 1272.0 253.0 320.0
4 1447.0 787.5 350.0 397.0
0 1273.0 1101.0 284.0 332.0
13 616.5 1253.0 489.0 850.0
11 758.5 626.5 257.0 93.0
8 900.5 1180.0 353.0 526.0
13 600.5 1088.5 483.0 491.0
7 732.0 1518.0 360.0 290.0
13 612.5 1166.0 557.0 722.0
11 237.5 2223.5 121.0 185.0
8 1458.5 1349.5 229.0 269.0
13 720.0 1526.5 354.0 257.0
6 612.5 1166.0 557.0 722.0
4 732.0 1518.0 360.0 290.0
7 720.0 1526.5 354.0 257.0
13 1729.5 1268.0 291.0 216.0
13 1743.5 1275.5 263.0 231.0
11 209.5 2228.0 53.0 136.0
11 1424.5 624.5 297.0 55.0
13 1733.5 1257.0 321.0 256.0
4 726.0 1515.5 354.0 245.0
11 737.0 630.5 288.0 113.0
