5 0.7645372645372646 0.38816524004465947 0.27764127764127766 0.6237439523632303
5 0.7811220311220312 0.509304056568664 0.273955773955774 0.3703014514328247
5 0.2532760032760033 0.38462969854856716 0.4189189189189189 0.6017863788611835
3 0.5997133497133497 0.5675474506885002 0.5294840294840295 0.22999627837737252
2 0.6406633906633906 0.2804242649795311 0.08640458640458641 0.126163007071083
0 0.6214168714168714 0.285076293263863 0.15028665028665028 0.15705247487904728
5 0.23812448812448814 0.5018608113137328 0.37796887796887796 0.39709713435057686
5 0.28521703521703523 0.5303312244138444 0.14864864864864866 0.1577967994045404
5 0.8208435708435708 0.5115370301451433 0.13963963963963963 0.19538518794194268
2 0.6404586404586404 0.28395980647562336 0.07944307944307945 0.13100111648678825
