3 0.5850293204553294 0.7281821317695757 0.4953432218006209 0.15108658157985513
11 0.9279061745429459 0.8884097964815454 0.03380476026215937 0.08727147292169714
0 0.5776129699896516 0.38133839254915486 0.161090031045188 0.19558468437392204
3 0.5808899620558814 0.7221455674370473 0.4808554674025526 0.15143152811314245
10 0.9279061745429459 0.8884097964815454 0.03380476026215937 0.08727147292169714
0 0.5808899620558814 0.38892721628147636 0.15246636771300448 0.21076233183856502
11 0.615039668851328 0.14798206278026907 0.07105898585719214 0.03380476026215937
0 0.5798551224560193 0.36305622628492584 0.15315626077957917 0.16591928251121077
3 0.5662297343911694 0.7288720248361504 0.5053466712659538 0.1731631597102449
11 0.37098999655053466 0.12694032424974128 0.07899275612280096 0.01586754053121766
