5 0.29178370786516855 0.5791511771995044 0.23314606741573032 0.3949814126394052
13 0.7222612359550562 0.7939900867410161 0.14676966292134833 0.1332094175960347
6 0.7222612359550562 0.7939900867410161 0.14676966292134833 0.1332094175960347
0 0.5793539325842697 0.4347893432465923 0.11376404494382023 0.11369268897149938
6 0.3239115168539326 0.6739467162329615 0.20189606741573032 0.17007434944237917
0 0.5876053370786517 0.43664807930607186 0.10849719101123595 0.10687732342007435
5 0.7814255617977528 0.6232961586121437 0.13377808988764045 0.36121437422552666
5 0.7412219101123596 0.7044609665427509 0.21980337078651685 0.2614622057001239
0 0.5793539325842697 0.4306071871127633 0.10463483146067416 0.09231722428748451
5 0.3065308988764045 0.6744114002478315 0.19592696629213482 0.24349442379182157
