13 1704.0 2070.5 102.0 161.0
13 1376.5 792.5 283.0 351.0
9 802.5 1530.5 87.0 125.0
2 1404.5 898.0 203.0 100.0
8 613.0 1214.0 262.0 122.0
13 802.5 1530.5 87.0 125.0
2 1376.5 792.5 283.0 351.0
2 591.5 1616.5 73.0 105.0
8 614.0 1030.0 114.0 130.0
8 1312.5 875.0 49.0 40.0
8 799.5 1534.5 101.0 141.0
13 1633.0 1518.0 126.0 98.0
8 1633.0 1518.0 126.0 98.0
8 444.0 1486.0 146.0 118.0
2 802.5 1530.5 87.0 125.0
2 1342.0 655.5 228.0 315.0
2 793.0 616.0 168.0 210.0
2 1624.0 1503.0 164.0 108.0
2 451.5 1494.0 113.0 114.0
8 1480.5 934.0 49.0 34.0
2 1666.0 1696.0 140.0 174.0
2 612.5 1213.5 245.0 115.0
11 793.0 616.0 168.0 210.0
9 586.5 1619.0 73.0 106.0
13 586.5 1619.0 73.0 106.0
2 797.5 1527.0 91.0 142.0
8 587.5 1619.5 73.0 121.0
2 613.0 1024.5 120.0 115.0
2 1321.0 692.5 170.0 175.0
2 1633.0 1518.0 126.0 98.0
8 1644.0 1508.5 142.0 103.0
2 1712.0 2076.0 72.0 134.0
2 1704.0 2070.5 102.0 161.0
8 1691.0 1734.0 80.0 66.0
13 619.5 1035.0 109.0 88.0
8 1662.5 1680.5 137.0 179.0
13 449.5 1500.5 125.0 111.0
11 1342.0 655.5 228.0 315.0
2 825.0 644.5 114.0 179.0
