11 0.3344267955801105 0.17723651960784315 0.19509668508287292 0.07628676470588236
11 0.33874309392265195 0.1948529411764706 0.2506906077348066 0.07169117647058823
3 0.5930593922651933 0.678921568627451 0.4471685082872928 0.17463235294117646
11 0.7083908839779005 0.21675857843137256 0.23653314917127072 0.0977328431372549
0 0.5654350828729282 0.3524816176470588 0.11222375690607735 0.07628676470588236
3 0.6013466850828729 0.6714154411764706 0.443024861878453 0.1412377450980392
11 0.8977900552486188 0.7930453431372549 0.05041436464088398 0.0628063725490196
0 0.5707872928176796 0.3636642156862745 0.10497237569060773 0.1170343137254902
0 0.5747582872928176 0.36151960784313725 0.09426795580110497 0.09620098039215687
11 0.7042472375690608 0.19883578431372548 0.19924033149171272 0.07107843137254902
3 0.600310773480663 0.6409313725490197 0.4299033149171271 0.18872549019607843
