13 0.760552570990023 0.2528443113772455 0.1903300076745971 0.20688622754491018
10 0.1281657712970069 0.9080838323353293 0.04528012279355334 0.04311377245508982
11 0.3259785111281658 0.11317365269461079 0.08019953952417498 0.03293413173652695
10 0.8580199539524175 0.8910179640718563 0.04681504221028396 0.04491017964071856
11 0.8547582501918649 0.8805389221556886 0.05257099002302379 0.038922155688622756
11 0.1281657712970069 0.9080838323353293 0.04528012279355334 0.04311377245508982
11 0.12682271680736762 0.9035928143712575 0.05487336914811972 0.037125748502994015
7 0.3854566385264774 0.15104790419161676 0.07559478127398311 0.038622754491017965
10 0.1254796623177283 0.8980538922155689 0.06907137375287797 0.058383233532934134
11 0.1254796623177283 0.8980538922155689 0.06907137375287797 0.058383233532934134
11 0.8580199539524175 0.8910179640718563 0.04681504221028396 0.04491017964071856
7 0.36607828089025324 0.14535928143712576 0.0851880276285495 0.08233532934131736
13 0.7624712202609363 0.26272455089820357 0.21872601688411358 0.22365269461077844
6 0.7624712202609363 0.26272455089820357 0.21872601688411358 0.22365269461077844
13 0.3674213353798926 0.17140718562874252 0.0955487336914812 0.1062874251497006
10 0.8547582501918649 0.8805389221556886 0.05257099002302379 0.038922155688622756
10 0.12682271680736762 0.9035928143712575 0.05487336914811972 0.037125748502994015
13 0.7079815809669993 0.23023952095808384 0.22870299309286263 0.2215568862275449
