13 734.0 1909.5 642.0 823.0
7 2168.5 1430.5 651.0 825.0
11 789.0 949.5 608.0 723.0
11 732.0 887.0 614.0 522.0
13 2077.5 1332.5 975.0 1397.0
1 800.5 1144.5 687.0 587.0
11 2583.0 2924.0 122.0 210.0
1 2081.5 1360.5 763.0 743.0
11 2283.5 853.5 211.0 299.0
11 2015.5 721.5 681.0 339.0
13 796.0 1555.5 766.0 1549.0
13 2081.5 1360.5 763.0 743.0
13 2168.5 1430.5 651.0 825.0
13 841.0 1153.5 798.0 613.0
5 2081.5 1360.5 763.0 743.0
13 800.5 1144.5 687.0 587.0
11 784.0 943.0 672.0 596.0
5 800.5 1144.5 687.0 587.0
