13 0.307909604519774 0.4094973789700894 0.06591337099811675 0.1147086031452359
13 0.8035781544256121 0.45081714461917977 0.11186440677966102 0.14862781375269812
8 0.8035781544256121 0.45081714461917977 0.11186440677966102 0.14862781375269812
10 0.09642184557438795 0.8208448967005859 0.05725047080979284 0.0425531914893617
2 0.2885122410546139 0.42645698427382056 0.02862523540489642 0.016034535923527597
13 0.2896421845574388 0.4252235584335492 0.02937853107344633 0.022201665124884366
2 0.307909604519774 0.4094973789700894 0.06591337099811675 0.1147086031452359
2 0.796045197740113 0.4124267653407339 0.11261770244821093 0.05334566759173605
13 0.796045197740113 0.4124267653407339 0.11261770244821093 0.05334566759173605
13 0.8058380414312618 0.4629972247918594 0.0975517890772128 0.12735121800801727
8 0.2885122410546139 0.42645698427382056 0.02862523540489642 0.016034535923527597
11 0.09642184557438795 0.8208448967005859 0.05725047080979284 0.0425531914893617
8 0.2896421845574388 0.4252235584335492 0.02937853107344633 0.022201665124884366
3 0.5819209039548022 0.67190872648782 0.3992467043314501 0.17391304347826086
