2 0.7335069444444444 0.7208333333333333 0.08159722222222222 0.052083333333333336
2 0.6875 0.34774305555555557 0.19270833333333334 0.14756944444444445
13 0.7194010416666666 0.4152777777777778 0.16710069444444445 0.26180555555555557
13 0.6875 0.34774305555555557 0.19270833333333334 0.14756944444444445
8 0.7443576388888888 0.5211805555555555 0.07118055555555555 0.04583333333333333
2 0.7443576388888888 0.5211805555555555 0.07118055555555555 0.04583333333333333
2 0.7074652777777778 0.3619791666666667 0.1545138888888889 0.14895833333333333
2 0.7428385416666666 0.5199652777777778 0.08289930555555555 0.04618055555555556
8 0.7194010416666666 0.4152777777777778 0.16710069444444445 0.26180555555555557
13 0.7291666666666666 0.7211805555555556 0.0642361111111111 0.04652777777777778
8 0.7291666666666666 0.7211805555555556 0.0642361111111111 0.04652777777777778
13 0.7428385416666666 0.5199652777777778 0.08289930555555555 0.04618055555555556
8 0.7326388888888888 0.7255208333333333 0.08072916666666667 0.05798611111111111
13 0.7326388888888888 0.7255208333333333 0.08072916666666667 0.05798611111111111
13 0.7074652777777778 0.3619791666666667 0.1545138888888889 0.14895833333333333
8 0.6875 0.34774305555555557 0.19270833333333334 0.14756944444444445
13 0.7335069444444444 0.7208333333333333 0.08159722222222222 0.052083333333333336
