3 0.6255364806866953 0.6307043650793651 0.46030042918454933 0.11557539682539683
11 0.3267167381974249 0.12996031746031747 0.19527896995708155 0.04662698412698413
3 0.6349248927038627 0.6096230158730159 0.4458154506437768 0.1388888888888889
3 0.6365343347639485 0.636656746031746 0.4479613733905579 0.1324404761904762
11 0.7242489270386266 0.1453373015873016 0.12017167381974249 0.05357142857142857
3 0.566255364806867 0.3142361111111111 0.10568669527896996 0.1433531746031746
11 0.29640557939914164 0.1463293650793651 0.13894849785407726 0.041666666666666664
0 0.5539163090128756 0.2924107142857143 0.1303648068669528 0.09573412698412699
11 0.5928111587982833 0.1359126984126984 0.07832618025751073 0.05654761904761905
0 0.5694742489270386 0.29836309523809523 0.11105150214592274 0.11755952380952381
