3 0.5345052083333334 0.6421875 0.4006076388888889 0.10104166666666667
11 0.3318142361111111 0.2029513888888889 0.15321180555555555 0.06076388888888889
0 0.5288628472222222 0.3484375 0.10807291666666667 0.07951388888888888
2 0.21223958333333334 0.6190972222222222 0.028645833333333332 0.01875
3 0.5355902777777778 0.6319444444444444 0.3940972222222222 0.12152777777777778
0 0.5295138888888888 0.34357638888888886 0.0998263888888889 0.07465277777777778
8 0.2131076388888889 0.6190972222222222 0.021701388888888888 0.013888888888888888
8 0.21223958333333334 0.6190972222222222 0.028645833333333332 0.01875
3 0.5314670138888888 0.6291666666666667 0.3953993055555556 0.13541666666666666
11 0.6783854166666666 0.25798611111111114 0.05642361111111111 0.052083333333333336
0 0.5197482638888888 0.3454861111111111 0.12022569444444445 0.07430555555555556
