7 0.28036605657237934 0.6722054380664653 0.2870216306156406 0.1283987915407855
3 0.6358153078202995 0.6773036253776435 0.49292845257903495 0.1642749244712991
0 0.5734193011647255 0.37972054380664655 0.11938435940099834 0.11367069486404834
3 0.617720465890183 0.6554003021148036 0.4700499168053245 0.15672205438066467
11 0.6349833610648918 0.2116691842900302 0.10690515806988353 0.026057401812688823
10 0.11626455906821963 0.709214501510574 0.08444259567387687 0.09063444108761329
3 0.6304076539101497 0.6714501510574018 0.4721297836938436 0.13217522658610273
0 0.5682196339434277 0.36744712990936557 0.11980033277870217 0.07250755287009064
4 0.28036605657237934 0.6722054380664653 0.2870216306156406 0.1283987915407855
2 0.6052412645590682 0.39029456193353473 0.04742096505823627 0.04267371601208459
7 0.2749584026622296 0.6508685800604229 0.23544093178036607 0.05324773413897281
11 0.1374792013311148 0.6973187311178247 0.08361064891846921 0.08119335347432025
0 0.5740432612312812 0.39595921450151056 0.11730449251247921 0.1438821752265861
