7 0.7375492654962379 0.31928104575163396 0.3027588677893228 0.4947712418300654
10 0.8043711931207452 0.619281045751634 0.21927624507345037 0.2954248366013072
3 0.6377642422070943 0.5934640522875817 0.4643496954496596 0.1869281045751634
4 0.737370118237191 0.38202614379084965 0.28735220351128626 0.3156862745098039
7 0.7423862414905052 0.32630718954248367 0.29810103905410246 0.48594771241830065
11 0.12844858473665352 0.7263071895424836 0.033321390182730205 0.04803921568627451
10 0.12844858473665352 0.7263071895424836 0.033321390182730205 0.04803921568627451
11 0.12361160874238625 0.7330065359477124 0.04299534217126478 0.08235294117647059
11 0.7386241490505195 0.1880718954248366 0.22250089573629522 0.15261437908496733
1 0.7375492654962379 0.31928104575163396 0.3027588677893228 0.4947712418300654
9 0.5295592977427446 0.27794117647058825 0.1748477248298101 0.4454248366013072
10 0.8620566105338588 0.6401960784313725 0.15693299892511645 0.34444444444444444
7 0.737370118237191 0.38202614379084965 0.28735220351128626 0.3156862745098039
3 0.6449301325689717 0.6468954248366013 0.5374417771408098 0.23169934640522877
10 0.12361160874238625 0.7330065359477124 0.04299534217126478 0.08235294117647059
