3 0.5692274305555556 0.640625 0.4205729166666667 0.18958333333333333
0 0.5679253472222222 0.38506944444444446 0.12456597222222222 0.11180555555555556
9 0.7469618055555556 0.6329861111111111 0.2951388888888889 0.20069444444444445
0 0.5735677083333334 0.38090277777777776 0.1150173611111111 0.10625
9 0.7916666666666666 0.5628472222222223 0.1935763888888889 0.08541666666666667
8 0.8075086805555556 0.6394097222222223 0.024739583333333332 0.022569444444444444
9 0.2380642361111111 0.1857638888888889 0.046440972222222224 0.043055555555555555
0 0.5646701388888888 0.3831597222222222 0.1328125 0.11145833333333334
13 0.24500868055555555 0.48802083333333335 0.06553819444444445 0.10590277777777778
11 0.5946180555555556 0.20208333333333334 0.06163194444444445 0.04513888888888889
3 0.5705295138888888 0.6390625 0.4049479166666667 0.12395833333333334
