11 0.38171140939597314 0.22724089635854341 0.11241610738255034 0.018207282913165267
11 0.3412332214765101 0.23774509803921567 0.1078020134228188 0.03221288515406162
7 0.7443372483221476 0.5127801120448179 0.1967281879194631 0.17471988795518206
13 0.7403523489932886 0.45518207282913165 0.2332214765100671 0.07913165266106442
7 0.7283976510067114 0.49177170868347336 0.22021812080536912 0.19432773109243698
10 0.7508389261744967 0.5992647058823529 0.2575503355704698 0.2342436974789916
3 0.5406879194630873 0.6293767507002801 0.3959731543624161 0.16141456582633054
10 0.7950922818791947 0.5931372549019608 0.2462248322147651 0.32142857142857145
11 0.7653104026845637 0.2759103641456583 0.15226510067114093 0.10014005602240897
11 0.7300755033557047 0.2417717086834734 0.1363255033557047 0.04656862745098039
13 0.7479026845637584 0.4495798319327731 0.18791946308724833 0.07983193277310924
7 0.7464345637583892 0.5225840336134454 0.15645973154362416 0.15231092436974789
0 0.5608221476510067 0.3792016806722689 0.11493288590604027 0.11274509803921569
11 0.6638003355704698 0.23634453781512604 0.11703020134228188 0.025210084033613446
10 0.7502097315436241 0.5565476190476191 0.23196308724832215 0.3336834733893557
