7 0.7784313725490196 0.4306190911863373 0.19477124183006536 0.3897529734675206
4 0.3187908496732026 0.36017078377554135 0.2173202614379085 0.3513266239707228
0 0.5741830065359477 0.2985666361695639 0.12026143790849673 0.11039951204635559
9 0.14558823529411766 0.26014028667276606 0.1218954248366013 0.21469960353766393
9 0.7308823529411764 0.35651113144251295 0.2107843137254902 0.25373589508996647
9 0.24673202614379086 0.4089661482159195 0.45294117647058824 0.31473010064043916
0 0.5774509803921568 0.30878316559926805 0.1111111111111111 0.1296126867947545
7 0.3187908496732026 0.36017078377554135 0.2173202614379085 0.3513266239707228
7 0.3284313725490196 0.38014638609332113 0.20980392156862746 0.3302836230558097
12 0.2725490196078431 0.4056114669106435 0.36993464052287583 0.6245806648368405
9 0.07761437908496732 0.7028057334553217 0.13758169934640524 0.5699908508691675
3 0.5544117647058824 0.5861543153400427 0.384640522875817 0.10491003354681305
9 0.7888888888888889 0.37938395852394025 0.33202614379084966 0.23970722781335774
4 0.32287581699346407 0.3937175968283013 0.2045751633986928 0.2476364745349192
9 0.10931372549019608 0.541171088746569 0.21470588235294116 0.8469045440683135
9 0.7204248366013072 0.04330588594083562 0.18594771241830066 0.08661177188167124
9 0.10016339869281046 0.5692284232997865 0.16895424836601308 0.801158889905459
9 0.3047385620915033 0.07639524245196706 0.1284313725490196 0.1405916437938396
9 0.30245098039215684 0.07639524245196706 0.12254901960784313 0.12168344007319305
9 0.5356209150326797 0.06541628545288197 0.596078431372549 0.12656297651723086
9 0.6665032679738562 0.06282403171698689 0.15849673202614378 0.10491003354681305
