6 0.6842369477911646 0.20008250825082508 0.24096385542168675 0.18316831683168316
0 0.5705321285140562 0.28527227722772275 0.15311244979919678 0.11344884488448845
13 0.3079819277108434 0.21617161716171618 0.24447791164658633 0.11138613861386139
0 0.5815763052208835 0.29125412541254125 0.14206827309236947 0.12046204620462046
6 0.3112449799196787 0.22153465346534654 0.2580321285140562 0.1674917491749175
13 0.7053212851405622 0.21740924092409242 0.22389558232931728 0.13696369636963696
13 0.7118473895582329 0.21905940594059406 0.18072289156626506 0.12706270627062707
13 0.3112449799196787 0.22153465346534654 0.2580321285140562 0.1674917491749175
0 0.5655120481927711 0.27825907590759075 0.15612449799196787 0.10272277227722772
13 0.2833835341365462 0.22566006600660066 0.16114457831325302 0.13366336633663367
