8 0.818222891566265 0.7249119718309859 0.02319277108433735 0.017312206572769953
0 0.5754518072289156 0.4127053990610329 0.09548192771084338 0.0619131455399061
13 0.27228915662650605 0.34110915492957744 0.04939759036144578 0.02318075117370892
8 0.3911144578313253 0.4392605633802817 0.0605421686746988 0.10328638497652583
3 0.5748493975903615 0.7109741784037559 0.425 0.17546948356807512
8 0.8186746987951807 0.7244718309859155 0.022289156626506025 0.018192488262910797
13 0.27936746987951805 0.3277582159624413 0.06295180722891566 0.06748826291079812
8 0.30873493975903615 0.6000586854460094 0.015060240963855422 0.014084507042253521
13 0.309789156626506 0.35534037558685444 0.1292168674698795 0.0886150234741784
8 0.6762048192771084 0.4784330985915493 0.05602409638554217 0.11883802816901408
8 0.8246987951807229 0.7627640845070423 0.04457831325301205 0.022007042253521125
8 0.39292168674698796 0.43441901408450706 0.06234939759036145 0.09242957746478873
9 0.6239457831325301 0.4744718309859155 0.025602409638554216 0.03755868544600939
13 0.3260542168674699 0.37059859154929575 0.06114457831325301 0.04107981220657277
9 0.3882530120481928 0.49457159624413144 0.06566265060240964 0.2244718309859155
9 0.6756024096385542 0.4875293427230047 0.05060240963855422 0.21273474178403756
2 0.3882530120481928 0.49457159624413144 0.06566265060240964 0.2244718309859155
8 0.7024096385542169 0.5428403755868545 0.11686746987951807 0.06338028169014084
13 0.818222891566265 0.7249119718309859 0.02319277108433735 0.017312206572769953
8 0.30707831325301205 0.5997652582159625 0.020180722891566263 0.01584507042253521
3 0.5694277108433735 0.695862676056338 0.4316265060240964 0.14172535211267606
3 0.5856927710843374 0.704225352112676 0.4406626506024096 0.15551643192488263
0 0.5816265060240964 0.44160798122065725 0.11204819277108434 0.13497652582159625
7 0.33072289156626505 0.37529342723004694 0.07409638554216867 0.0528169014084507
2 0.6756024096385542 0.4875293427230047 0.05060240963855422 0.21273474178403756
8 0.6239457831325301 0.4744718309859155 0.025602409638554216 0.03755868544600939
