7 0.6227060093558834 0.20797773654916513 0.07592659229938827 0.12430426716141002
0 0.56729039222742 0.336734693877551 0.14213745951781218 0.1391465677179963
8 0.2175242893127024 0.36883116883116884 0.008996041741633681 0.009647495361781076
11 0.32655631522130263 0.1313543599257885 0.14717524289312703 0.06456400742115027
13 0.3668585822238215 0.17551020408163265 0.04713925872616049 0.08089053803339517
8 0.6263044260525369 0.20890538033395176 0.08312342569269521 0.11057513914656772
11 0.3418495861820799 0.14786641929499073 0.15041381792011516 0.053061224489795916
10 0.12774379273119826 0.7974025974025974 0.018711766822598057 0.03784786641929499
3 0.5579345088161209 0.6936920222634508 0.40554156171284633 0.1673469387755102
7 0.6083123425692695 0.19332096474953617 0.11910759265922993 0.1536178107606679
11 0.12774379273119826 0.7974025974025974 0.018711766822598057 0.03784786641929499
11 0.3184598776538323 0.1359925788497217 0.12234616768621806 0.052319109461966606
