11 2584.5 2636.0 119.0 122.0
9 374.0 589.0 418.0 264.0
5 2443.0 1922.5 516.0 1197.0
11 858.5 2545.0 147.0 220.0
11 2578.0 2566.0 158.0 158.0
5 1117.0 1755.0 628.0 1448.0
9 1110.0 1871.0 714.0 892.0
5 2413.0 1808.0 528.0 540.0
10 858.5 2545.0 147.0 220.0
9 356.5 591.0 437.0 252.0
11 2121.5 431.5 289.0 83.0
13 1139.0 1801.5 222.0 101.0
5 2523.0 2124.5 280.0 791.0
10 2578.0 2566.0 158.0 158.0
5 1110.0 1871.0 714.0 892.0
9 370.5 584.5 431.0 319.0
5 940.0 2001.5 278.0 703.0
11 883.5 2581.0 89.0 130.0
9 2413.0 1808.0 528.0 540.0
