8 0.7123214285714285 0.2061763655837201 0.025357142857142856 0.06104962513388076
11 0.6998214285714286 0.450017850767583 0.11035714285714286 0.15958586219207427
11 0.7551785714285715 0.7449125312388433 0.1875 0.08532666904676901
2 0.2830357142857143 0.726347732952517 0.2125 0.07247411638700464
7 0.8160714285714286 0.6463762941806498 0.019285714285714285 0.07318814709032488
11 0.29482142857142857 0.7281328097108176 0.24678571428571427 0.0567654409139593
7 0.27089285714285716 0.4318100678329168 0.1025 0.10460549803641557
2 0.2669642857142857 0.42752588361299537 0.11607142857142858 0.12317029632274187
11 0.2830357142857143 0.726347732952517 0.2125 0.07247411638700464
13 0.22 0.41717243841485185 0.029285714285714286 0.10389146733309532
11 0.2810714285714286 0.6001428061406641 0.21071428571428572 0.16922527668689755
8 0.71125 0.2034987504462692 0.023214285714285715 0.06069260978222064
2 0.7551785714285715 0.7449125312388433 0.1875 0.08532666904676901
11 0.8153571428571429 0.6238843270260621 0.03642857142857143 0.11531595858621921
11 0.2669642857142857 0.42752588361299537 0.11607142857142858 0.12317029632274187
3 0.5741071428571428 0.6349518029275258 0.36964285714285716 0.14744734023563014
11 0.27589285714285716 0.6138878971795787 0.17535714285714285 0.12816851124598358
7 0.28785714285714287 0.6128168511245984 0.205 0.14244912531238843
11 0.3460714285714286 0.29453766511960017 0.14714285714285713 0.17279543020349875
2 0.2810714285714286 0.6001428061406641 0.21071428571428572 0.16922527668689755
2 0.27589285714285716 0.6138878971795787 0.17535714285714285 0.12816851124598358
2 0.34517857142857145 0.29328811138878974 0.14464285714285716 0.16958229203855765
11 0.34517857142857145 0.29328811138878974 0.14464285714285716 0.16958229203855765
2 0.7039285714285715 0.5810424848268475 0.25642857142857145 0.25312388432702604
11 0.28785714285714287 0.6128168511245984 0.205 0.14244912531238843
11 0.27089285714285716 0.4318100678329168 0.1025 0.10460549803641557
11 0.8342857142857143 0.7823991431631561 0.03785714285714286 0.05605141021063906
11 0.2692857142857143 0.4355587290253481 0.10928571428571429 0.11924312745448054
11 0.34767857142857145 0.2950731881470903 0.1425 0.17458050696179936
11 0.7560714285714286 0.7424134237772224 0.19142857142857142 0.09603712959657265
2 0.7155357142857143 0.20010710460549805 0.0275 0.06890396287040343
11 0.28482142857142856 0.726347732952517 0.21964285714285714 0.08746876115672975
11 0.7039285714285715 0.5810424848268475 0.25642857142857145 0.25312388432702604
2 0.8153571428571429 0.6238843270260621 0.03642857142857143 0.11531595858621921
2 0.29482142857142857 0.7281328097108176 0.24678571428571427 0.0567654409139593
7 0.7521428571428571 0.4603712959657265 0.035 0.06104962513388076
2 0.7446428571428572 0.7381292395573009 0.18285714285714286 0.09103891467333096
2 0.2692857142857143 0.4355587290253481 0.10928571428571429 0.11924312745448054
8 0.6510714285714285 0.21099607283113173 0.05 0.03855765797929311
2 0.28482142857142856 0.726347732952517 0.21964285714285714 0.08746876115672975
11 0.7446428571428572 0.7381292395573009 0.18285714285714286 0.09103891467333096
2 0.7560714285714286 0.7424134237772224 0.19142857142857142 0.09603712959657265
2 0.3460714285714286 0.29453766511960017 0.14714285714285713 0.17279543020349875
2 0.6998214285714286 0.450017850767583 0.11035714285714286 0.15958586219207427
0 0.5642857142857143 0.30435558729025347 0.11214285714285714 0.10960371295965726
2 0.34767857142857145 0.2950731881470903 0.1425 0.17458050696179936
0 0.5651785714285714 0.311674401999286 0.11178571428571428 0.1270974651910032
10 0.8342857142857143 0.7823991431631561 0.03785714285714286 0.05605141021063906
