12 0.29538323621694307 0.5874384236453202 0.3576871358135365 0.1568144499178982
10 0.27835051546391754 0.7122331691297209 0.32003585835948006 0.10098522167487685
9 0.23711340206185566 0.4837848932676519 0.45450470640968177 0.25082101806239737
10 0.1555356342447333 0.666871921182266 0.10309278350515463 0.14573070607553365
10 0.2841774988794263 0.7013546798029556 0.3594800537875392 0.07019704433497537
9 0.06095921111609144 0.5262725779967159 0.09412819363514119 0.6338259441707718
12 0.2749887942626625 0.3302545155993432 0.3088301210219632 0.3550903119868637
9 0.2507844016136262 0.4408866995073892 0.4639175257731959 0.16502463054187191
9 0.7783505154639175 0.06814449917898194 0.24338861497086509 0.13218390804597702
12 0.28664276109368 0.2914614121510673 0.30076199013895116 0.3555008210180624
12 0.3005378753922008 0.23871100164203612 0.3411026445540117 0.19170771756978652
9 0.8290004482294935 0.06157635467980296 0.2998655311519498 0.11330049261083744
12 0.28731510533393095 0.5938013136288999 0.35051546391752575 0.14490968801313628
9 0.19004930524428507 0.07040229885057471 0.3594800537875392 0.13177339901477833
9 0.19161810847153743 0.07101806239737274 0.3411026445540117 0.14039408866995073
12 0.292021515015688 0.5923645320197044 0.31689825190497534 0.13628899835796388
9 0.5248767368892873 0.08210180623973727 0.767368892873151 0.11494252873563218
7 0.27454056476916183 0.3158866995073892 0.25504258180188255 0.42980295566502463
