11 0.221891140246325 0.1890686922060766 0.26181962653953117 0.22291941875825627
5 0.21017083829956298 0.5521796565389696 0.17719507350019864 0.19220607661822986
0 0.4920540325784664 0.3513870541611625 0.1728247914183552 0.22523117569352707
2 0.4439809296781883 0.3259577278731836 0.25148986889153757 0.15191545574636725
3 0.5025824394119984 0.5999009247027741 0.42908224076281287 0.14431968295904887
11 0.6100516487882399 0.15637384412153235 0.28406833531982517 0.11327608982826949
13 0.1724274930472785 0.5660501981505944 0.20818434644417957 0.14002642007926025
0 0.4439809296781883 0.3259577278731836 0.25148986889153757 0.15191545574636725
3 0.5067540723083035 0.5840488771466315 0.4358363130711164 0.2869881109643329
11 0.2077870480731029 0.19534346103038308 0.2542709574890743 0.24009247027741082
0 0.44715931664680175 0.3787978863936592 0.3063170441001192 0.2912813738441215
5 0.1724274930472785 0.5660501981505944 0.20818434644417957 0.14002642007926025
