13 0.187255859375 0.391 0.06201171875 0.0252
6 0.7109375 0.3436 0.2109375 0.288
11 0.843017578125 0.7268 0.03857421875 0.0568
10 0.8388671875 0.7218 0.0625 0.0596
6 0.71044921875 0.3518 0.236328125 0.29
10 0.843017578125 0.7268 0.03857421875 0.0568
7 0.7109375 0.3436 0.2109375 0.288
11 0.8388671875 0.7218 0.0625 0.0596
6 0.233642578125 0.3406 0.09326171875 0.1388
11 0.854248046875 0.7154 0.04345703125 0.0564
6 0.751220703125 0.4886 0.10498046875 0.1492
13 0.67822265625 0.3044 0.1328125 0.2184
10 0.854248046875 0.7154 0.04345703125 0.0564
13 0.21728515625 0.287 0.0478515625 0.03
