9 1443.5 695.5 71.0 93.0
9 1747.5 1102.5 157.0 93.0
9 384.5 1325.0 103.0 134.0
0 1340.0 1080.0 274.0 252.0
8 437.0 1599.5 74.0 71.0
13 1795.5 1720.5 385.0 143.0
9 1926.0 1589.5 88.0 129.0
9 158.0 774.0 90.0 124.0
11 872.0 563.5 354.0 65.0
7 1975.5 1889.0 121.0 186.0
8 406.0 1582.5 138.0 113.0
9 432.0 1599.5 78.0 77.0
8 327.5 2026.0 73.0 78.0
9 323.5 2020.5 87.0 87.0
9 1922.0 1191.0 86.0 80.0
11 1612.5 602.0 229.0 82.0
9 167.0 989.0 52.0 92.0
9 1821.5 1352.5 165.0 123.0
8 1037.5 940.0 135.0 152.0
9 1983.5 1899.5 119.0 169.0
9 1975.5 1889.0 121.0 186.0
9 117.0 1039.0 54.0 56.0
