9 0.8185763888888888 0.37517361111111114 0.15885416666666666 0.5052083333333334
10 0.6258680555555556 0.28628472222222223 0.2795138888888889 0.4739583333333333
7 0.6484375 0.30086805555555557 0.1935763888888889 0.3121527777777778
9 0.20008680555555555 0.03975694444444444 0.2126736111111111 0.07951388888888888
9 0.8702256944444444 0.33663194444444444 0.2595486111111111 0.5461805555555556
11 0.5225694444444444 0.1675347222222222 0.125 0.23298611111111112
12 0.6484375 0.19270833333333334 0.1345486111111111 0.08819444444444445
9 0.806640625 0.3503472222222222 0.1801215277777778 0.47430555555555554
9 0.20616319444444445 0.043229166666666666 0.1310763888888889 0.07256944444444445
7 0.6234809027777778 0.26493055555555556 0.2860243055555556 0.4236111111111111
12 0.640625 0.19496527777777778 0.12586805555555555 0.08784722222222222
11 0.681640625 0.27326388888888886 0.18880208333333334 0.43194444444444446
10 0.6325954861111112 0.3329861111111111 0.1896701388888889 0.19305555555555556
6 0.3040364583333333 0.40989583333333335 0.19140625 0.10868055555555556
