13 0.2122441778405081 0.6679351422898743 0.10973888496824277 0.045334215751158174
7 0.2459421312632322 0.7442091330244871 0.1834862385321101 0.04367968232958306
9 0.3013408609738885 0.7544672402382528 0.3267466478475653 0.14493712772998016
11 0.12244177840508116 0.7637326273990734 0.028228652081863093 0.08206485771012574
4 0.3013408609738885 0.7544672402382528 0.3267466478475653 0.14493712772998016
13 0.2125970359915314 0.6682660489741893 0.10832745236414962 0.05790866975512905
7 0.215772759350741 0.7443745863666446 0.1464361326746648 0.028788881535407016
3 0.5725123500352858 0.7610853739245532 0.481651376146789 0.15949702183984116
3 0.5980945659844742 0.74867637326274 0.4389555398729711 0.1313699536730642
10 0.22141848976711362 0.7870615486432826 0.21559633027522937 0.14195896757114493
0 0.5816866619618913 0.3944407677035076 0.10832745236414962 0.10125744540039709
11 0.2459421312632322 0.7442091330244871 0.1834862385321101 0.04367968232958306
10 0.12244177840508116 0.7637326273990734 0.028228652081863093 0.08206485771012574
0 0.5765702187720536 0.39212442091330246 0.12420606916019761 0.10655195234943746
13 0.20889202540578689 0.6667769688947717 0.11079745942131264 0.05294506949040371
