3 0.5579427083333334 0.5788194444444444 0.3763020833333333 0.1486111111111111
11 0.3947482638888889 0.21631944444444445 0.08203125 0.025
0 0.5551215277777778 0.35954861111111114 0.1519097222222222 0.11840277777777777
8 0.5987413194444444 0.37395833333333334 0.016927083333333332 0.0125
8 0.5872395833333334 0.3453125 0.018229166666666668 0.010069444444444445
0 0.5681423611111112 0.3746527777777778 0.1267361111111111 0.1486111111111111
0 0.5638020833333334 0.37864583333333335 0.13020833333333334 0.15659722222222222
3 0.5405815972222222 0.5947916666666667 0.3684895833333333 0.13819444444444445
8 0.6671006944444444 0.3697916666666667 0.025173611111111112 0.01597222222222222
8 0.6412760416666666 0.38784722222222223 0.016059027777777776 0.010416666666666666
11 0.62109375 0.23315972222222223 0.12413194444444445 0.022569444444444444
8 0.6558159722222222 0.34427083333333336 0.015625 0.014930555555555556
3 0.5520833333333334 0.5875 0.3732638888888889 0.13194444444444445
