13 0.33913764510779437 0.44584517045454547 0.06716417910447761 0.03799715909090909
11 0.13681592039800994 0.5830965909090909 0.05555555555555555 0.3274147727272727
11 0.3067993366500829 0.22407670454545456 0.22719734660033167 0.078125
6 0.24854892205638474 0.5901988636363636 0.16459369817578773 0.25923295454545453
9 0.1318407960199005 0.7258522727272727 0.0439469320066335 0.04616477272727273
7 0.21703980099502487 0.7061434659090909 0.061774461028192375 0.05788352272727273
7 0.23797678275290216 0.5619673295454546 0.1558872305140962 0.19495738636363635
10 0.134742951907131 0.7510653409090909 0.0978441127694859 0.15838068181818182
11 0.27570480928689883 0.5443892045454546 0.2131011608623549 0.26420454545454547
11 0.3036898839137645 0.2178622159090909 0.18449419568822553 0.048650568181818184
7 0.27570480928689883 0.5443892045454546 0.2131011608623549 0.26420454545454547
10 0.13329187396351574 0.7423650568181818 0.09660033167495855 0.15163352272727273
10 0.1654228855721393 0.7794744318181818 0.1724709784411277 0.07315340909090909
2 0.14033996683250416 0.712890625 0.060945273631840796 0.07208806818181818
