11 0.9230617088607594 0.8964241676942046 0.05261075949367089 0.058569667077681874
11 0.9248417721518988 0.8814734895191122 0.06566455696202532 0.07367447595561036
13 0.2731408227848101 0.4508323057953144 0.2377373417721519 0.2666461159062885
13 0.27412974683544306 0.4566892725030826 0.2199367088607595 0.313501849568434
13 0.7725474683544303 0.4349568434032059 0.20806962025316456 0.09432799013563502
13 0.7970727848101266 0.43557336621454995 0.1930379746835443 0.08939580764488286
4 0.205498417721519 0.41954377311960545 0.14833860759493672 0.16522811344019728
13 0.29964398734177217 0.4545314426633785 0.16653481012658228 0.2463008631319359
6 0.7725474683544303 0.4349568434032059 0.20806962025316456 0.09432799013563502
6 0.2731408227848101 0.4508323057953144 0.2377373417721519 0.2666461159062885
13 0.776503164556962 0.44528360049321825 0.25316455696202533 0.15752157829839705
