3 0.57920059215396 0.5769366819950478 0.4241302738712065 0.13441811107180757
0 0.5864174685418209 0.33038556773965333 0.11658031088082901 0.1549345596038203
7 0.27738712065136933 0.5021223912274496 0.2379718726868986 0.26918995401485674
13 0.306439674315322 0.4676335337813937 0.10214655810510732 0.16554651574106827
0 0.5756846780162842 0.33887513264945174 0.13286454478164322 0.1591793420587195
0 0.5627313101406366 0.3172974885037142 0.13286454478164322 0.1266360099044924
3 0.5760547742413027 0.553767244428723 0.41117690599555884 0.14184648036788114
3 0.5810510732790526 0.560841881853555 0.41228719467061437 0.14396887159533073
6 0.27738712065136933 0.5021223912274496 0.2379718726868986 0.26918995401485674
7 0.787379718726869 0.5045985143261408 0.13582531458179126 0.17934205871949063
7 0.27239082161361955 0.5056597099398655 0.24130273871206515 0.25787053413512556
11 0.3715766099185788 0.16855323664662186 0.16062176165803108 0.07251503360452777
