10 0.8543836805555556 0.6557291666666667 0.1488715277777778 0.14131944444444444
10 0.8990885416666666 0.6291666666666667 0.055121527777777776 0.16458333333333333
3 0.560546875 0.6310763888888888 0.4917534722222222 0.10868055555555556
0 0.5713975694444444 0.3628472222222222 0.12803819444444445 0.12152777777777778
3 0.5308159722222222 0.6548611111111111 0.4878472222222222 0.12222222222222222
11 0.8990885416666666 0.6291666666666667 0.055121527777777776 0.16458333333333333
10 0.8719618055555556 0.6411458333333333 0.1189236111111111 0.08854166666666667
0 0.5629340277777778 0.36215277777777777 0.14322916666666666 0.12569444444444444
3 0.5509982638888888 0.6282986111111111 0.4908854166666667 0.13229166666666667
7 0.7892795138888888 0.5980902777777778 0.22265625 0.08993055555555556
