0 0.553103219382675 0.3819905213270142 0.11848655824759376 0.14597156398104266
9 0.04447394623299038 0.65434439178515 0.08031861931629605 0.3981042654028436
11 0.671423830069698 0.12890995260663507 0.08894789246598075 0.04170616113744076
9 0.163126452041155 0.6429699842022117 0.31563226020577495 0.3848341232227488
13 0.2394623299037504 0.5440758293838862 0.19880517756388982 0.14470774091627173
11 0.16528377032857616 0.5462875197472354 0.15599070693660802 0.4562401263823065
7 0.1803849983405244 0.5676145339652449 0.14769332890806505 0.18988941548183255
13 0.24460670428144707 0.5415481832543444 0.19382675074676403 0.11500789889415482
0 0.5444739462329904 0.376303317535545 0.14105542648523067 0.14091627172195892
13 0.25041486890142717 0.4976303317535545 0.16627945569200134 0.018325434439178515
11 0.6473614337869233 0.12543443917851502 0.09591769000995685 0.017061611374407582
9 0.8099900431463658 0.5418641390205371 0.19548622635247262 0.3330173775671406
4 0.1803849983405244 0.5676145339652449 0.14769332890806505 0.18988941548183255
13 0.24493859940258877 0.5630331753554503 0.035844673083305675 0.08467614533965245
13 0.32841022236973116 0.1821484992101106 0.0985728509790906 0.06034755134281201
11 0.3121473614337869 0.1774091627172196 0.16362429472286757 0.05529225908372828
11 0.3040159309658148 0.17251184834123223 0.1971457019581812 0.06382306477093207
9 0.05409890474610023 0.6679304897314376 0.0949220046465317 0.43033175355450237
