10 0.1449652777777778 0.6244791666666667 0.05381944444444445 0.08784722222222222
11 0.1449652777777778 0.6244791666666667 0.05381944444444445 0.08784722222222222
13 0.7124565972222222 0.4019097222222222 0.016059027777777776 0.017013888888888887
13 0.7502170138888888 0.34097222222222223 0.016927083333333332 0.009722222222222222
0 0.5258246527777778 0.33350694444444445 0.10980902777777778 0.08784722222222222
13 0.7174479166666666 0.396875 0.030381944444444444 0.025694444444444443
0 0.5308159722222222 0.33003472222222224 0.09288194444444445 0.078125
0 0.5373263888888888 0.325 0.08506944444444445 0.07013888888888889
8 0.7447916666666666 0.3392361111111111 0.015625 0.013888888888888888
3 0.5453559027777778 0.5645833333333333 0.3771701388888889 0.1076388888888889
