13 0.7384196185286104 0.32479826194909994 0.10899182561307902 0.05431409062693979
13 0.3971389645776567 0.4273743016759777 0.08583106267029973 0.0595903165735568
2 0.3346389645776567 0.36576660459342025 0.07050408719346049 0.11390440720049659
11 0.369550408719346 0.24487895716945995 0.15940054495912806 0.03476101800124146
13 0.3186307901907357 0.40782122905027934 0.14066757493188012 0.1893234016139044
2 0.33753405994550406 0.37259466170080696 0.06948228882833787 0.11142147734326505
2 0.7636239782016349 0.8171942892613284 0.1927792915531335 0.1154562383612663
13 0.2780994550408719 0.5889199255121043 0.14884196185286103 0.09031657355679702
13 0.6670640326975477 0.324487895716946 0.12227520435967303 0.154252017380509
13 0.7581743869209809 0.8207635009310987 0.20844686648501362 0.1281812538795779
13 0.3346389645776567 0.36576660459342025 0.07050408719346049 0.11390440720049659
13 0.7636239782016349 0.8171942892613284 0.1927792915531335 0.1154562383612663
13 0.29427792915531337 0.47641216635630046 0.10013623978201634 0.08441961514587212
13 0.3867506811989101 0.27296710117939166 0.08344686648501362 0.0611421477343265
13 0.6851158038147139 0.3691806331471136 0.08480926430517712 0.06921166977032898
13 0.2736716621253406 0.5861266294227188 0.15837874659400544 0.09528243327126008
11 0.635899182561308 0.25186219739292365 0.15803814713896458 0.0723153320918684
13 0.6875 0.5940409683426443 0.08957765667574932 0.10738671632526381
2 0.7581743869209809 0.8207635009310987 0.20844686648501362 0.1281812538795779
2 0.7614100817438693 0.7675356921166977 0.1931198910081744 0.22098075729360644
11 0.7614100817438693 0.7675356921166977 0.1931198910081744 0.22098075729360644
2 0.299216621253406 0.4655493482309125 0.11273841961852861 0.07324643078833024
2 0.3186307901907357 0.40782122905027934 0.14066757493188012 0.1893234016139044
13 0.30040871934604907 0.5872129112352577 0.2050408719346049 0.07945375543140906
11 0.33753405994550406 0.37259466170080696 0.06948228882833787 0.11142147734326505
2 0.30040871934604907 0.5872129112352577 0.2050408719346049 0.07945375543140906
13 0.299216621253406 0.4655493482309125 0.11273841961852861 0.07324643078833024
