5 0.726318359375 0.4744 0.22216796875 0.3624
5 0.722900390625 0.4838 0.22705078125 0.3316
11 0.59912109375 0.2398 0.07421875 0.0172
3 0.51416015625 0.5848 0.4736328125 0.1312
5 0.204833984375 0.466 0.24755859375 0.3296
3 0.50927734375 0.5666 0.4765625 0.1244
5 0.694580078125 0.4524 0.31591796875 0.388
11 0.29736328125 0.2202 0.1279296875 0.0444
5 0.21044921875 0.4454 0.271484375 0.3308
0 0.530029296875 0.3444 0.11962890625 0.1096
0 0.537353515625 0.3654 0.12646484375 0.1244
11 0.662109375 0.2548 0.1318359375 0.0552
11 0.347900390625 0.1972 0.14892578125 0.0336
3 0.515380859375 0.5994 0.45947265625 0.0956
13 0.204345703125 0.3254 0.08447265625 0.0836
5 0.2119140625 0.4712 0.2509765625 0.3024
