6 0.3057725694444444 0.4921875 0.18272569444444445 0.18715277777777778
8 0.7241753472222222 0.4519097222222222 0.0646701388888889 0.05520833333333333
3 0.5874565972222222 0.5513888888888889 0.4361979166666667 0.11875
0 0.583984375 0.25503472222222223 0.11848958333333333 0.1371527777777778
3 0.5842013888888888 0.5305555555555556 0.4227430555555556 0.13055555555555556
0 0.5815972222222222 0.24184027777777778 0.12152777777777778 0.10520833333333333
8 0.7263454861111112 0.4546875 0.06380208333333333 0.046875
0 0.5748697916666666 0.2598958333333333 0.12803819444444445 0.14340277777777777
9 0.3057725694444444 0.4921875 0.18272569444444445 0.18715277777777778
3 0.5805121527777778 0.5375 0.4266493055555556 0.15347222222222223
8 0.7263454861111112 0.4517361111111111 0.06293402777777778 0.04652777777777778
