10 0.193359375 0.4439236111111111 0.3146701388888889 0.17465277777777777
0 0.4694010416666667 0.2423611111111111 0.12196180555555555 0.11041666666666666
0 0.4832899305555556 0.23368055555555556 0.0993923611111111 0.09722222222222222
9 0.10438368055555555 0.26284722222222223 0.03602430555555555 0.04027777777777778
7 0.18250868055555555 0.37690972222222224 0.24348958333333334 0.06493055555555556
10 0.1742621527777778 0.4388888888888889 0.2599826388888889 0.15347222222222223
7 0.18033854166666666 0.37482638888888886 0.17317708333333334 0.06631944444444444
9 0.107421875 0.2612847222222222 0.030815972222222224 0.04201388888888889
0 0.4709201388888889 0.2454861111111111 0.1232638888888889 0.10902777777777778
10 0.1605902777777778 0.4444444444444444 0.2300347222222222 0.17152777777777778
13 0.15494791666666666 0.3421875 0.1640625 0.06701388888888889
11 0.2204861111111111 0.10121527777777778 0.1032986111111111 0.05659722222222222
4 0.2189670138888889 0.38125 0.10807291666666667 0.059722222222222225
3 0.4665798611111111 0.45086805555555554 0.4001736111111111 0.14756944444444445
