13 0.6871744791666666 0.4532877604166667 0.203125 0.1826171875
13 0.71533203125 0.4248046875 0.1318359375 0.125
13 0.3151041666666667 0.3385416666666667 0.23372395833333334 0.22330729166666666
6 0.3038736979166667 0.35009765625 0.2236328125 0.2945963541666667
13 0.3312174479166667 0.3186848958333333 0.2535807291666667 0.2779947916666667
6 0.3312174479166667 0.3186848958333333 0.2535807291666667 0.2779947916666667
6 0.3151041666666667 0.3385416666666667 0.23372395833333334 0.22330729166666666
0 0.5572916666666666 0.3470052083333333 0.10026041666666667 0.11263020833333333
4 0.3038736979166667 0.35009765625 0.2236328125 0.2945963541666667
13 0.72314453125 0.4130859375 0.12272135416666667 0.115234375
6 0.6871744791666666 0.4532877604166667 0.203125 0.1826171875
13 0.3038736979166667 0.35009765625 0.2236328125 0.2945963541666667
