9 0.5179618768328446 0.51221928665786 0.26832844574780057 0.6605019815059445
9 0.5126466275659824 0.5312087186261559 0.23350439882697946 0.5135402906208718
5 0.27107771260997066 0.3167107001321004 0.11033724340175953 0.1763540290620872
13 0.7388196480938416 0.3674042272126816 0.24890029325513197 0.28963011889035667
9 0.5062316715542522 0.6003963011889035 0.22434017595307917 0.3368560105680317
6 0.7364369501466276 0.35518494055482164 0.23533724340175954 0.3015191545574637
5 0.7272727272727273 0.3252972258916777 0.22727272727272727 0.3579920739762219
13 0.7272727272727273 0.3252972258916777 0.22727272727272727 0.3579920739762219
13 0.23478739002932553 0.5274108322324967 0.1499266862170088 0.10039630118890357
5 0.21664222873900293 0.5815719947159842 0.1744868035190616 0.18295904887714662
11 0.7210410557184751 0.6938573315719947 0.04325513196480939 0.04953764861294584
5 0.24083577712609971 0.5331902245706737 0.24633431085043989 0.18527080581241745
5 0.7364369501466276 0.35518494055482164 0.23533724340175954 0.3015191545574637
5 0.25476539589442815 0.3287648612945839 0.1744868035190616 0.18196829590488772
