13 0.35446859903381644 0.3529929577464789 0.08977455716586151 0.14401408450704226
13 0.2502012882447665 0.4779929577464789 0.16143317230273752 0.08345070422535211
0 0.5825281803542673 0.4100352112676056 0.12399355877616747 0.125
3 0.590780998389694 0.6919014084507042 0.4327697262479871 0.11619718309859155
0 0.5835346215780999 0.4080985915492958 0.11151368760064412 0.11830985915492957
3 0.587157809983897 0.6596830985915493 0.41505636070853463 0.1334507042253521
13 0.2586553945249597 0.4732394366197183 0.20249597423510468 0.07183098591549296
13 0.35909822866344604 0.3392605633802817 0.08293075684380032 0.14049295774647888
13 0.3603059581320451 0.34982394366197184 0.07568438003220612 0.15246478873239436
0 0.5813204508856683 0.41514084507042254 0.12318840579710146 0.13380281690140844
13 0.24436392914653784 0.4795774647887324 0.18035426731078905 0.09084507042253522
