10 0.1636284722222222 0.5328125 0.06163194444444445 0.08229166666666667
3 0.5316840277777778 0.5076388888888889 0.3776041666666667 0.12986111111111112
3 0.5099826388888888 0.5310763888888889 0.4140625 0.1267361111111111
11 0.1440972222222222 0.55 0.0625 0.04652777777777778
13 0.2608506944444444 0.23194444444444445 0.036458333333333336 0.03263888888888889
10 0.1440972222222222 0.55 0.0625 0.04652777777777778
0 0.5021701388888888 0.325 0.1284722222222222 0.11527777777777778
11 0.5809461805555556 0.19583333333333333 0.10980902777777778 0.03888888888888889
3 0.5394965277777778 0.5147569444444444 0.3810763888888889 0.13229166666666667
0 0.5062934027777778 0.3076388888888889 0.13151041666666666 0.08402777777777778
0 0.509765625 0.321875 0.12196180555555555 0.11180555555555556
