10 0.908935546875 0.8634 0.02880859375 0.0508
10 0.076416015625 0.8532 0.02197265625 0.0392
11 0.334716796875 0.1568 0.12255859375 0.0208
11 0.908935546875 0.8634 0.02880859375 0.0508
13 0.264404296875 0.3236 0.21630859375 0.2096
11 0.076416015625 0.8532 0.02197265625 0.0392
6 0.2744140625 0.335 0.2666015625 0.2524
13 0.2744140625 0.335 0.2666015625 0.2524
11 0.647705078125 0.1474 0.16259765625 0.03
13 0.26513671875 0.3146 0.2294921875 0.2396
11 0.07373046875 0.8512 0.0419921875 0.0448
10 0.07373046875 0.8512 0.0419921875 0.0448
