9 2435.5 1698.5 343.0 1001.0
9 2445.5 1489.0 345.0 1398.0
9 1665.0 289.0 192.0 148.0
9 357.0 1503.0 396.0 1394.0
9 798.5 421.5 189.0 237.0
3 1715.0 1698.5 1024.0 455.0
3 1694.0 1744.0 964.0 552.0
11 2244.0 1586.0 260.0 360.0
9 617.0 1091.0 1016.0 606.0
9 2033.0 900.0 972.0 898.0
3 1703.5 1737.5 1017.0 571.0
7 882.5 1352.5 863.0 1569.0
9 395.5 1604.5 425.0 1175.0
9 2442.5 1647.0 241.0 844.0
10 2244.0 1586.0 260.0 360.0
7 1809.0 1052.0 898.0 1066.0
9 397.5 1596.0 339.0 1104.0
10 2221.0 1577.5 176.0 313.0
0 1466.5 991.0 393.0 338.0
10 2250.5 1713.5 233.0 307.0
