9 0.05035714285714286 0.8050691244239632 0.085 0.338863287250384
9 0.24696428571428572 0.6903225806451613 0.2667857142857143 0.10261136712749616
10 0.8975 0.8175115207373271 0.045 0.08356374807987711
9 0.031071428571428573 0.7357910906298003 0.05357142857142857 0.1443932411674347
11 0.11642857142857142 0.7251920122887865 0.03 0.05683563748079877
10 0.11642857142857142 0.7251920122887865 0.03 0.05683563748079877
11 0.8944642857142857 0.8089093701996928 0.0425 0.08602150537634409
10 0.8944642857142857 0.8089093701996928 0.0425 0.08602150537634409
9 0.0275 0.7290322580645161 0.055 0.1542242703533026
11 0.8975 0.8175115207373271 0.045 0.08356374807987711
11 0.2648214285714286 0.21459293394777265 0.10821428571428572 0.10046082949308756
11 0.7146428571428571 0.17480798771121353 0.075 0.04423963133640553
9 0.2092857142857143 0.6632872503840246 0.09642857142857143 0.06144393241167435
