3 0.557858687815429 0.6391462607544672 0.4711607786589762 0.16446062210456652
7 0.7810021629416006 0.6252481800132362 0.18421052631578946 0.2557908669755129
3 0.5510093727469358 0.6308735936465917 0.46395097332372026 0.09497021839841165
0 0.5711968276856525 0.3879880873593647 0.11355443403028118 0.14262078093977498
0 0.5600216294160058 0.37839179351422897 0.13446286950252342 0.1386499007279947
8 0.7420692141312184 0.5478160158835208 0.11211247296322999 0.10092653871608206
4 0.7303532804614276 0.5456651224354732 0.17447728911319393 0.10125744540039709
7 0.7433309300648883 0.5312706816677697 0.10237923576063446 0.06121773659827928
0 0.5611031002162942 0.3701191264063534 0.1099495313626532 0.10820648577101258
3 0.5510093727469358 0.6297154202514891 0.45457822638788753 0.10919920582395765
