13 0.8109809027777778 0.5173611111111112 0.08289930555555555 0.0375
13 0.2912326388888889 0.44756944444444446 0.140625 0.13958333333333334
0 0.5826822916666666 0.3449652777777778 0.11848958333333333 0.11354166666666667
3 0.5802951388888888 0.5414930555555556 0.4314236111111111 0.11354166666666667
13 0.2541232638888889 0.4361111111111111 0.08897569444444445 0.03888888888888889
13 0.8094618055555556 0.5270833333333333 0.08940972222222222 0.05763888888888889
13 0.3693576388888889 0.33993055555555557 0.04600694444444445 0.07430555555555556
13 0.7957899305555556 0.5305555555555556 0.05859375 0.029861111111111113
13 0.322265625 0.4137152777777778 0.13151041666666666 0.2204861111111111
13 0.341796875 0.4065972222222222 0.0959201388888889 0.21736111111111112
13 0.8428819444444444 0.5043402777777778 0.04774305555555555 0.012847222222222222
3 0.580078125 0.5565972222222222 0.42578125 0.08680555555555555
0 0.5774739583333334 0.32430555555555557 0.1193576388888889 0.07916666666666666
