11 0.5525173611111112 0.278125 0.10850694444444445 0.04722222222222222
3 0.5403645833333334 0.6477430555555556 0.4383680555555556 0.12604166666666666
3 0.53515625 0.6501736111111112 0.4418402777777778 0.10590277777777778
13 0.19921875 0.5623263888888889 0.09461805555555555 0.026041666666666668
3 0.5390625 0.6470486111111111 0.4453125 0.13576388888888888
0 0.5319010416666666 0.4309027777777778 0.1697048611111111 0.16041666666666668
0 0.5256076388888888 0.4310763888888889 0.17274305555555555 0.14548611111111112
7 0.7447916666666666 0.5295138888888888 0.17100694444444445 0.28541666666666665
0 0.5412326388888888 0.42899305555555556 0.15625 0.13854166666666667
13 0.21875 0.5678819444444444 0.12065972222222222 0.05243055555555556
7 0.7398003472222222 0.5185763888888889 0.19227430555555555 0.3454861111111111
7 0.724609375 0.5064236111111111 0.2052951388888889 0.36909722222222224
