11 0.694385593220339 0.13051470588235295 0.1451271186440678 0.041666666666666664
13 0.19456214689265536 0.6378676470588235 0.1228813559322034 0.16237745098039216
13 0.3977754237288136 0.2190563725490196 0.05755649717514124 0.17340686274509803
11 0.3462217514124294 0.12867647058823528 0.16772598870056496 0.051470588235294115
11 0.3854166666666667 0.12224264705882353 0.15360169491525424 0.04044117647058824
13 0.3956567796610169 0.20894607843137256 0.04766949152542373 0.15625
8 0.21716101694915255 0.22763480392156862 0.012711864406779662 0.015318627450980392
0 0.6002824858757062 0.3359375 0.1016949152542373 0.09895833333333333
11 0.6882062146892656 0.13664215686274508 0.12782485875706215 0.05269607843137255
11 0.6972104519774012 0.13710171568627452 0.13312146892655366 0.036458333333333336
0 0.5852754237288136 0.3541666666666667 0.1352401129943503 0.13664215686274508
11 0.3848870056497175 0.13403799019607843 0.17231638418079095 0.04503676470588235
