13 2149.5 955.0 559.0 896.0
1 2102.5 818.0 629.0 390.0
11 2038.0 564.0 534.0 268.0
13 2143.0 876.0 380.0 232.0
9 1028.5 1918.5 199.0 215.0
10 2263.0 2060.0 310.0 358.0
10 2308.0 2079.5 232.0 227.0
11 2308.0 2079.5 232.0 227.0
11 2263.0 2060.0 310.0 358.0
4 1080.5 1874.0 269.0 282.0
11 2379.5 2125.5 127.0 193.0
9 1496.0 1558.0 366.0 1250.0
13 2102.5 818.0 629.0 390.0
1 2078.5 548.0 523.0 310.0
13 1069.0 1862.0 318.0 344.0
6 2143.0 876.0 380.0 232.0
1 2149.5 955.0 559.0 896.0
10 2379.5 2125.5 127.0 193.0
6 1069.0 1862.0 318.0 344.0
4 1069.0 1862.0 318.0 344.0
