11 0.8650952858575727 0.6437793427230047 0.06787027749916416 0.11795774647887323
11 0.045804078903376795 0.775674882629108 0.034102306920762285 0.058392018779342726
13 0.7639585422935473 0.2794894366197183 0.22668004012036108 0.26848591549295775
13 0.3430290872617854 0.1987969483568075 0.1631561350718823 0.17752347417840375
13 0.3214643931795386 0.22065727699530516 0.1855566700100301 0.14847417840375587
13 0.7769976596456035 0.2841842723004695 0.2086258776328987 0.2579225352112676
10 0.8555667001003009 0.6776701877934272 0.09227683049147442 0.11179577464788733
11 0.8555667001003009 0.6776701877934272 0.09227683049147442 0.11179577464788733
10 0.045804078903376795 0.775674882629108 0.034102306920762285 0.058392018779342726
1 0.7592778335005015 0.2711267605633803 0.23269809428284854 0.3221830985915493
13 0.7592778335005015 0.2711267605633803 0.23269809428284854 0.3221830985915493
10 0.8664326312270144 0.6509683098591549 0.06787027749916416 0.07247652582159625
13 0.35021731862253425 0.1970363849765258 0.256435974590438 0.13937793427230047
11 0.8664326312270144 0.6509683098591549 0.06787027749916416 0.07247652582159625
11 0.6200267469073888 0.15595657276995306 0.08726178535606821 0.11238262910798122
10 0.8650952858575727 0.6437793427230047 0.06787027749916416 0.11795774647887323
7 0.6200267469073888 0.15595657276995306 0.08726178535606821 0.11238262910798122
