13 0.6874751491053678 0.26344086021505375 0.12803180914512924 0.13851992409867173
9 0.7920477137176939 0.7041429475015812 0.1988071570576541 0.11922833649588868
7 0.6982107355864812 0.2713472485768501 0.13518886679920478 0.10309930423782417
8 0.6964214711729623 0.27213788741302974 0.1268389662027833 0.09392789373814042
11 0.756858846918489 0.2618595825426945 0.2858846918489066 0.17141049968374447
11 0.7141153081510935 0.20145477545857052 0.19721669980119283 0.05945604048070841
10 0.882703777335984 0.7228020240354206 0.027037773359840953 0.05977229601518026
8 0.7866799204771372 0.6450031625553447 0.040159045725646124 0.03700189753320683
8 0.6982107355864812 0.2713472485768501 0.13518886679920478 0.10309930423782417
8 0.6642147117296223 0.46220746363061355 0.05606361829025845 0.06040480708412397
7 0.7558648111332008 0.33270082226438963 0.05646123260437376 0.05186590765338393
8 0.24652087475149106 0.6576533839342188 0.04532803180914513 0.03320683111954459
8 0.7819085487077535 0.6446869070208728 0.04095427435387674 0.031309297912713474
8 0.7558648111332008 0.33270082226438963 0.05646123260437376 0.05186590765338393
11 0.37733598409542746 0.178842504743833 0.18131212723658052 0.04712207463630613
11 0.882703777335984 0.7228020240354206 0.027037773359840953 0.05977229601518026
10 0.756858846918489 0.7786211258697027 0.29542743538767396 0.23592662871600253
7 0.6874751491053678 0.26344086021505375 0.12803180914512924 0.13851992409867173
11 0.7288270377733599 0.22359266287160026 0.2552683896620278 0.10436432637571158
8 0.7532803180914512 0.33349146110056926 0.048111332007952284 0.03700189753320683
