5 0.2737101669195751 0.4639235569422777 0.2704855842185129 0.7055382215288611
0 0.5572837632776935 0.3012870514820593 0.09408194233687406 0.10803432137285492
3 0.5847875569044007 0.7006630265210608 0.38277693474962066 0.156396255850234
3 0.579855842185129 0.7168486739469578 0.41084977238239756 0.17784711388455537
0 0.5531107738998483 0.30070202808112323 0.1039453717754173 0.10530421216848673
9 0.7027693474962063 0.48147425897035884 0.3144916540212443 0.6930577223088924
2 0.5739757207890743 0.3301482059282371 0.028831562974203338 0.03315132605304212
9 0.2737101669195751 0.4639235569422777 0.2704855842185129 0.7055382215288611
3 0.5878224582701063 0.7020280811232449 0.37822458270106224 0.14898595943837753
5 0.7027693474962063 0.48147425897035884 0.3144916540212443 0.6930577223088924
