10 0.6480034722222222 0.4876736111111111 0.21006944444444445 0.21215277777777777
11 0.09483506944444445 0.6710069444444444 0.06032986111111111 0.053125
10 0.0935329861111111 0.665625 0.05685763888888889 0.07222222222222222
11 0.0935329861111111 0.665625 0.05685763888888889 0.07222222222222222
13 0.2664930555555556 0.234375 0.10243055555555555 0.1388888888888889
0 0.4869791666666667 0.28506944444444443 0.078125 0.07013888888888889
0 0.478515625 0.2748263888888889 0.0837673611111111 0.057291666666666664
10 0.6662326388888888 0.5069444444444444 0.21614583333333334 0.3368055555555556
10 0.10199652777777778 0.6708333333333333 0.058159722222222224 0.0875
10 0.6508246527777778 0.49809027777777776 0.21571180555555555 0.2795138888888889
0 0.4769965277777778 0.29618055555555556 0.0954861111111111 0.09861111111111111
13 0.2482638888888889 0.21319444444444444 0.12239583333333333 0.09861111111111111
10 0.09483506944444445 0.6710069444444444 0.06032986111111111 0.053125
11 0.2651909722222222 0.14704861111111112 0.0859375 0.03159722222222222
13 0.2769097222222222 0.234375 0.11024305555555555 0.14166666666666666
11 0.10199652777777778 0.6708333333333333 0.058159722222222224 0.0875
