3 0.553466796875 0.6378 0.39599609375 0.1244
8 0.79150390625 0.6284 0.0390625 0.0328
3 0.5517578125 0.6542 0.3984375 0.122
8 0.791015625 0.6312 0.0458984375 0.032
8 0.219970703125 0.6528 0.05517578125 0.0392
7 0.25439453125 0.6428 0.1806640625 0.1464
8 0.793701171875 0.6318 0.03759765625 0.0332
8 0.216064453125 0.6536 0.04541015625 0.0288
6 0.25439453125 0.6428 0.1806640625 0.1464
8 0.214599609375 0.6562 0.03955078125 0.0284
5 0.267578125 0.5376 0.25390625 0.3944
0 0.564453125 0.3892 0.134765625 0.1256
0 0.570068359375 0.3662 0.10595703125 0.074
0 0.56396484375 0.3842 0.1435546875 0.098
