13 840.0 390.5 118.0 203.0
13 701.5 1276.5 279.0 139.0
13 816.5 377.0 121.0 236.0
11 769.0 291.5 170.0 49.0
10 1785.0 1471.5 186.0 269.0
0 1234.0 617.5 224.0 247.0
10 1819.5 1507.5 263.0 415.0
0 1219.0 610.0 236.0 224.0
10 317.0 1503.5 182.0 403.0
13 671.0 1236.5 346.0 215.0
7 456.5 1415.5 317.0 155.0
13 583.5 1250.0 465.0 160.0
10 489.5 1498.5 399.0 181.0
11 347.5 1479.5 169.0 167.0
10 1743.0 1472.5 258.0 285.0
11 1785.0 1471.5 186.0 269.0
0 1238.5 650.0 213.0 276.0
10 347.5 1479.5 169.0 167.0
