12 0.15299479166666666 0.5880208333333333 0.17057291666666666 0.10659722222222222
10 0.07356770833333333 0.6453125 0.09852430555555555 0.11284722222222222
11 0.14322916666666666 0.36354166666666665 0.1579861111111111 0.2111111111111111
11 0.2999131944444444 0.23802083333333332 0.20052083333333334 0.058680555555555555
7 0.2573784722222222 0.25711805555555556 0.17274305555555555 0.08784722222222222
7 0.3172743055555556 0.4857638888888889 0.07899305555555555 0.0875
7 0.1599392361111111 0.48663194444444446 0.17578125 0.1295138888888889
7 0.2183159722222222 0.328125 0.3350694444444444 0.25277777777777777
10 0.2133246527777778 0.6689236111111111 0.3328993055555556 0.071875
11 0.2183159722222222 0.328125 0.3350694444444444 0.25277777777777777
10 0.1818576388888889 0.6647569444444444 0.2743055555555556 0.10243055555555555
