10 0.8485299590621511 0.7521753681392236 0.04391514700409378 0.04049531459170013
9 0.1207666542612579 0.6522757697456493 0.07778191291403051 0.024096385542168676
11 0.8332713062895423 0.7505020080321285 0.05284704131001117 0.06994645247657295
0 0.5336806847785635 0.2965194109772423 0.10643840714551545 0.10307898259705489
9 0.5870859694826944 0.21987951807228914 0.04652028284331969 0.0321285140562249
10 0.8332713062895423 0.7505020080321285 0.05284704131001117 0.06994645247657295
13 0.7108299218459249 0.6576305220883534 0.10718273167100856 0.15863453815261044
11 0.8288053591365836 0.7416331994645248 0.04763676963155936 0.050870147255689425
9 0.5828061034611091 0.2215528781793842 0.05359136583550428 0.03681392235609103
11 0.8485299590621511 0.7521753681392236 0.04391514700409378 0.04049531459170013
10 0.8288053591365836 0.7416331994645248 0.04763676963155936 0.050870147255689425
9 0.11797543729065872 0.6526104417670683 0.09229624116114626 0.0214190093708166
