6 0.2532552083333333 0.3454861111111111 0.21484375 0.15208333333333332
6 0.7094184027777778 0.28958333333333336 0.17057291666666666 0.18819444444444444
13 0.2690972222222222 0.371875 0.13194444444444445 0.13055555555555556
13 0.3129340277777778 0.20225694444444445 0.029513888888888888 0.06631944444444444
13 0.3166232638888889 0.2092013888888889 0.022135416666666668 0.06076388888888889
13 0.6690538194444444 0.303125 0.19401041666666666 0.22430555555555556
13 0.2756076388888889 0.37482638888888886 0.15104166666666666 0.14618055555555556
6 0.2521701388888889 0.39479166666666665 0.2144097222222222 0.25972222222222224
6 0.6981336805555556 0.27239583333333334 0.13585069444444445 0.16354166666666667
13 0.2437065972222222 0.4496527777777778 0.2113715277777778 0.017361111111111112
13 0.2582465277777778 0.32760416666666664 0.24479166666666666 0.2454861111111111
