7 0.3343904157857646 0.3149396735273243 0.1937984496124031 0.12526614620298085
0 0.5755813953488372 0.264194464158978 0.11522198731501057 0.11674946770759403
11 0.341261451726568 0.09421575585521647 0.06730091613812544 0.01738821859474805
10 0.24911909795630727 0.5014194464158978 0.324876673713883 0.5081618168914124
10 0.2584566596194503 0.40170333569907735 0.3273431994362227 0.5926188786373314
4 0.3620507399577167 0.33339247693399576 0.10253699788583509 0.11036195883605394
11 0.23167723749119098 0.17796309439318667 0.08985200845665962 0.13023420865862315
7 0.359584214235377 0.3356990773598297 0.10465116279069768 0.13484740951029098
13 0.2751937984496124 0.25106458481192334 0.15644820295983086 0.04435770049680625
10 0.2808315715292459 0.4354151880766501 0.3594080338266385 0.673527324343506
13 0.2820648343904158 0.2540809084457062 0.12931642001409444 0.0695528743789922
7 0.30655391120507397 0.3195528743789922 0.24806201550387597 0.14868701206529453
