6 0.2764612954186414 0.6934591604295477 0.20616113744075829 0.20891636836967134
11 0.346563981042654 0.1869508623494956 0.14099526066350712 0.05109013992840872
4 0.25908372827804105 0.4718516108037748 0.12796208530805686 0.08851285388870811
6 0.7253159557661928 0.4157175398633257 0.15205371248025276 0.20338431500162707
3 0.6113744075829384 0.7310445818418484 0.5450236966824644 0.21965506020175724
3 0.6097946287519748 0.7598438008460787 0.5631911532385466 0.1861373250894891
11 0.35485781990521326 0.1975268467295802 0.1481042654028436 0.0488122356003905
7 0.2727093206951027 0.4715261958997722 0.15442338072669826 0.10348193947282786
3 0.610387045813586 0.7447120078099577 0.542259083728278 0.19817767653758542
7 0.2685624012638231 0.47591929710380737 0.14691943127962084 0.11031565245688253
0 0.5675355450236966 0.373250894890986 0.1287519747235387 0.1073869183208591
0 0.57326224328594 0.3698340383989587 0.11729857819905214 0.08037748128864303
