11 0.7376302083333334 0.6513888888888889 0.04383680555555555 0.05347222222222222
10 0.05078125 0.8157986111111111 0.0546875 0.07395833333333333
5 0.236328125 0.4666666666666667 0.3754340277777778 0.6673611111111111
5 0.7317708333333334 0.43246527777777777 0.3576388888888889 0.5982638888888889
13 0.2736545138888889 0.2328125 0.2730034722222222 0.16493055555555555
10 0.9129774305555556 0.7618055555555555 0.04383680555555555 0.058333333333333334
5 0.23719618055555555 0.43767361111111114 0.3901909722222222 0.6038194444444445
5 0.755859375 0.46076388888888886 0.3736979166666667 0.6451388888888889
11 0.05078125 0.8157986111111111 0.0546875 0.07395833333333333
5 0.19444444444444445 0.5779513888888889 0.2048611111111111 0.11909722222222222
9 0.7428385416666666 0.6546875 0.04123263888888889 0.051041666666666666
6 0.7658420138888888 0.23333333333333334 0.1584201388888889 0.10208333333333333
6 0.2736545138888889 0.2328125 0.2730034722222222 0.16493055555555555
11 0.9129774305555556 0.7618055555555555 0.04383680555555555 0.058333333333333334
