12 0.2585604472396925 0.45624812706023377 0.3549965059399022 0.6152232544201378
12 0.2643256464011181 0.4496553790830087 0.3602375960866527 0.5906502846868444
11 0.6420335429769392 0.15672759964039557 0.10027952480782669 0.047347917290979924
13 0.6289308176100629 0.15178303865747678 0.07337526205450734 0.02607132154629907
3 0.5969601677148847 0.6281090800119868 0.4119496855345912 0.125262211567276
11 0.676450034940601 0.1540305663769853 0.10621942697414395 0.04015582858855259
0 0.5740740740740741 0.31525322145639795 0.09993011879804332 0.0905004495055439
11 0.27620545073375263 0.18070122864848667 0.0737246680642907 0.043751872939766255
12 0.2555904961565339 0.44051543302367396 0.38259958071278827 0.6353011687144141
11 0.6289308176100629 0.15178303865747678 0.07337526205450734 0.02607132154629907
