8 1567.0 1364.0 40.0 34.0
8 518.0 1038.5 34.0 43.0
8 667.5 1232.0 71.0 50.0
8 422.0 1435.5 44.0 49.0
11 767.0 333.5 168.0 49.0
8 425.0 1441.0 36.0 42.0
8 1409.5 640.0 59.0 60.0
8 1580.0 970.0 34.0 36.0
7 389.0 1542.5 236.0 409.0
8 817.0 1284.5 56.0 55.0
8 434.0 913.5 24.0 25.0
8 1501.0 1230.5 74.0 67.0
8 513.5 1036.0 41.0 44.0
8 374.0 1492.0 46.0 48.0
8 699.0 1598.0 94.0 104.0
7 1698.0 1505.0 214.0 392.0
11 778.5 336.5 193.0 51.0
8 1409.0 866.5 68.0 81.0
13 563.5 805.5 329.0 449.0
8 1411.0 646.0 48.0 40.0
8 483.5 1339.0 59.0 62.0
8 486.0 1351.5 46.0 43.0
8 432.5 913.5 35.0 29.0
11 1339.0 380.0 258.0 84.0
8 489.5 1350.0 43.0 42.0
8 1595.5 829.5 37.0 35.0
8 927.5 1450.0 87.0 94.0
11 773.5 349.0 215.0 66.0
8 1498.5 1228.0 89.0 90.0
