7 1779.0 1038.5 308.0 399.0
13 1779.0 1038.5 308.0 399.0
10 2222.0 1847.5 76.0 135.0
8 1779.0 1038.5 308.0 399.0
0 1528.5 811.5 319.0 329.0
9 789.0 922.5 80.0 75.0
6 755.0 1553.5 626.0 677.0
8 1768.0 1050.5 362.0 461.0
6 1793.5 1032.5 315.0 483.0
9 799.5 1804.5 377.0 103.0
10 2223.0 1841.5 154.0 165.0
11 2187.5 1834.5 123.0 227.0
7 794.5 929.0 101.0 50.0
0 1533.0 784.0 342.0 278.0
0 1543.5 839.0 291.0 360.0
11 2222.0 1847.5 76.0 135.0
10 2187.5 1834.5 123.0 227.0
11 2223.0 1841.5 154.0 165.0
4 1768.0 1050.5 362.0 461.0
