11 0.5911330049261084 0.09280575539568345 0.05582922824302135 0.03884892086330935
0 0.5915435139573071 0.28129496402877696 0.14532019704433496 0.17625899280575538
0 0.5843596059113301 0.25989208633093525 0.1473727422003284 0.12841726618705035
3 0.5761494252873564 0.6080935251798562 0.46921182266009853 0.16870503597122302
2 0.5486453201970444 0.2102517985611511 0.03489326765188834 0.01618705035971223
9 0.21921182266009853 0.3597122302158273 0.04351395730706076 0.030215827338129497
2 0.5919540229885057 0.27302158273381294 0.047619047619047616 0.04316546762589928
13 0.1639983579638752 0.5296762589928058 0.01929392446633826 0.011151079136690648
3 0.5767651888341544 0.6258992805755396 0.47865353037766833 0.15035971223021583
3 0.5806650246305419 0.6271582733812949 0.4995894909688013 0.1866906474820144
13 0.21921182266009853 0.3597122302158273 0.04351395730706076 0.030215827338129497
0 0.5823070607553367 0.26618705035971224 0.15804597701149425 0.14028776978417265
