7 0.23366141732283466 0.2506510416666667 0.04921259842519685 0.059244791666666664
8 0.3669291338582677 0.3802083333333333 0.049606299212598425 0.04296875
2 0.5809055118110236 0.2841796875 0.020866141732283464 0.025390625
11 0.618503937007874 0.13346354166666666 0.115748031496063 0.022786458333333332
0 0.5553149606299213 0.2955729166666667 0.10354330708661418 0.08919270833333333
7 0.2795275590551181 0.4059244791666667 0.048031496062992125 0.026692708333333332
8 0.2781496062992126 0.40673828125 0.046062992125984255 0.021809895833333332
13 0.2858267716535433 0.43359375 0.06692913385826772 0.08203125
8 0.4196850393700787 0.3889973958333333 0.051181102362204724 0.035807291666666664
7 0.2511811023622047 0.22900390625 0.08267716535433071 0.1025390625
11 0.34921259842519686 0.13785807291666666 0.1031496062992126 0.025065104166666668
8 0.3643700787401575 0.3811848958333333 0.05078740157480315 0.037760416666666664
8 0.3643700787401575 0.380859375 0.0594488188976378 0.041666666666666664
