8 1710.0 1160.0 56.0 62.0
8 569.5 1770.0 33.0 44.0
8 1873.0 1520.0 138.0 74.0
8 597.0 840.0 134.0 116.0
13 541.0 763.0 240.0 310.0
8 1849.5 1533.0 81.0 78.0
8 1973.5 1279.5 81.0 63.0
3 1273.5 1905.0 1085.0 456.0
8 623.5 868.0 81.0 68.0
8 392.5 2132.5 75.0 77.0
8 415.0 1621.5 74.0 71.0
11 786.0 178.5 330.0 95.0
8 303.0 1710.5 72.0 73.0
0 1310.5 839.0 321.0 374.0
8 450.0 1801.0 94.0 92.0
8 394.5 1897.5 123.0 111.0
8 1913.0 1741.5 58.0 49.0
8 2033.5 2067.5 167.0 167.0
8 299.0 1709.5 92.0 57.0
8 1912.0 1511.5 58.0 57.0
8 385.0 2135.0 84.0 86.0
8 716.5 1632.5 133.0 139.0
8 592.0 1150.0 88.0 70.0
8 569.0 815.0 78.0 68.0
8 419.5 1613.5 65.0 91.0
8 677.5 1894.5 87.0 81.0
8 1603.5 957.5 39.0 51.0
8 335.0 2029.0 90.0 64.0
3 1272.0 1922.5 1102.0 397.0
11 783.5 168.5 245.0 103.0
8 2034.0 2055.5 184.0 145.0
8 349.0 2045.5 96.0 93.0
8 408.5 1616.5 71.0 69.0
8 397.5 1902.5 139.0 111.0
8 454.0 1799.0 82.0 104.0
8 885.5 2282.0 189.0 214.0
8 1707.5 1162.0 59.0 60.0
8 389.5 1356.0 57.0 64.0
11 238.5 2364.0 119.0 144.0
8 1966.0 1279.0 52.0 58.0
8 297.0 1713.0 100.0 58.0
0 1289.0 798.5 326.0 305.0
8 716.0 663.0 82.0 86.0
0 1299.0 812.0 308.0 298.0
11 1540.5 160.0 293.0 74.0
8 389.0 1973.5 230.0 435.0
