5 0.21180555555555555 0.43506944444444445 0.2387152777777778 0.5319444444444444
5 0.626953125 0.4001736111111111 0.3138020833333333 0.4934027777777778
5 0.2269965277777778 0.44895833333333335 0.2248263888888889 0.3972222222222222
3 0.4869791666666667 0.5529513888888888 0.4288194444444444 0.11215277777777778
0 0.5054253472222222 0.26614583333333336 0.1072048611111111 0.09895833333333333
3 0.4878472222222222 0.5357638888888889 0.4444444444444444 0.13194444444444445
3 0.4884982638888889 0.5713541666666667 0.4292534722222222 0.13993055555555556
0 0.494140625 0.2644097222222222 0.13151041666666666 0.12118055555555556
5 0.212890625 0.4652777777777778 0.23133680555555555 0.3909722222222222
5 0.6473524305555556 0.4185763888888889 0.2287326388888889 0.415625
5 0.6460503472222222 0.43194444444444446 0.23046875 0.38125
0 0.4937065972222222 0.25416666666666665 0.10633680555555555 0.07083333333333333
