8 0.2712673611111111 0.38645833333333335 0.17274305555555555 0.13819444444444445
11 0.17491319444444445 0.6913194444444445 0.020833333333333332 0.0375
3 0.5503472222222222 0.6262152777777777 0.4522569444444444 0.09895833333333333
10 0.17491319444444445 0.6913194444444445 0.020833333333333332 0.0375
11 0.6822916666666666 0.12395833333333334 0.12065972222222222 0.027083333333333334
0 0.5904947916666666 0.3154513888888889 0.10546875 0.12465277777777778
8 0.255859375 0.38871527777777776 0.1896701388888889 0.13090277777777778
7 0.255859375 0.38871527777777776 0.1896701388888889 0.13090277777777778
11 0.3606770833333333 0.12795138888888888 0.15885416666666666 0.04131944444444444
3 0.55859375 0.6309027777777778 0.4557291666666667 0.10416666666666667
0 0.5733506944444444 0.30399305555555556 0.13020833333333334 0.10034722222222223
13 0.34375 0.6098958333333333 0.057291666666666664 0.021180555555555557
8 0.2745225694444444 0.38958333333333334 0.16102430555555555 0.13472222222222222
11 0.3585069444444444 0.12413194444444445 0.1519097222222222 0.04131944444444444
