10 0.6981336805555556 0.43038194444444444 0.3111979166666667 0.3260416666666667
11 0.1733940972222222 0.6102430555555556 0.05772569444444445 0.065625
7 0.6918402777777778 0.2581597222222222 0.2612847222222222 0.14479166666666668
8 0.5575086805555556 0.334375 0.1254340277777778 0.1361111111111111
10 0.7046440972222222 0.40815972222222224 0.3146701388888889 0.4954861111111111
10 0.1733940972222222 0.6102430555555556 0.05772569444444445 0.065625
10 0.18619791666666666 0.6263888888888889 0.0720486111111111 0.052083333333333336
7 0.71484375 0.3295138888888889 0.20052083333333334 0.11041666666666666
10 0.7300347222222222 0.4800347222222222 0.24131944444444445 0.346875
11 0.18619791666666666 0.6263888888888889 0.0720486111111111 0.052083333333333336
