13 0.695447409733124 0.21890547263681592 0.11538461538461539 0.10820895522388059
13 0.7109497645211931 0.20320273631840796 0.1597331240188383 0.1644900497512438
13 0.35302197802197804 0.24191542288557213 0.12755102040816327 0.13930348258706468
13 0.6938775510204082 0.20149253731343283 0.17032967032967034 0.1517412935323383
13 0.33202511773940346 0.21377487562189054 0.16169544740973313 0.17941542288557213
11 0.2859105180533752 0.15080845771144277 0.09693877551020408 0.054104477611940295
11 0.29160125588697017 0.14816542288557213 0.1271585557299843 0.07120646766169154
11 0.6622841444270016 0.11240671641791045 0.07182103610675039 0.02643034825870647
11 0.28865777080062793 0.14225746268656717 0.13383045525902668 0.05752487562189055
11 0.7213500784929356 0.1326181592039801 0.14835164835164835 0.06623134328358209
13 0.33653846153846156 0.20226990049751245 0.16130298273155416 0.17817164179104478
11 0.7521585557299842 0.1515858208955224 0.07888540031397175 0.04508706467661692
