13 0.2300347222222222 0.3498263888888889 0.21961805555555555 0.22118055555555555
11 0.6243489583333334 0.2484375 0.23567708333333334 0.09756944444444444
11 0.6809895833333334 0.2517361111111111 0.13020833333333334 0.075
13 0.23177083333333334 0.3302083333333333 0.203125 0.1375
11 0.1911892361111111 0.3333333333333333 0.2443576388888889 0.21944444444444444
11 0.2267795138888889 0.25833333333333336 0.11848958333333333 0.08888888888888889
13 0.6545138888888888 0.35833333333333334 0.1814236111111111 0.1798611111111111
7 0.6243489583333334 0.2484375 0.23567708333333334 0.09756944444444444
13 0.23958333333333334 0.3486111111111111 0.21614583333333334 0.17847222222222223
11 0.3131510416666667 0.23194444444444445 0.10807291666666667 0.049305555555555554
11 0.6141493055555556 0.23072916666666668 0.1701388888888889 0.07048611111111111
13 0.6692708333333334 0.3171875 0.20833333333333334 0.13159722222222223
13 0.669921875 0.3689236111111111 0.23133680555555555 0.25243055555555555
