0 0.578125 0.715843023255814 0.47737068965517243 0.10901162790697674
8 0.826239224137931 0.6177325581395349 0.029633620689655173 0.030038759689922482
8 0.8084590517241379 0.6841085271317829 0.02209051724137931 0.018410852713178296
8 0.6813038793103449 0.4580910852713178 0.029633620689655173 0.027616279069767442
0 0.5759698275862069 0.3628875968992248 0.1497844827586207 0.14631782945736435
8 0.7839439655172413 0.5467538759689923 0.15086206896551724 0.2553294573643411
0 0.5797413793103449 0.34375 0.11853448275862069 0.09641472868217055
0 0.5703125 0.34617248062015504 0.140625 0.10513565891472869
8 0.2330280172413793 0.5641957364341085 0.03178879310344827 0.02374031007751938
8 0.7330280172413793 0.4953972868217054 0.01993534482758621 0.01695736434108527
8 0.2823275862068966 0.4997577519379845 0.11314655172413793 0.16521317829457363
3 0.5751616379310345 0.7131782945736435 0.4735991379310345 0.15503875968992248
8 0.7567349137931034 0.6395348837209303 0.026400862068965518 0.01937984496124031
3 0.5719288793103449 0.6916182170542635 0.45851293103448276 0.10513565891472869
