13 0.8116338439095551 0.4798288508557457 0.08935083880379285 0.06356968215158924
10 0.27297592997811815 0.42053789731051344 0.34974471188913203 0.5580684596577017
7 0.3026987600291758 0.29614914425427874 0.19474835886214442 0.230440097799511
0 0.5685630926331146 0.3433679706601467 0.1349380014587892 0.1023838630806846
10 0.27078774617067836 0.5397310513447433 0.30452224653537563 0.4095354523227384
7 0.2908460977388767 0.2973716381418093 0.24544128373450036 0.2438875305623472
11 0.22702407002188185 0.242359413202934 0.18198395331874545 0.17787286063569682
7 0.3198395331874544 0.3575794621026895 0.16557257476294676 0.1008557457212714
10 0.2861050328227571 0.4883863080684597 0.2811816192560175 0.41625916870415647
13 0.8167396061269147 0.4724938875305624 0.09008023340627279 0.07579462102689487
13 0.8001458789204959 0.45415647921760394 0.11889132020423049 0.12897310513447433
3 0.6039387308533917 0.6086491442542787 0.43471918307804525 0.203239608801956
