13 0.2664388020833333 0.4361979166666667 0.06868489583333333 0.021484375
3 0.60302734375 0.5773111979166666 0.3844401041666667 0.10188802083333333
11 0.63525390625 0.17171223958333334 0.14029947916666666 0.037434895833333336
13 0.2745768229166667 0.4305013020833333 0.06803385416666667 0.037434895833333336
3 0.5999348958333334 0.5576171875 0.3723958333333333 0.119140625
13 0.2722981770833333 0.4361979166666667 0.0810546875 0.033854166666666664
11 0.3880208333333333 0.17366536458333334 0.11458333333333333 0.017252604166666668
0 0.5813802083333334 0.3279622395833333 0.07552083333333333 0.10904947916666667
0 0.5802408854166666 0.30322265625 0.08365885416666667 0.0654296875
0 0.5812174479166666 0.3138020833333333 0.08365885416666667 0.080078125
3 0.6070963541666666 0.5784505208333334 0.3854166666666667 0.14127604166666666
11 0.4248046875 0.16536458333333334 0.07942708333333333 0.031901041666666664
