9 1888.5 1899.0 103.0 188.0
9 1983.5 1611.5 93.0 191.0
9 1862.5 1631.0 329.0 752.0
9 1751.0 1081.0 96.0 156.0
9 2029.0 1443.0 160.0 376.0
9 2053.0 1307.0 88.0 138.0
2 2029.0 1443.0 160.0 376.0
9 1573.0 1486.5 80.0 141.0
9 1828.5 1457.5 143.0 141.0
11 1372.5 605.5 467.0 129.0
9 1759.0 1093.0 138.0 124.0
0 1188.5 1060.5 245.0 249.0
9 1848.5 1686.5 147.0 175.0
9 1486.0 1056.0 84.0 132.0
9 1524.5 1275.5 171.0 157.0
2 1983.5 1611.5 93.0 191.0
9 1878.5 1885.5 133.0 223.0
9 1809.5 1223.0 101.0 242.0
9 1839.0 1459.0 140.0 168.0
2 2053.0 1307.0 88.0 138.0
9 1843.5 1675.5 127.0 183.0
