2 0.25181535269709543 0.25875407166123776 0.17064315352697096 0.19503257328990228
7 0.21265560165975103 0.48656351791530944 0.1275933609958506 0.31514657980456023
11 0.23677385892116182 0.38680781758957655 0.23703319502074688 0.4828990228013029
10 0.1558609958506224 0.6881107491856677 0.10529045643153527 0.08631921824104234
11 0.23884854771784234 0.4134771986970684 0.2546680497925311 0.5582247557003257
11 0.1558609958506224 0.6881107491856677 0.10529045643153527 0.08631921824104234
2 0.24688796680497926 0.2640472312703583 0.13796680497925312 0.13070032573289903
4 0.2191390041493776 0.49735342019543977 0.12188796680497925 0.24633550488599348
11 0.1275933609958506 0.7031758957654723 0.09336099585062241 0.08631921824104234
11 0.26556016597510373 0.2552931596091205 0.29564315352697096 0.251628664495114
13 0.2066908713692946 0.4839169381107492 0.16441908713692946 0.3277687296416938
