5 0.7650891632373114 0.44084967320261437 0.19821673525377229 0.338562091503268
8 0.6742112482853223 0.41094771241830064 0.09053497942386832 0.12450980392156863
3 0.5732167352537723 0.5478758169934641 0.4351851851851852 0.13431372549019607
5 0.3100137174211248 0.3946078431372549 0.1673525377229081 0.22058823529411764
3 0.5718449931412894 0.5480392156862746 0.4441015089163237 0.1450980392156863
0 0.5691015089163237 0.3468954248366013 0.10528120713305898 0.119281045751634
9 0.2836076817558299 0.515686274509804 0.29218106995884774 0.0718954248366013
9 0.28858024691358025 0.556045751633987 0.31927297668038407 0.12908496732026145
6 0.34482167352537724 0.3758169934640523 0.147119341563786 0.2235294117647059
3 0.5665294924554184 0.5813725490196079 0.4499314128943759 0.20784313725490197
