0 0.6256510416666666 0.2576497395833333 0.10091145833333333 0.09212239583333333
3 0.603515625 0.5948893229166666 0.3430989583333333 0.09993489583333333
2 0.27978515625 0.3115234375 0.11555989583333333 0.20182291666666666
9 0.27978515625 0.3115234375 0.11555989583333333 0.20182291666666666
9 0.5187174479166666 0.45166015625 0.06412760416666667 0.3922526041666667
5 0.6236979166666666 0.2630208333333333 0.10416666666666667 0.10872395833333333
3 0.5983072916666666 0.5712890625 0.3541666666666667 0.1328125
9 0.2727864583333333 0.2744140625 0.15950520833333334 0.26953125
0 0.6236979166666666 0.2630208333333333 0.10416666666666667 0.10872395833333333
0 0.6256510416666666 0.2721354166666667 0.09440104166666667 0.12825520833333334
