3 0.5899003623188406 0.6674923780487805 0.3944746376811594 0.10861280487804878
9 0.46127717391304346 0.5806021341463414 0.07835144927536232 0.26714939024390244
1 0.46127717391304346 0.5806021341463414 0.07835144927536232 0.26714939024390244
6 0.8235960144927537 0.6674923780487805 0.07835144927536232 0.14977134146341464
0 0.6105072463768116 0.3711890243902439 0.09057971014492754 0.07317073170731707
6 0.35529891304347827 0.6882621951219512 0.07744565217391304 0.06707317073170732
13 0.2651721014492754 0.6185213414634146 0.028532608695652172 0.01753048780487805
7 0.46127717391304346 0.5806021341463414 0.07835144927536232 0.26714939024390244
0 0.6062047101449275 0.39233993902439024 0.11277173913043478 0.12233231707317073
0 0.6016757246376812 0.37347560975609756 0.10552536231884058 0.08384146341463415
