8 962.5 1766.5 45.0 59.0
10 467.5 2266.0 99.0 188.0
11 2465.5 1415.5 605.0 775.0
9 738.0 2092.5 270.0 133.0
10 517.0 2231.0 176.0 224.0
9 2426.5 1547.0 161.0 398.0
7 2481.5 1462.0 541.0 676.0
11 2450.0 2300.0 262.0 112.0
13 742.0 1580.5 148.0 155.0
9 2656.5 1567.5 159.0 409.0
8 2213.0 1199.5 730.0 735.0
7 883.5 1072.0 455.0 622.0
13 783.0 1721.5 448.0 481.0
11 2481.5 1462.0 541.0 676.0
9 875.0 1062.0 438.0 592.0
11 1930.0 372.0 272.0 150.0
11 883.5 1072.0 455.0 622.0
8 803.0 1641.0 368.0 168.0
2 2453.5 2293.5 229.0 103.0
11 842.0 1071.0 468.0 544.0
11 2566.0 856.0 96.0 150.0
13 883.5 1072.0 455.0 622.0
11 467.5 2266.0 99.0 188.0
7 2566.0 856.0 96.0 150.0
13 822.5 1730.0 239.0 100.0
11 517.0 2231.0 176.0 224.0
2 2450.0 2300.0 262.0 112.0
8 756.5 1913.0 63.0 62.0
0 1775.0 1009.5 340.0 391.0
11 2470.5 2298.5 291.0 135.0
11 581.0 1906.0 320.0 782.0
