6 0.2783269961977186 0.5637019230769231 0.19923954372623573 0.20352564102564102
10 0.1897338403041825 0.6985176282051282 0.09429657794676806 0.14543269230769232
6 0.29011406844106463 0.5220352564102564 0.2539923954372624 0.4407051282051282
13 0.29011406844106463 0.5220352564102564 0.2539923954372624 0.4407051282051282
7 0.3066539923954373 0.5270432692307693 0.2961977186311787 0.41225961538461536
10 0.7878326996197719 0.5801282051282052 0.17718631178707225 0.32211538461538464
7 0.7581749049429658 0.49979967948717946 0.17186311787072242 0.1390224358974359
10 0.791254752851711 0.5925480769230769 0.16653992395437262 0.28125
7 0.7811787072243346 0.5152243589743589 0.15095057034220533 0.24519230769230768
6 0.3066539923954373 0.5270432692307693 0.2961977186311787 0.41225961538461536
8 0.2849809885931559 0.35596955128205127 0.08022813688212928 0.0733173076923077
3 0.5627376425855514 0.5993589743589743 0.3726235741444867 0.1987179487179487
13 0.7581749049429658 0.49979967948717946 0.17186311787072242 0.1390224358974359
10 0.8093155893536121 0.5568910256410257 0.13422053231939163 0.31650641025641024
7 0.2783269961977186 0.5637019230769231 0.19923954372623573 0.20352564102564102
