10 0.2521158854166667 0.6497395833333334 0.032877604166666664 0.037760416666666664
13 0.3395182291666667 0.5380859375 0.22916666666666666 0.23893229166666666
13 0.3338216145833333 0.4342447916666667 0.19759114583333334 0.4095052083333333
3 0.5888671875 0.57421875 0.3059895833333333 0.11848958333333333
2 0.6067708333333334 0.5499674479166666 0.022135416666666668 0.0244140625
6 0.3395182291666667 0.5380859375 0.22916666666666666 0.23893229166666666
6 0.6990559895833334 0.435546875 0.1552734375 0.20247395833333334
5 0.3338216145833333 0.4342447916666667 0.19759114583333334 0.4095052083333333
9 0.6067708333333334 0.5499674479166666 0.022135416666666668 0.0244140625
11 0.37939453125 0.13020833333333334 0.054361979166666664 0.03515625
0 0.5768229166666666 0.2696940104166667 0.08723958333333333 0.08561197916666667
9 0.5924479166666666 0.5890299479166666 0.029296875 0.0322265625
11 0.2521158854166667 0.6497395833333334 0.032877604166666664 0.037760416666666664
0 0.5828450520833334 0.2652994791666667 0.0732421875 0.08138020833333333
6 0.3240559895833333 0.4772135416666667 0.18717447916666666 0.29296875
9 0.5361328125 0.4954427083333333 0.13802083333333334 0.5169270833333334
11 0.6560872395833334 0.14046223958333334 0.13248697916666666 0.050455729166666664
13 0.3240559895833333 0.4772135416666667 0.18717447916666666 0.29296875
9 0.6061197916666666 0.548828125 0.026041666666666668 0.030598958333333332
13 0.7044270833333334 0.4664713541666667 0.19921875 0.32421875
9 0.51513671875 0.4978841145833333 0.10188802083333333 0.2900390625
5 0.7044270833333334 0.4664713541666667 0.19921875 0.32421875
6 0.69873046875 0.4361979166666667 0.12727864583333334 0.16731770833333334
13 0.6990559895833334 0.435546875 0.1552734375 0.20247395833333334
0 0.5773111979166666 0.2750651041666667 0.08365885416666667 0.107421875
