3 0.5825301204819278 0.6269667032564947 0.5096385542168674 0.17233809001097694
9 0.8618473895582329 0.641602634467618 0.06746987951807229 0.08086351994145627
0 0.5971887550200803 0.40376875228686426 0.26907630522088355 0.2762532016099524
13 0.20662650602409638 0.6017197219173069 0.11285140562248996 0.0464690815953165
13 0.8618473895582329 0.641602634467618 0.06746987951807229 0.08086351994145627
3 0.5809236947791164 0.6470911086717892 0.4895582329317269 0.12989388949871936
7 0.8618473895582329 0.641602634467618 0.06746987951807229 0.08086351994145627
0 0.6092369477911647 0.37778997438712036 0.242570281124498 0.19136480058543726
13 0.22570281124497993 0.6009879253567508 0.14377510040160643 0.06622758873033296
9 0.6092369477911647 0.37778997438712036 0.242570281124498 0.19136480058543726
13 0.20381526104417672 0.606110501280644 0.1216867469879518 0.05159165751920966
0 0.6052208835341365 0.37998536406878886 0.26184738955823295 0.225759238931577
