0 0.5803437967115097 0.39004010695187163 0.13079222720478326 0.14371657754010694
7 0.23878923766816143 0.4675802139037433 0.09043348281016443 0.0768716577540107
13 0.2556053811659193 0.5660093582887701 0.21076233183856502 0.3786764705882353
7 0.22122571001494767 0.44986631016042783 0.12406576980568013 0.11096256684491979
0 0.5846412556053812 0.37483288770053474 0.12593423019431987 0.12332887700534759
8 0.24813153961136025 0.5578208556149733 0.029895366218236172 0.02606951871657754
8 0.2533632286995516 0.4809491978609626 0.044095665171898356 0.038101604278074866
11 0.6892750373692078 0.18165106951871657 0.11472346786248132 0.03375668449197861
5 0.2556053811659193 0.5660093582887701 0.21076233183856502 0.3786764705882353
13 0.22122571001494767 0.44986631016042783 0.12406576980568013 0.11096256684491979
