10 0.211 0.5542218543046358 0.327 0.25579470198675497
4 0.26175 0.5852649006622517 0.3215 0.14403973509933773
10 0.1065 0.5920943708609272 0.128 0.19577814569536423
10 0.91675 0.7173013245033113 0.0545 0.060430463576158944
10 0.08275 0.5471854304635762 0.0795 0.11175496688741722
11 0.91675 0.7173013245033113 0.0545 0.060430463576158944
10 0.914 0.7044701986754967 0.046 0.07947019867549669
11 0.9135 0.695364238410596 0.038 0.052152317880794705
11 0.914 0.7044701986754967 0.046 0.07947019867549669
10 0.9135 0.695364238410596 0.038 0.052152317880794705
7 0.25025 0.5298013245033113 0.2395 0.05132450331125828
