13 720.0 323.0 448.0 406.0
11 634.0 284.5 356.0 341.0
6 2133.5 1596.0 119.0 250.0
11 558.5 328.0 241.0 304.0
0 1370.0 554.0 346.0 414.0
11 2131.0 1387.5 142.0 777.0
11 385.0 1447.5 140.0 539.0
13 721.5 1446.0 125.0 232.0
13 2083.5 1536.0 115.0 170.0
0 1418.0 524.5 238.0 323.0
0 1364.0 518.5 374.0 313.0
13 1674.5 356.5 131.0 215.0
13 685.0 401.0 354.0 354.0
13 596.0 1411.0 378.0 212.0
11 625.5 282.5 287.0 273.0
9 642.0 1410.0 570.0 312.0
11 2131.0 1606.5 118.0 213.0
5 648.5 913.0 479.0 748.0
13 726.0 439.0 348.0 410.0
11 379.0 1647.0 116.0 156.0
11 1599.0 88.5 304.0 77.0
6 469.0 1435.5 172.0 203.0
