0 0.5182291666666666 0.2953125 0.0920138888888889 0.08368055555555555
0 0.4398871527777778 0.36319444444444443 0.23914930555555555 0.21736111111111112
13 0.2191840277777778 0.3998263888888889 0.051215277777777776 0.042708333333333334
13 0.22157118055555555 0.4010416666666667 0.045572916666666664 0.03888888888888889
3 0.5069444444444444 0.5555555555555556 0.3671875 0.11041666666666666
13 0.2693142361111111 0.25885416666666666 0.07335069444444445 0.065625
9 0.673828125 0.5401041666666667 0.23828125 0.0954861111111111
9 0.2693142361111111 0.25885416666666666 0.07335069444444445 0.065625
0 0.5047743055555556 0.31440972222222224 0.1232638888888889 0.11006944444444444
9 0.6809895833333334 0.5729166666666666 0.2925347222222222 0.11527777777777778
