3 0.577755905511811 0.6170247395833334 0.4437007874015748 0.14811197916666666
3 0.5775590551181102 0.60546875 0.4409448818897638 0.18424479166666666
13 0.26968503937007876 0.5569661458333334 0.10866141732283464 0.17643229166666666
0 0.5409448818897638 0.2799479166666667 0.1188976377952756 0.10807291666666667
13 0.7482283464566929 0.3684895833333333 0.07204724409448819 0.10091145833333333
9 0.24566929133858267 0.6416015625 0.07165354330708662 0.048828125
1 0.2641732283464567 0.4138997395833333 0.22440944881889763 0.3837890625
13 0.2641732283464567 0.4138997395833333 0.22440944881889763 0.3837890625
13 0.7525590551181103 0.357421875 0.10433070866141732 0.111328125
11 0.8440944881889764 0.7459309895833334 0.04566929133858268 0.038736979166666664
13 0.7616141732283465 0.36083984375 0.09251968503937008 0.0888671875
13 0.2992125984251969 0.2652994791666667 0.11496062992125984 0.13736979166666666
10 0.8429133858267717 0.7482096354166666 0.026771653543307086 0.048502604166666664
11 0.8429133858267717 0.7482096354166666 0.026771653543307086 0.048502604166666664
4 0.3437007874015748 0.21940104166666666 0.14724409448818898 0.19140625
13 0.28641732283464566 0.3982747395833333 0.21141732283464568 0.4866536458333333
3 0.5769685039370078 0.6328125 0.4468503937007874 0.15299479166666666
10 0.8440944881889764 0.7459309895833334 0.04566929133858268 0.038736979166666664
0 0.5488188976377952 0.2903645833333333 0.131496062992126 0.130859375
0 0.5411417322834645 0.2766927083333333 0.12007874015748031 0.10026041666666667
7 0.3437007874015748 0.21940104166666666 0.14724409448818898 0.19140625
