13 0.3454294901240239 0.14321789321789322 0.12218649517684887 0.0367965367965368
3 0.5999081304547542 0.6554834054834054 0.489664676159853 0.18903318903318903
11 0.3449701423977951 0.13077200577200576 0.13504823151125403 0.03354978354978355
3 0.6067983463481855 0.6495310245310245 0.49517684887459806 0.18578643578643578
11 0.6256316031235646 0.10606060606060606 0.1157556270096463 0.027417027417027416
11 0.09554432705558108 0.7907647907647908 0.05695911805236564 0.0735930735930736
0 0.6093247588424437 0.2990620490620491 0.10702802021129995 0.11471861471861472
11 0.6302250803858521 0.10173160173160173 0.12126779972439136 0.03391053391053391
0 0.6196600826825908 0.28084415584415584 0.08635737253100598 0.0689033189033189
3 0.6001378043178687 0.6697330447330447 0.5029857602204869 0.1424963924963925
11 0.3638033991731741 0.11886724386724387 0.11024345429490125 0.04292929292929293
11 0.6394120349104272 0.11273448773448773 0.10748736793752871 0.031385281385281384
