11 0.34365835777126097 0.11781805745554036 0.09934017595307917 0.04480164158686731
11 0.8097507331378299 0.9121067031463749 0.028592375366568914 0.043091655266757865
10 0.8097507331378299 0.9121067031463749 0.028592375366568914 0.043091655266757865
10 0.12683284457478006 0.7792407660738714 0.04472140762463343 0.10157318741450068
0 0.5645161290322581 0.3088235294117647 0.10190615835777127 0.09917920656634747
10 0.22287390029325513 0.7850547195622435 0.2668621700879765 0.09062927496580027
11 0.8141495601173021 0.9151846785225718 0.022727272727272728 0.05677154582763338
10 0.13049853372434017 0.7735978112175103 0.054252199413489736 0.0786593707250342
11 0.13049853372434017 0.7735978112175103 0.054252199413489736 0.0786593707250342
11 0.39002932551319647 0.10738714090287278 0.12023460410557185 0.032147742818057455
11 0.12683284457478006 0.7792407660738714 0.04472140762463343 0.10157318741450068
10 0.8141495601173021 0.9151846785225718 0.022727272727272728 0.05677154582763338
