0 0.501953125 0.36128472222222224 0.11675347222222222 0.11493055555555555
11 0.8088107638888888 0.6831597222222222 0.07335069444444445 0.0642361111111111
10 0.8088107638888888 0.6831597222222222 0.07335069444444445 0.0642361111111111
10 0.8031684027777778 0.6925347222222222 0.0681423611111111 0.071875
11 0.8177083333333334 0.6850694444444444 0.0546875 0.06527777777777778
0 0.5138888888888888 0.33055555555555555 0.0998263888888889 0.07222222222222222
10 0.8177083333333334 0.6850694444444444 0.0546875 0.06527777777777778
0 0.5069444444444444 0.35920138888888886 0.1310763888888889 0.13368055555555555
7 0.728515625 0.6413194444444444 0.1427951388888889 0.08680555555555555
11 0.8031684027777778 0.6925347222222222 0.0681423611111111 0.071875
