11 0.07101343988376317 0.7745011737089202 0.04031965128950236 0.07130281690140845
10 0.07101343988376317 0.7745011737089202 0.04031965128950236 0.07130281690140845
11 0.24645840900835453 0.22637910798122066 0.0751907010533963 0.049002347417840375
9 0.08554304395205231 0.681631455399061 0.014166363966581911 0.01056338028169014
10 0.9322557210316019 0.8164612676056338 0.05702869596803487 0.07247652582159625
11 0.9322557210316019 0.8164612676056338 0.05702869596803487 0.07247652582159625
11 0.927533599709408 0.8148474178403756 0.05194333454413367 0.04636150234741784
0 0.5791863421721758 0.400674882629108 0.1543770432255721 0.1698943661971831
13 0.2816926988739557 0.335093896713615 0.0904467853250999 0.052230046948356805
10 0.927533599709408 0.8148474178403756 0.05194333454413367 0.04636150234741784
7 0.2775154377043226 0.6142899061032864 0.18452597166727205 0.14700704225352113
9 0.2816926988739557 0.335093896713615 0.0904467853250999 0.052230046948356805
0 0.5797312023247366 0.3770539906103286 0.12786051580094443 0.10622065727699531
0 0.5121685434071922 0.38835093896713613 0.270250635670178 0.14935446009389672
