0 1132.5 876.5 281.0 293.0
8 1660.0 1129.0 214.0 846.0
8 338.5 1187.0 69.0 80.0
8 228.0 1585.0 86.0 74.0
8 415.5 1696.5 93.0 93.0
8 1720.0 1352.0 120.0 132.0
3 1207.5 1678.0 1097.0 492.0
10 1793.5 1728.5 165.0 321.0
3 1214.5 1679.0 1113.0 366.0
3 1157.0 1743.0 1036.0 430.0
8 344.0 941.5 66.0 75.0
8 517.5 953.5 53.0 51.0
11 1793.5 1728.5 165.0 321.0
8 448.0 1106.0 552.0 1248.0
10 1758.0 1733.0 212.0 306.0
8 1591.5 1167.0 69.0 86.0
8 1571.5 1372.0 81.0 76.0
8 330.5 1448.0 107.0 106.0
8 471.0 796.0 86.0 78.0
8 1674.0 1127.0 74.0 90.0
8 1562.5 1124.0 517.0 880.0
8 452.0 1159.5 554.0 1289.0
8 698.5 529.0 65.0 72.0
8 667.5 1232.0 103.0 104.0
7 448.0 1106.0 552.0 1248.0
10 1776.5 1665.0 187.0 190.0
