10 0.13138544891640866 0.6601775956284153 0.12113003095975232 0.1325136612021858
3 0.5301857585139319 0.6077527322404371 0.4434984520123839 0.09733606557377049
13 0.17608359133126936 0.556181693989071 0.1130030959752322 0.036543715846994534
10 0.105843653250774 0.7119193989071039 0.08010835913312693 0.09870218579234973
8 0.5886222910216719 0.44279371584699456 0.0936532507739938 0.07889344262295082
13 0.20104489164086686 0.5514002732240437 0.19156346749226005 0.041325136612021855
7 0.26393188854489164 0.6468579234972678 0.228328173374613 0.12295081967213115
0 0.534249226006192 0.3280396174863388 0.11106811145510836 0.09118852459016394
13 0.19369195046439627 0.554474043715847 0.1729876160990712 0.0351775956284153
11 0.13138544891640866 0.6601775956284153 0.12113003095975232 0.1325136612021858
11 0.105843653250774 0.7119193989071039 0.08010835913312693 0.09870218579234973
0 0.5452786377708978 0.33726092896174864 0.10835913312693499 0.10075136612021858
7 0.7598684210526315 0.3751707650273224 0.13351393188854488 0.18954918032786885
