3 0.5955141129032258 0.6971326164874552 0.4894153225806452 0.15053763440860216
0 0.6179435483870968 0.31832437275985664 0.1502016129032258 0.1196236559139785
3 0.5887096774193549 0.6859318996415771 0.4788306451612903 0.13261648745519714
0 0.6171875 0.33758960573476704 0.14465725806451613 0.16442652329749105
11 0.11265120967741936 0.7327508960573477 0.041834677419354836 0.07034050179211469
7 0.4498487903225806 0.3035394265232975 0.08820564516129033 0.26299283154121866
11 0.6542338709677419 0.183915770609319 0.12399193548387097 0.056899641577060935
10 0.11265120967741936 0.7327508960573477 0.041834677419354836 0.07034050179211469
0 0.6091229838709677 0.31675627240143367 0.16078629032258066 0.12544802867383512
3 0.5819052419354839 0.7016129032258065 0.47127016129032256 0.11917562724014337
