3 0.5325520833333334 0.58447265625 0.4309895833333333 0.15397135416666666
13 0.2705078125 0.3704427083333333 0.05859375 0.034505208333333336
0 0.5486653645833334 0.2674153645833333 0.1025390625 0.1044921875
3 0.5506184895833334 0.5983072916666666 0.3531901041666667 0.13932291666666666
11 0.3782552083333333 0.12386067708333333 0.10807291666666667 0.046549479166666664
7 0.3756510416666667 0.5047200520833334 0.11328125 0.3935546875
0 0.5489908854166666 0.2706705729166667 0.09537760416666667 0.10514322916666667
13 0.2693684895833333 0.3650716145833333 0.06868489583333333 0.039388020833333336
4 0.37060546875 0.43359375 0.09733072916666667 0.0703125
3 0.5260416666666666 0.6041666666666666 0.4166666666666667 0.12044270833333333
11 0.3850911458333333 0.10481770833333333 0.049479166666666664 0.011067708333333334
0 0.5519205729166666 0.25634765625 0.09798177083333333 0.0791015625
