13 2121.5 1052.5 239.0 179.0
12 2354.5 2142.5 309.0 161.0
10 2428.5 2252.5 209.0 127.0
12 2217.5 2184.5 607.0 117.0
9 127.5 1691.5 157.0 953.0
10 2291.0 2283.0 498.0 92.0
12 757.5 1178.0 731.0 676.0
9 760.0 1546.5 862.0 639.0
8 2057.5 1810.0 123.0 180.0
12 669.0 1502.5 1052.0 2249.0
12 2371.5 2185.0 257.0 92.0
12 388.5 2314.5 427.0 737.0
12 740.5 765.0 811.0 790.0
12 355.0 2325.0 340.0 672.0
7 2060.5 1808.0 143.0 142.0
10 2368.0 2188.0 320.0 206.0
6 760.0 1546.5 862.0 639.0
9 110.5 1729.0 171.0 998.0
9 122.5 1708.5 87.0 1017.0
12 375.5 2313.5 445.0 759.0
