11 0.12760416666666666 0.5072916666666667 0.07291666666666667 0.0763888888888889
9 0.2827690972222222 0.41024305555555557 0.12630208333333334 0.15104166666666666
10 0.12760416666666666 0.5072916666666667 0.07291666666666667 0.0763888888888889
0 0.5601128472222222 0.2777777777777778 0.10112847222222222 0.09097222222222222
1 0.2738715277777778 0.39774305555555556 0.1519097222222222 0.190625
11 0.6759982638888888 0.11354166666666667 0.18619791666666666 0.08472222222222223
3 0.5345052083333334 0.5232638888888889 0.48046875 0.14305555555555555
13 0.2738715277777778 0.39774305555555556 0.1519097222222222 0.190625
11 0.3001302083333333 0.11510416666666666 0.09765625 0.03854166666666667
3 0.537109375 0.49496527777777777 0.4431423611111111 0.1517361111111111
0 0.5568576388888888 0.2730902777777778 0.1076388888888889 0.07673611111111112
11 0.703125 0.11510416666666666 0.1076388888888889 0.06493055555555556
10 0.18077256944444445 0.5105902777777778 0.1636284722222222 0.1892361111111111
13 0.2829861111111111 0.39340277777777777 0.1449652777777778 0.16666666666666666
6 0.23958333333333334 0.44947916666666665 0.20399305555555555 0.08368055555555555
11 0.18077256944444445 0.5105902777777778 0.1636284722222222 0.1892361111111111
11 0.7126736111111112 0.12013888888888889 0.09027777777777778 0.05763888888888889
