11 0.3055555555555556 0.12430555555555556 0.13802083333333334 0.050694444444444445
11 0.6048177083333334 0.10868055555555556 0.0802951388888889 0.019444444444444445
2 0.5920138888888888 0.16197916666666667 0.021701388888888888 0.016319444444444445
2 0.5889756944444444 0.16145833333333334 0.016493055555555556 0.01597222222222222
0 0.5512152777777778 0.2998263888888889 0.0763888888888889 0.08020833333333334
0 0.5457899305555556 0.3029513888888889 0.08463541666666667 0.08229166666666667
13 0.625 0.15086805555555555 0.10416666666666667 0.029513888888888888
11 0.6336805555555556 0.11215277777777778 0.125 0.04513888888888889
9 0.3309461805555556 0.5305555555555556 0.07508680555555555 0.19583333333333333
11 0.2990451388888889 0.1234375 0.13541666666666666 0.06701388888888889
