3 0.6460503472222222 0.6689236111111111 0.4778645833333333 0.12256944444444444
8 0.3240017361111111 0.2454861111111111 0.015190972222222222 0.013888888888888888
10 0.8917100694444444 0.7152777777777778 0.039496527777777776 0.05555555555555555
8 0.32421875 0.2456597222222222 0.015625 0.015625
0 0.5863715277777778 0.3246527777777778 0.14322916666666666 0.14305555555555555
3 0.6182725694444444 0.6838541666666667 0.5134548611111112 0.17604166666666668
11 0.8910590277777778 0.7144097222222222 0.03993055555555555 0.06631944444444444
3 0.6356336805555556 0.6598958333333333 0.4830729166666667 0.1829861111111111
7 0.6532118055555556 0.3314236111111111 0.13020833333333334 0.27118055555555554
10 0.8910590277777778 0.7144097222222222 0.03993055555555555 0.06631944444444444
11 0.8917100694444444 0.7152777777777778 0.039496527777777776 0.05555555555555555
0 0.5881076388888888 0.3532986111111111 0.1423611111111111 0.18993055555555555
