8 745.5 1046.0 149.0 126.0
8 1392.5 1205.5 257.0 449.0
8 1606.0 1593.5 226.0 307.0
8 1572.0 2018.0 138.0 166.0
8 1608.0 1587.0 226.0 310.0
11 828.5 521.0 395.0 92.0
8 699.0 820.0 94.0 94.0
13 1572.0 2018.0 138.0 166.0
4 1609.0 1586.5 242.0 319.0
8 1349.5 1075.0 165.0 266.0
11 1457.5 607.5 423.0 227.0
8 698.0 817.0 90.0 84.0
8 372.5 1190.0 55.0 62.0
7 594.5 1279.5 545.0 213.0
4 1392.5 1205.5 257.0 449.0
10 132.5 2352.0 71.0 132.0
8 1609.0 1586.5 242.0 319.0
11 1442.0 538.0 394.0 208.0
7 1392.5 1205.5 257.0 449.0
0 1256.0 994.0 282.0 374.0
10 131.0 2360.5 110.0 125.0
13 1558.5 974.0 285.0 398.0
11 802.5 530.0 343.0 104.0
11 1413.5 523.5 373.0 131.0
0 1266.5 1002.0 283.0 382.0
11 132.5 2352.0 71.0 132.0
8 662.5 1291.5 133.0 137.0
8 748.5 1046.5 137.0 123.0
8 1753.5 1177.5 63.0 53.0
11 811.0 529.5 376.0 89.0
11 131.0 2360.5 110.0 125.0
