0 0.6008333333333333 0.2628333333333333 0.14633333333333334 0.15233333333333332
8 0.7546666666666667 0.515 0.12933333333333333 0.136
0 0.586 0.2715 0.16933333333333334 0.12566666666666668
10 0.7808333333333334 0.4876666666666667 0.123 0.09666666666666666
1 0.35083333333333333 0.3506666666666667 0.10833333333333334 0.06533333333333333
10 0.36683333333333334 0.3545 0.121 0.07433333333333333
3 0.605 0.4548333333333333 0.364 0.17966666666666667
1 0.726 0.45666666666666667 0.14733333333333334 0.10133333333333333
10 0.716 0.4835 0.21333333333333335 0.137
11 0.36683333333333334 0.3545 0.121 0.07433333333333333
4 0.3591666666666667 0.3586666666666667 0.101 0.048666666666666664
