13 0.22032122905027932 0.4138997395833333 0.11452513966480447 0.09537760416666667
8 0.2575069832402235 0.25341796875 0.010824022346368716 0.0126953125
8 0.21927374301675978 0.41796875 0.023743016759776536 0.013671875
11 0.37395251396648044 0.1328125 0.06843575418994413 0.024088541666666668
8 0.2533170391061452 0.40283203125 0.017108938547486033 0.0146484375
11 0.7901536312849162 0.9072265625 0.08379888268156424 0.12044270833333333
8 0.2568086592178771 0.21891276041666666 0.016410614525139665 0.011393229166666666
11 0.1627094972067039 0.86767578125 0.09008379888268156 0.09342447916666667
13 0.20844972067039105 0.3907877604166667 0.1424581005586592 0.0498046875
11 0.14123603351955308 0.86376953125 0.08973463687150839 0.10970052083333333
11 0.12465083798882681 0.8736979166666666 0.13547486033519554 0.142578125
11 0.2032122905027933 0.22688802083333334 0.0356145251396648 0.07552083333333333
13 0.7026885474860335 0.5338541666666666 0.16026536312849163 0.078125
8 0.24563547486033518 0.2639973958333333 0.012918994413407821 0.011067708333333334
13 0.23952513966480446 0.4293619791666667 0.057960893854748605 0.07552083333333333
10 0.7910265363128491 0.8800455729166666 0.06529329608938547 0.0693359375
8 0.28125 0.23746744791666666 0.01920391061452514 0.0126953125
10 0.7730446927374302 0.8986002604166666 0.08589385474860335 0.10123697916666667
11 0.20251396648044692 0.23551432291666666 0.05726256983240224 0.0966796875
11 0.6199371508379888 0.13688151041666666 0.08344972067039107 0.0205078125
11 0.7730446927374302 0.8986002604166666 0.08589385474860335 0.10123697916666667
13 0.25785614525139666 0.24674479166666666 0.07087988826815643 0.060546875
10 0.1627094972067039 0.86767578125 0.09008379888268156 0.09342447916666667
8 0.25942737430167595 0.45751953125 0.020251396648044692 0.015950520833333332
11 0.7910265363128491 0.8800455729166666 0.06529329608938547 0.0693359375
10 0.7901536312849162 0.9072265625 0.08379888268156424 0.12044270833333333
10 0.14123603351955308 0.86376953125 0.08973463687150839 0.10970052083333333
13 0.25855446927374304 0.24479166666666666 0.04643854748603352 0.054036458333333336
10 0.12465083798882681 0.8736979166666666 0.13547486033519554 0.142578125
