8 0.7311811505507956 0.41003671970624234 0.10312117503059975 0.10526315789473684
8 0.7887086903304773 0.41401468788249696 0.02478580171358629 0.02447980416156671
8 0.3254283965728274 0.5682374541003672 0.04314565483476132 0.043451652386780906
8 0.8693390452876377 0.44996940024479803 0.05018359853121175 0.04253365973072215
8 0.811046511627907 0.5856793145654835 0.049265605875152996 0.04039167686658507
8 0.3188494492044064 0.726438188494492 0.0605875152998776 0.10281517747858017
8 0.7293451652386781 0.3020195838433293 0.03580171358629131 0.025703794369645042
8 0.8116585067319462 0.5835373317013464 0.044369645042839655 0.04589963280293757
8 0.3482252141982864 0.45134638922888615 0.025091799265605876 0.027539779681762546
8 0.7656058751529988 0.6508567931456548 0.02386780905752754 0.02447980416156671
7 0.8523561811505508 0.31502447980416154 0.09026927784577723 0.09516523867809057
8 0.8523561811505508 0.31502447980416154 0.09026927784577723 0.09516523867809057
8 0.8702570379436965 0.7285801713586292 0.02447980416156671 0.022031823745410038
8 0.76468788249694 0.3956548347613219 0.04039167686658507 0.04039167686658507
8 0.7305691554467564 0.30033659730722156 0.02968176254589963 0.0302937576499388
8 0.8376682986536108 0.5027539779681762 0.036413708690330476 0.025703794369645042
8 0.8320073439412484 0.5024479804161567 0.04467564259485924 0.033659730722154224
8 0.6765605875152999 0.7489290085679314 0.03733170134638923 0.03763769889840881
7 0.35006119951040393 0.5452876376988984 0.2405140758873929 0.1646266829865361
8 0.732405140758874 0.2995716034271726 0.03335373317013464 0.030599755201958383
7 0.40024479804161567 0.5717564259485924 0.13586291309669524 0.12086903304773562
8 0.8243574051407588 0.3873929008567931 0.042839657282741736 0.03488372093023256
8 0.847001223990208 0.314718482252142 0.0777233782129743 0.09944920440636475
8 0.8231334149326806 0.6067931456548348 0.04222766217870257 0.03610771113831089
8 0.8685740514075887 0.7287331701346389 0.02478580171358629 0.02478580171358629
8 0.3642900856793146 0.5333537331701347 0.24694002447980415 0.24357405140758873
8 0.348531211750306 0.2910036719706242 0.043451652386780906 0.044063647490820076
8 0.8809669522643819 0.6367809057527539 0.022031823745410038 0.019583843329253364
8 0.4969400244798042 0.6782435740514076 0.047123623011015914 0.06150550795593635
7 0.2750917992656059 0.5064259485924113 0.0740514075887393 0.08078335373317014
8 0.31456548347613217 0.693390452876377 0.04222766217870257 0.04222766217870257
8 0.33108935128518974 0.6312729498164015 0.05385556915544676 0.03916768665850673
8 0.3922888616891065 0.44170746634026925 0.04528763769889841 0.04620563035495716
8 0.6969094247246022 0.37652998776009794 0.03457772337821297 0.03090575275397797
8 0.8488372093023255 0.3165544675642595 0.0832313341493268 0.10006119951040392
8 0.8754589963280294 0.6663096695226438 0.02692778457772338 0.02478580171358629
8 0.8145654834761322 0.5843023255813954 0.047123623011015914 0.045593635250917995
8 0.6981334149326806 0.37484700122399023 0.03518971848225214 0.03488372093023256
8 0.8812729498164015 0.6354039167686658 0.016523867809057527 0.01744186046511628
8 0.8235924112607099 0.38310893512851896 0.03518971848225214 0.03610771113831089
8 0.8745410036719706 0.6682986536107711 0.02692778457772338 0.028151774785801713
8 0.8687270501835985 0.4484394124847001 0.05018359853121175 0.04620563035495716
4 0.35006119951040393 0.5452876376988984 0.2405140758873929 0.1646266829865361
8 0.8349143206854345 0.5 0.03396572827417381 0.02876376988984088
8 0.32420440636474906 0.7524479804161567 0.03518971848225214 0.04039167686658507
8 0.3711750305997552 0.4920440636474908 0.030599755201958383 0.025703794369645042
8 0.6910954712362302 0.4265605875152999 0.02968176254589963 0.02876376988984088
8 0.3962668298653611 0.6032741738066095 0.2484700122399021 0.3601591187270502
0 0.6246940024479805 0.33965728274173806 0.10189718482252141 0.11199510403916768
8 0.6906364749082007 0.4248776009791922 0.03671970624235006 0.03396572827417381
8 0.3232864137086903 0.7221542227662179 0.05599755201958384 0.05507955936352509
8 0.8203794369645043 0.38693390452876375 0.042839657282741736 0.03335373317013464
