13 0.7663385826771654 0.4588216145833333 0.19566929133858268 0.3395182291666667
0 0.5633858267716535 0.2975260416666667 0.1377952755905512 0.13541666666666666
13 0.2580708661417323 0.4303385416666667 0.30748031496062994 0.3821614583333333
5 0.7338582677165354 0.458984375 0.27244094488188975 0.3977864583333333
5 0.2263779527559055 0.4462890625 0.2204724409448819 0.3118489583333333
9 0.7663385826771654 0.4588216145833333 0.19566929133858268 0.3395182291666667
0 0.569488188976378 0.2810872395833333 0.10748031496062992 0.09342447916666667
5 0.2580708661417323 0.4303385416666667 0.30748031496062994 0.3821614583333333
13 0.2263779527559055 0.4462890625 0.2204724409448819 0.3118489583333333
5 0.7663385826771654 0.4588216145833333 0.19566929133858268 0.3395182291666667
5 0.26830708661417324 0.4392903645833333 0.27755905511811024 0.3427734375
5 0.7356299212598425 0.4752604166666667 0.2625984251968504 0.4166666666666667
