10 0.11178637200736648 0.8722412185265775 0.08066298342541436 0.07895554864780852
13 0.316390423572744 0.33136462542741685 0.2011049723756906 0.14796394156046005
13 0.7206261510128913 0.314112527199254 0.2677716390423573 0.2794529064345664
13 0.3095764272559853 0.24075225365247124 0.19484346224677718 0.15076157911097296
11 0.11178637200736648 0.8722412185265775 0.08066298342541436 0.07895554864780852
6 0.316390423572744 0.33136462542741685 0.2011049723756906 0.14796394156046005
11 0.10607734806629834 0.8543674230649674 0.03314917127071823 0.02393534348772148
13 0.3095764272559853 0.361050668324526 0.227255985267035 0.2203916692570718
11 0.6786372007366482 0.17702828722412187 0.16464088397790055 0.07677960833074293
11 0.6828729281767956 0.16739198010568854 0.2158379373848987 0.11283804787068698
11 0.3298342541436464 0.22723033882499222 0.22578268876611418 0.13055641902393533
11 0.6703499079189686 0.16910164749766862 0.16279926335174955 0.06589990674541499
13 0.7351749539594844 0.2991917935965185 0.2430939226519337 0.23531240285980728
13 0.7346224677716391 0.2880012433944669 0.22209944751381216 0.19365868821883742
1 0.2965009208103131 0.2270749145166304 0.18047882136279927 0.1196767174386074
13 0.3141804788213628 0.3181535592166615 0.20847145488029467 0.224743549891203
6 0.7346224677716391 0.2880012433944669 0.22209944751381216 0.19365868821883742
