4 0.3288141720896602 0.4322689075630252 0.22740419378163412 0.2272268907563025
0 0.603940708604483 0.3826890756302521 0.12979031091829357 0.10453781512605043
7 0.32953723788864786 0.43546218487394955 0.23608098336948663 0.253781512605042
9 0.07248734634851771 0.6514285714285715 0.13774403470715835 0.3704201680672269
3 0.5761026753434563 0.6383193277310925 0.45806218365871293 0.15798319327731092
9 0.04898770788141721 0.7163025210084034 0.08929862617498192 0.48067226890756304
9 0.31597975415762836 0.10252100840336134 0.1099060014461316 0.11764705882352941
0 0.6032176428054953 0.4089075630252101 0.14569775849602315 0.16168067226890756
7 0.3524945770065076 0.3798319327731092 0.21330441070137382 0.11226890756302521
9 0.3544830079537238 0.32252100840336134 0.25632682574114246 0.2396638655462185
9 0.5059652928416486 0.126890756302521 0.5057845263919016 0.15361344537815125
9 0.7042660882140275 0.09512605042016807 0.0918293564714389 0.133781512605042
9 0.6999276934201012 0.10554621848739495 0.0824295010845987 0.133781512605042
3 0.5853217642805495 0.6418487394957983 0.4945770065075922 0.15966386554621848
9 0.044468546637744036 0.6398319327731092 0.07953723788864786 0.26857142857142857
9 0.31146059291395517 0.12705882352941175 0.12255965292841649 0.16605042016806723
9 0.17154736080983368 0.3072268907563025 0.07628344179320318 0.05781512605042017
