13 1883.5 765.0 379.0 240.0
1 2088.0 729.5 252.0 291.0
13 1923.0 884.0 616.0 612.0
8 448.0 1952.5 114.0 71.0
10 342.5 2197.5 339.0 617.0
8 1886.5 1089.0 205.0 374.0
7 678.0 1194.5 710.0 1411.0
10 2329.5 2856.5 233.0 321.0
1 855.5 591.5 685.0 395.0
4 882.5 1538.0 649.0 1444.0
1 839.5 939.5 473.0 843.0
11 2329.5 2856.5 233.0 321.0
10 2341.5 2889.0 181.0 274.0
8 2222.5 1804.5 77.0 103.0
11 342.5 2197.5 339.0 617.0
13 678.0 1194.5 710.0 1411.0
11 439.0 1443.5 316.0 1353.0
11 780.0 549.0 574.0 274.0
11 522.0 2234.0 586.0 410.0
8 2227.5 1800.0 85.0 100.0
13 1834.5 969.0 601.0 844.0
2 1954.0 761.0 208.0 242.0
2 439.0 1443.5 316.0 1353.0
11 1973.0 549.0 532.0 390.0
2 503.0 1621.0 230.0 888.0
13 503.0 1621.0 230.0 888.0
2 2227.5 1800.0 85.0 100.0
2 1923.0 884.0 616.0 612.0
2 2222.5 1806.0 85.0 120.0
10 440.0 2303.5 506.0 759.0
11 2341.5 2889.0 181.0 274.0
