0 0.65234375 0.35434027777777777 0.09809027777777778 0.09895833333333333
10 0.8795572916666666 0.6942708333333333 0.07421875 0.071875
7 0.33203125 0.5557291666666667 0.14583333333333334 0.10798611111111112
4 0.3216145833333333 0.328125 0.0798611111111111 0.05277777777777778
11 0.3758680555555556 0.18697916666666667 0.1640625 0.05590277777777778
8 0.3159722222222222 0.33402777777777776 0.05642361111111111 0.04375
7 0.3159722222222222 0.33402777777777776 0.05642361111111111 0.04375
11 0.1328125 0.6279513888888889 0.07291666666666667 0.10451388888888889
11 0.3823784722222222 0.18472222222222223 0.15885416666666666 0.050694444444444445
8 0.3216145833333333 0.328125 0.0798611111111111 0.05277777777777778
0 0.6360677083333334 0.37725694444444446 0.1193576388888889 0.12048611111111111
8 0.3194444444444444 0.3324652777777778 0.06597222222222222 0.040625
13 0.3441840277777778 0.2815972222222222 0.1762152777777778 0.15555555555555556
11 0.8795572916666666 0.6942708333333333 0.07421875 0.071875
7 0.3250868055555556 0.5534722222222223 0.2578125 0.12708333333333333
6 0.3298611111111111 0.5621527777777777 0.1657986111111111 0.10833333333333334
11 0.3873697916666667 0.18385416666666668 0.1636284722222222 0.035069444444444445
6 0.345703125 0.34097222222222223 0.16796875 0.1798611111111111
10 0.1328125 0.6279513888888889 0.07291666666666667 0.10451388888888889
6 0.33203125 0.5557291666666667 0.14583333333333334 0.10798611111111112
