10 0.9095507891541886 0.8485074626865672 0.12909753136382032 0.050746268656716415
2 0.6260623229461756 0.23955223880597015 0.11493322541481182 0.10597014925373134
10 0.13334682314852286 0.7875 0.07486847430190206 0.045149253731343285
0 0.604208822339134 0.26921641791044776 0.19506272764063132 0.1742537313432836
10 0.12464589235127478 0.7375 0.10683933630109267 0.09291044776119403
5 0.7913800080938891 0.7833955223880597 0.26102792391744234 0.11455223880597015
5 0.8239579117766087 0.7949626865671642 0.19991906110886282 0.13097014925373135
10 0.19324160259004453 0.7902985074626866 0.3104006475111291 0.2126865671641791
10 0.8265884257385674 0.8184701492537313 0.2537434237150951 0.21455223880597016
5 0.24504249291784702 0.7063432835820895 0.2594091460946985 0.09701492537313433
9 0.37778227438284095 0.4048507462686567 0.20437070012140834 0.6305970149253731
9 0.44698502630513964 0.4375 0.41238365034399027 0.8361940298507463
2 0.6203966005665722 0.25410447761194027 0.14569000404694454 0.16567164179104477
11 0.38263860785107245 0.09869402985074627 0.11452853095912587 0.061567164179104475
9 0.40509915014164305 0.4300373134328358 0.2120598947794415 0.548134328358209
