10 215.0 2346.0 184.0 258.0
9 1387.5 947.5 85.0 43.0
13 1575.5 1488.5 241.0 181.0
10 212.5 2337.0 185.0 302.0
11 1621.0 2416.5 298.0 179.0
1 672.5 984.0 403.0 616.0
13 672.5 984.0 403.0 616.0
2 1615.0 2426.5 270.0 139.0
11 212.5 2337.0 185.0 302.0
10 254.0 2350.5 192.0 179.0
11 641.0 2181.0 374.0 224.0
2 1610.0 2434.0 316.0 126.0
13 1645.0 1415.5 244.0 237.0
11 215.0 2346.0 184.0 258.0
11 1733.5 2456.0 165.0 310.0
13 1425.5 958.5 379.0 397.0
9 922.5 995.0 363.0 754.0
9 905.0 745.5 80.0 75.0
13 677.0 1127.5 348.0 261.0
9 937.5 821.0 285.0 476.0
7 1429.0 851.5 444.0 269.0
11 739.5 824.0 541.0 354.0
10 1658.0 2410.5 214.0 235.0
11 1564.5 865.5 261.0 315.0
1 698.5 871.0 423.0 388.0
13 1667.5 1411.0 117.0 156.0
