13 0.30293801504836976 0.44109681787406907 0.08491580078824794 0.06905890318212593
0 0.5558939448226442 0.3063642518618822 0.1307774991042637 0.11442112389979689
13 0.3034754568255106 0.4361882193635748 0.08455750627015407 0.08361543669600542
13 0.30132568971694734 0.5996953283683142 0.07595843783590112 0.24610697359512526
3 0.6078466499462558 0.6543669600541638 0.45180938731637404 0.14895057549085985
3 0.6099964170548191 0.6514895057549086 0.4525259763525618 0.14658090724441436
3 0.6078466499462558 0.6352403520649966 0.4525259763525618 0.18246445497630331
7 0.27248298101039053 0.5996953283683142 0.06341812970261555 0.05179417738659445
13 0.32694374776065926 0.5770142180094787 0.033321390182730205 0.14319566689234936
13 0.29613041920458616 0.42975626269465134 0.07703332139018274 0.07007447528774544
7 0.20315299175922608 0.6052809749492214 0.05661053385883196 0.037237643872714964
13 0.19419562880687927 0.45599187542315506 0.08097456108921533 0.025050778605280974
13 0.2223217484772483 0.5814150304671631 0.09853099247581512 0.051117129316181446
11 0.13059835184521676 0.6582599864590386 0.07130060910068076 0.12017603249830738
13 0.23092081691150126 0.5854773188896412 0.050519527051236114 0.036222071767095465
