8 0.25592885375494073 0.26516544117647056 0.2490118577075099 0.22426470588235295
6 0.2576581027667984 0.2734375 0.20800395256916995 0.21875
7 0.2522233201581028 0.2672334558823529 0.2564229249011858 0.25045955882352944
7 0.7238142292490118 0.33340992647058826 0.1590909090909091 0.17876838235294118
13 0.7112154150197628 0.3327205882352941 0.1615612648221344 0.14430147058823528
6 0.25592885375494073 0.26516544117647056 0.2490118577075099 0.22426470588235295
13 0.2576581027667984 0.2734375 0.20800395256916995 0.21875
6 0.7238142292490118 0.33340992647058826 0.1590909090909091 0.17876838235294118
6 0.7252964426877471 0.3166360294117647 0.1966403162055336 0.19852941176470587
7 0.7252964426877471 0.3166360294117647 0.1966403162055336 0.19852941176470587
6 0.2522233201581028 0.2672334558823529 0.2564229249011858 0.25045955882352944
