13 0.365234375 0.4204861111111111 0.05772569444444445 0.09097222222222222
3 0.5696614583333334 0.6546875 0.4344618055555556 0.10381944444444445
13 0.2990451388888889 0.33211805555555557 0.2855902777777778 0.25798611111111114
13 0.318359375 0.3454861111111111 0.17578125 0.24791666666666667
3 0.5681423611111112 0.684375 0.4409722222222222 0.1388888888888889
13 0.6566840277777778 0.2920138888888889 0.16145833333333334 0.1388888888888889
9 0.5073784722222222 0.49947916666666664 0.1484375 0.41631944444444446
13 0.3020833333333333 0.33038194444444446 0.2482638888888889 0.21770833333333334
13 0.6380208333333334 0.3138888888888889 0.09809027777777778 0.08888888888888889
13 0.6460503472222222 0.3380208333333333 0.09852430555555555 0.12395833333333334
3 0.5674913194444444 0.6451388888888889 0.4483506944444444 0.10694444444444444
0 0.5590277777777778 0.36822916666666666 0.1032986111111111 0.10798611111111112
