3 0.6115451388888888 0.5961805555555556 0.5112847222222222 0.2375
4 0.3101128472222222 0.4435763888888889 0.14453125 0.09479166666666666
10 0.2979600694444444 0.44131944444444443 0.36328125 0.5472222222222223
3 0.5941840277777778 0.6119791666666666 0.5329861111111112 0.23159722222222223
13 0.2309027777777778 0.36128472222222224 0.07291666666666667 0.033680555555555554
10 0.1859809027777778 0.5055555555555555 0.08897569444444445 0.17569444444444443
7 0.2964409722222222 0.46597222222222223 0.1753472222222222 0.13541666666666666
7 0.296875 0.4027777777777778 0.3168402777777778 0.32083333333333336
10 0.3617621527777778 0.20434027777777777 0.2183159722222222 0.08784722222222222
3 0.6254340277777778 0.6121527777777778 0.4652777777777778 0.19722222222222222
13 0.2437065972222222 0.359375 0.09418402777777778 0.029861111111111113
7 0.3014322916666667 0.3921875 0.1853298611111111 0.2982638888888889
13 0.236328125 0.3602430555555556 0.07074652777777778 0.028125
7 0.3617621527777778 0.20434027777777777 0.2183159722222222 0.08784722222222222
11 0.3578559027777778 0.22170138888888888 0.2747395833333333 0.12048611111111111
