6 469.0 1219.5 438.0 451.0
5 1508.0 783.5 450.0 505.0
13 1522.5 765.5 461.0 553.0
11 1499.0 1556.5 66.0 65.0
6 1522.5 765.5 461.0 553.0
11 188.0 1830.5 74.0 85.0
8 610.0 662.5 174.0 133.0
8 458.0 1078.5 152.0 151.0
13 473.0 725.0 306.0 462.0
6 534.0 1311.5 638.0 625.0
7 663.0 744.0 386.0 346.0
4 455.5 1080.5 191.0 119.0
6 663.0 744.0 386.0 346.0
11 1829.5 1847.5 67.0 71.0
8 1468.5 629.5 223.0 163.0
6 526.0 952.5 604.0 909.0
6 1532.5 767.0 499.0 586.0
13 1508.0 783.5 450.0 505.0
5 526.0 952.5 604.0 909.0
5 469.0 1219.5 438.0 451.0
7 1532.5 767.0 499.0 586.0
8 459.5 1082.5 145.0 115.0
6 1508.0 783.5 450.0 505.0
7 534.0 1311.5 638.0 625.0
