7 0.4379340277777778 0.2984375 0.11371527777777778 0.09756944444444444
7 0.24913194444444445 0.5829861111111111 0.3220486111111111 0.22916666666666666
9 0.611328125 0.3753472222222222 0.10980902777777778 0.09375
4 0.2645399305555556 0.5444444444444444 0.3302951388888889 0.33611111111111114
7 0.2645399305555556 0.5444444444444444 0.3302951388888889 0.33611111111111114
4 0.24913194444444445 0.5829861111111111 0.3220486111111111 0.22916666666666666
8 0.2897135416666667 0.5447916666666667 0.24609375 0.15416666666666667
10 0.08723958333333333 0.7130208333333333 0.05642361111111111 0.05381944444444445
0 0.6121961805555556 0.37447916666666664 0.1150173611111111 0.14618055555555556
7 0.4322916666666667 0.2977430555555556 0.11979166666666667 0.12881944444444443
8 0.4246961805555556 0.2911458333333333 0.11675347222222222 0.08506944444444445
8 0.611328125 0.3753472222222222 0.10980902777777778 0.09375
11 0.08723958333333333 0.7130208333333333 0.05642361111111111 0.05381944444444445
9 0.4246961805555556 0.2911458333333333 0.11675347222222222 0.08506944444444445
9 0.2426215277777778 0.6034722222222222 0.3211805555555556 0.26458333333333334
