3 0.484375 0.6260416666666667 0.4826388888888889 0.15208333333333332
13 0.2484809027777778 0.58125 0.12456597222222222 0.1375
0 0.5340711805555556 0.4095486111111111 0.15234375 0.13506944444444444
1 0.2484809027777778 0.58125 0.12456597222222222 0.1375
9 0.9186197916666666 0.6493055555555556 0.1150173611111111 0.34305555555555556
13 0.1430121527777778 0.4847222222222222 0.05859375 0.05763888888888889
0 0.552734375 0.40086805555555555 0.10894097222222222 0.11979166666666667
6 0.6375868055555556 0.35347222222222224 0.0998263888888889 0.12361111111111112
13 0.24913194444444445 0.5765625 0.12413194444444445 0.1295138888888889
4 0.640625 0.3421875 0.10850694444444445 0.10798611111111112
9 0.2515190972222222 0.584375 0.11675347222222222 0.11805555555555555
7 0.640625 0.3421875 0.10850694444444445 0.10798611111111112
0 0.5319010416666666 0.4036458333333333 0.1401909722222222 0.11770833333333333
9 0.9292534722222222 0.6961805555555556 0.10850694444444445 0.3541666666666667
