7 0.40789889415481834 0.373928231184503 0.07582938388625593 0.23658304223563037
9 0.09304897314375987 0.32788186725944746 0.1665086887835703 0.14512543664655447
0 0.5687203791469194 0.3940933629723722 0.11184834123222749 0.16068593204191806
3 0.5794628751974723 0.6025722451571928 0.3797788309636651 0.13369323594791999
9 0.32622432859399686 0.09622102254684027 0.21706161137440758 0.18736106700539853
9 0.795734597156398 0.3564623690060337 0.3642969984202212 0.16036837091140044
9 0.5235387045813586 0.11590981263893299 0.818957345971564 0.1765639885677993
9 0.46824644549763034 0.3564623690060337 0.9282780410742496 0.19657033979040966
9 0.20726698262243287 0.3431248015242934 0.381042654028436 0.20292156240076215
9 0.5513428120063191 0.09320419180692283 0.875829383886256 0.17878691648142267
9 0.8826224328593997 0.3308986979993649 0.21074249605055292 0.1238488409018736
3 0.569826224328594 0.6098761511590981 0.385781990521327 0.14004445855827247
9 0.6914691943127962 0.10701810098443951 0.22717219589257504 0.20133375674817403
