9 0.5165354330708661 0.4622395833333333 0.08503937007874016 0.41015625
13 0.3187007874015748 0.2529296875 0.05866141732283465 0.060546875
2 0.3035433070866142 0.2687174479166667 0.07480314960629922 0.09733072916666667
0 0.5923228346456693 0.2667643229166667 0.10354330708661418 0.08821614583333333
13 0.2958661417322835 0.2706705729166667 0.06968503937007874 0.09407552083333333
9 0.5031496062992126 0.3907877604166667 0.07480314960629922 0.3623046875
11 0.4200787401574803 0.12809244791666666 0.15433070866141732 0.021158854166666668
7 0.3187007874015748 0.2529296875 0.05866141732283465 0.060546875
13 0.3035433070866142 0.2687174479166667 0.07480314960629922 0.09733072916666667
9 0.5165354330708661 0.3424479166666667 0.13937007874015747 0.4765625
11 0.42913385826771655 0.123046875 0.12598425196850394 0.033203125
