5 0.2900850785340314 0.47543741588156124 0.26210732984293195 0.6022880215343204
5 0.27356020942408377 0.6061574697173621 0.2964659685863874 0.4498654104979812
13 0.2709424083769634 0.24125168236877523 0.05759162303664921 0.04576043068640646
5 0.7421465968586387 0.4453230148048452 0.2755235602094241 0.7520188425302826
5 0.2915575916230366 0.45676312247644685 0.3285340314136126 0.8105652759084792
11 0.3540575916230366 0.11759757738896366 0.09031413612565445 0.06022880215343203
5 0.7696335078534031 0.5497981157469717 0.2244764397905759 0.446164199192463
0 0.56217277486911 0.28785329744279947 0.11976439790575916 0.16588156123822342
11 0.6714659685863874 0.09505383580080753 0.09096858638743456 0.05349932705248991
11 0.4011780104712042 0.08983849259757738 0.11780104712041885 0.028936742934051143
5 0.7652159685863874 0.45558546433378194 0.23592931937172776 0.5928667563930013
0 0.5631544502617801 0.265814266487214 0.11845549738219895 0.14670255720053835
0 0.5660994764397905 0.2506729475100942 0.1099476439790576 0.09623149394347241
