3 0.6048177083333334 0.5961805555555556 0.3728298611111111 0.13125
7 0.8101128472222222 0.5579861111111111 0.16796875 0.18472222222222223
11 0.3791232638888889 0.14201388888888888 0.08897569444444445 0.018055555555555554
11 0.3407118055555556 0.15711805555555555 0.11805555555555555 0.059375
10 0.859375 0.6444444444444445 0.0642361111111111 0.07847222222222222
13 0.8179253472222222 0.6003472222222223 0.04470486111111111 0.09861111111111111
11 0.859375 0.6444444444444445 0.0642361111111111 0.07847222222222222
11 0.3383246527777778 0.16163194444444445 0.1193576388888889 0.06284722222222222
7 0.8051215277777778 0.5651041666666666 0.1875 0.20104166666666667
13 0.8192274305555556 0.5821180555555555 0.09331597222222222 0.10243055555555555
