11 0.11698379140239605 0.8467516319552378 0.06201550387596899 0.10941871308672677
7 0.6775898520084567 0.3304320795772459 0.11839323467230443 0.1405035747590923
10 0.11698379140239605 0.8467516319552378 0.06201550387596899 0.10941871308672677
11 0.34936575052854124 0.1471868200186509 0.13847780126849896 0.03512589368977308
11 0.11962649753347428 0.8343176872862915 0.06307258632840028 0.10133664905191173
11 0.653276955602537 0.14640969847684177 0.13178294573643412 0.02548958657133976
10 0.1726568005637773 0.840223811004041 0.18957011980267793 0.09325458501709667
10 0.7366102889358703 0.5068386695679205 0.2977448907681466 0.656201429903637
10 0.11962649753347428 0.8343176872862915 0.06307258632840028 0.10133664905191173
7 0.3204721634954193 0.6677028287224122 0.08632840028188865 0.12496114392290954
9 0.29686398872445385 0.8019894311470314 0.3491895701198027 0.11874417158843643
0 0.5486257928118393 0.3557662418402238 0.1536293164200141 0.1476530929437364
11 0.673185341789993 0.1425240907677961 0.14129668780831572 0.042586260491140816
11 0.3313953488372093 0.15666770282872242 0.10042283298097252 0.04476220080820641
10 0.7100070472163496 0.49347217904880325 0.3883016208597604 0.5797326701896176
10 0.7241014799154334 0.5121230960522226 0.37561663143058494 0.6779608330742928
7 0.29686398872445385 0.8019894311470314 0.3491895701198027 0.11874417158843643
