10 0.8990442054958184 0.7052474879047265 0.055356431700517725 0.10197245999255676
11 0.8990442054958184 0.7052474879047265 0.055356431700517725 0.10197245999255676
11 0.894663480684986 0.6857089691105321 0.04659498207885305 0.0673613695571269
0 0.5844285145360414 0.42593970971343503 0.15571485463958581 0.16486788239672498
11 0.8886897650338511 0.6937104577595832 0.07925129430505774 0.0788983997022702
11 0.3590203106332139 0.20468924451060663 0.10314615690959777 0.023074060290286566
0 0.5816407805655117 0.4162634908820246 0.15810434090003983 0.15519166356531447
8 0.3267622461170848 0.2843319687383699 0.05296694544006372 0.051358392259024936
8 0.3225806451612903 0.2848902121324898 0.05814416567104739 0.04577595831782657
8 0.32317801672640384 0.286378861183476 0.04818797291915571 0.04875325641979903
0 0.5868180007964954 0.40863416449572015 0.14376742333731582 0.13993301079270562
10 0.8886897650338511 0.6937104577595832 0.07925129430505774 0.0788983997022702
