13 0.6080729166666666 0.17395833333333333 0.036458333333333336 0.1736111111111111
13 0.6063368055555556 0.14878472222222222 0.030381944444444444 0.09618055555555556
8 0.109375 0.4904513888888889 0.036458333333333336 0.015625
0 0.5206163194444444 0.25677083333333334 0.11588541666666667 0.10034722222222223
9 0.11328125 0.4918402777777778 0.03298611111111111 0.017013888888888887
0 0.5201822916666666 0.2855902777777778 0.17057291666666666 0.171875
3 0.5060763888888888 0.5982638888888889 0.4739583333333333 0.1673611111111111
13 0.67578125 0.18802083333333333 0.029513888888888888 0.05798611111111111
13 0.6206597222222222 0.16319444444444445 0.11979166666666667 0.09027777777777778
0 0.5392795138888888 0.2722222222222222 0.13151041666666666 0.13680555555555557
11 0.3070746527777778 0.09305555555555556 0.0993923611111111 0.016666666666666666
8 0.1111111111111111 0.4907986111111111 0.026041666666666668 0.019791666666666666
13 0.6723090277777778 0.1998263888888889 0.03732638888888889 0.09270833333333334
2 0.1111111111111111 0.4907986111111111 0.026041666666666668 0.019791666666666666
