13 0.24107142857142858 0.4201144366197183 0.3130252100840336 0.5558978873239436
1 0.2542016806722689 0.4212147887323944 0.38340336134453784 0.613556338028169
11 0.04884453781512605 0.7273327464788732 0.0661764705882353 0.05413732394366197
1 0.24107142857142858 0.4201144366197183 0.3130252100840336 0.5558978873239436
11 0.056460084033613446 0.730193661971831 0.08350840336134453 0.09154929577464789
10 0.04884453781512605 0.7273327464788732 0.0661764705882353 0.05413732394366197
5 0.21507352941176472 0.42077464788732394 0.3492647058823529 0.590669014084507
13 0.2542016806722689 0.4212147887323944 0.38340336134453784 0.613556338028169
13 0.21507352941176472 0.42077464788732394 0.3492647058823529 0.590669014084507
10 0.056460084033613446 0.730193661971831 0.08350840336134453 0.09154929577464789
11 0.9629726890756303 0.9016285211267606 0.051995798319327734 0.06294014084507042
9 0.2542016806722689 0.4212147887323944 0.38340336134453784 0.613556338028169
4 0.30357142857142855 0.4918573943661972 0.15336134453781514 0.3534330985915493
9 0.24107142857142858 0.4201144366197183 0.3130252100840336 0.5558978873239436
10 0.9629726890756303 0.9016285211267606 0.051995798319327734 0.06294014084507042
