11 1986.5 2333.5 141.0 199.0
10 1971.0 2359.0 192.0 232.0
10 1986.5 2333.5 141.0 199.0
13 713.5 940.5 729.0 995.0
4 673.0 1032.5 686.0 1075.0
11 1958.5 2340.0 197.0 202.0
13 673.0 1032.5 686.0 1075.0
1 673.0 1032.5 686.0 1075.0
11 422.5 2249.0 325.0 328.0
13 1741.5 700.5 355.0 233.0
10 1958.5 2340.0 197.0 202.0
4 722.0 609.5 464.0 263.0
13 1704.5 698.5 461.0 287.0
11 1971.0 2359.0 192.0 232.0
11 373.0 2255.5 262.0 253.0
10 323.0 2233.0 132.0 144.0
13 441.5 1158.0 265.0 422.0
10 373.0 2255.5 262.0 253.0
1 726.5 607.5 431.0 303.0
11 323.0 2233.0 132.0 144.0
10 422.5 2249.0 325.0 328.0
13 1745.5 853.0 501.0 632.0
7 722.0 609.5 464.0 263.0
